16	0	0.04599	0.04586	0.04666	0.01168	0.00134	5.84056E-5	6.89221E-5	6.89221E-5	5.7255E-5	0.00129	0.01187	5.79344E-4	5.71368E-4	3.96856E-4	3.01018E-11
15	0.04599	0	0.04581	0.04661	0.01554	0.00141	6.78272E-5	4.12601E-5	4.12601E-5	1.09193E-5	2.81897E-4	0.00132	3.53889E-4	3.45913E-4	4.83568E-10	4.06979E-4
14	0.04586	0.04581	0	0.04581	0.01619	0.00169	7.12873E-5	4.40132E-5	4.40132E-5	1.23288E-5	3.01535E-4	0.00126	3.45913E-4	8.82704E-10	3.55297E-4	6.0516E-4
13	0.04666	0.04661	0.04581	0	0.01818	0.0022	8.17798E-5	4.3658E-5	4.3658E-5	1.32191E-5	3.70075E-4	0.00136	8.82704E-10	3.55297E-4	3.63273E-4	6.13136E-4
12	0.01168	0.01554	0.01619	0.01818	0	0.04491	0.0458	0.04669	2.70687E-4	2.61801E-4	7.46793E-4	1.62094E-10	0.00118	0.00113	0.00127	0.01743
11	0.00134	0.00141	0.00169	0.0022	0.04491	0	0.04491	0.0458	3.75569E-4	3.66683E-4	4.42579E-11	6.57531E-4	3.35879E-4	2.76603E-4	2.53616E-4	0.00177
10	5.84056E-5	6.78272E-5	7.12873E-5	8.17798E-5	0.0458	0.04491	0	0.04491	3.66683E-4	2.2613E-10	3.61517E-4	2.56881E-4	1.00492E-5	1.01396E-5	9.15205E-6	7.63702E-5
9	6.89221E-5	4.12601E-5	4.40132E-5	4.3658E-5	0.04669	0.0458	0.04491	0	2.2613E-10	3.61517E-4	3.70403E-4	2.65767E-4	2.92776E-5	2.73561E-5	2.68982E-5	6.97624E-5
8	6.89221E-5	4.12601E-5	4.40132E-5	4.3658E-5	2.70687E-4	3.75569E-4	3.66683E-4	2.2613E-10	0	0.04579	0.04579	0.04579	2.92776E-5	2.73561E-5	2.68982E-5	6.97624E-5
7	5.7255E-5	1.09193E-5	1.23288E-5	1.32191E-5	2.61801E-4	3.66683E-4	2.2613E-10	3.61517E-4	0.04579	0	0.04579	0.04579	6.38148E-5	5.7814E-5	5.28244E-5	7.65346E-5
6	0.00129	2.81897E-4	3.01535E-4	3.70075E-4	7.46793E-4	4.42579E-11	3.61517E-4	3.70403E-4	0.04668	0.04579	0	0.04579	0.00168	0.00133	0.00108	0.00173
5	0.01187	0.00132	0.00126	0.00136	1.62094E-10	6.57531E-4	2.56881E-4	2.65767E-4	0.04757	0.04668	0.04579	0	0.01635	0.01493	0.01353	0.01704
4	6.51131E-4	4.25676E-4	3.45913E-4	8.82704E-10	0.00118	3.35879E-4	1.00492E-5	2.92776E-5	2.92776E-5	6.38148E-5	0.00168	0.01635	0	0.04479	0.04559	0.04672
3	5.71368E-4	3.45913E-4	8.82704E-10	3.55297E-4	0.00113	2.76603E-4	1.01396E-5	2.73561E-5	2.73561E-5	5.7814E-5	0.00133	0.01493	0.04479	0	0.04479	0.04592
2	3.96856E-4	4.83568E-10	3.55297E-4	4.3506E-4	0.00127	2.53616E-4	9.15205E-6	2.68982E-5	2.68982E-5	5.28244E-5	0.00108	0.01353	0.04559	0.04479	0	0.0462
1	3.01018E-11	4.06979E-4	6.0516E-4	6.84923E-4	0.01743	0.00177	7.63702E-5	6.97624E-5	6.97624E-5	7.65346E-5	0.00173	0.01704	0.04672	0.04592	0.0462	0
