#t	--	0.7746
0	0.92744	0.7746
1	0.92783	0.7746
2	0.92777	0.77453
3	0.92175	0.77432
4	0.89373	0.77432
5	0.89891	0.77424
6	0.89849	0.77414
7	0.89802	0.7738
8	0.89748	0.77373
9	0.89696	0.77363
10	0.89647	0.77355
11	0.89601	0.77326
12	0.89919	0.77286
13	0.90827	0.7726
14	0.92186	0.77217
15	0.92165	0.77175
16	0.92123	0.77101
17	0.92066	0.77063
18	0.92002	0.77015
19	0.91928	0.76961
20	0.91841	0.76912
21	0.91739	0.76897
22	0.91622	0.76865
23	0.9149	0.76772
24	0.91355	0.76708
25	0.91216	0.76666
26	0.91073	0.76591
27	0.9093	0.76463
28	0.90791	0.76384
29	0.90663	0.76338
30	0.90559	0.76305
31	0.90473	0.7618
32	0.90392	0.76082
33	0.90321	0.76045
34	0.90271	0.75991
35	0.90221	0.75918
36	0.90172	0.75853
37	0.90126	0.75738
38	0.90081	0.75676
39	0.90027	0.75564
40	0.89965	0.75464
41	0.89882	0.75327
42	0.89782	0.75125
43	0.89674	0.7495
44	0.89538	0.74837
45	0.89378	0.74682
46	0.87813	0.74586
47	0.87627	0.74438
48	0.87432	0.74306
49	0.87229	0.74243
50	0.8703	0.74163
51	0.8682	0.74013
52	0.86602	0.73918
53	0.86377	0.73811
54	0.86151	0.73702
55	0.85936	0.73638
56	0.85711	0.73554
57	0.86877	0.73335
58	0.86649	0.73108
59	0.86415	0.72952
60	0.86183	0.72771
61	0.85935	0.72619
62	0.85688	0.72505
63	0.85442	0.72312
64	0.85184	0.72201
65	0.84924	0.7209
66	0.84667	0.71962
67	0.84437	0.71871
68	0.84221	0.71717
69	0.84022	0.71632
70	0.83847	0.71451
71	0.83683	0.71237
72	0.83536	0.71037
73	0.83428	0.70878
74	0.83318	0.70767
75	0.83217	0.70649
76	0.83116	0.70503
77	0.82998	0.70386
78	0.82518	0.702
79	0.82392	0.70012
80	0.81291	0.69909
81	0.80155	0.69776
82	0.79981	0.69694
83	0.79803	0.69531
84	0.7959	0.69417
85	0.7938	0.69284
86	0.79179	0.69173
87	0.78971	0.69092
88	0.78778	0.68865
89	0.78935	0.68793
90	0.78732	0.68627
91	0.79496	0.68536
92	0.8026	0.68408
93	0.80037	0.68347
94	0.79809	0.68254
95	0.79571	0.68202
96	0.79333	0.68121
97	0.79079	0.67985
98	0.78833	0.67865
99	0.78581	0.67768
100	0.78335	0.67637
101	0.78083	0.67462
102	0.77834	0.67341
103	0.77603	0.67252
104	0.77405	0.67054
105	0.77224	0.66951
106	0.77065	0.6676
107	0.76929	0.6663
108	0.76829	0.66484
109	0.76732	0.66386
110	0.76668	0.66278
111	0.76612	0.66242
112	0.7656	0.66063
113	0.76496	0.65889
114	0.76152	0.65787
115	0.76072	0.65612
116	0.75985	0.6549
117	0.75888	0.65322
118	0.75775	0.65164
119	0.75639	0.64996
120	0.75496	0.64805
121	0.75331	0.64695
122	0.75151	0.64598
123	0.74966	0.64462
124	0.74781	0.64316
125	0.74874	0.64227
126	0.7469	0.64046
127	0.74482	0.63928
128	0.74257	0.63774
129	0.74023	0.63686
130	0.73794	0.63615
131	0.73571	0.63478
132	0.73348	0.63282
133	0.73105	0.63176
134	0.72835	0.63062
135	0.72557	0.62897
136	0.72276	0.62821
137	0.71998	0.62633
138	0.71738	0.62382
139	0.7149	0.62203
140	0.71251	0.62111
141	0.71009	0.62002
142	0.70759	0.61861
143	0.70501	0.61723
144	0.70273	0.61618
145	0.70086	0.61461
146	0.69941	0.61283
147	0.69825	0.61148
148	0.69709	0.60965
149	0.69602	0.60856
150	0.69523	0.60792
151	0.69454	0.60625
152	0.69398	0.60478
153	0.69349	0.60334
154	0.69315	0.60222
155	0.69273	0.60087
156	0.69227	0.60027
157	0.69157	0.5975
158	0.69062	0.59576
159	0.68958	0.59439
160	0.68819	0.59358
161	0.68626	0.59249
162	0.68409	0.59108
163	0.68174	0.58981
164	0.67936	0.58804
165	0.67685	0.58613
166	0.67429	0.58437
167	0.67166	0.58307
168	0.66889	0.58152
169	0.66624	0.58062
170	0.66343	0.57921
171	0.66073	0.57827
172	0.65826	0.57719
173	0.65592	0.57632
174	0.65359	0.57588
175	0.65127	0.57497
176	0.64914	0.57383
177	0.64722	0.57129
178	0.64532	0.56982
179	0.64361	0.56849
180	0.64192	0.56759
181	0.6404	0.56633
182	0.63902	0.56471
183	0.63784	0.56326
184	0.63678	0.56222
185	0.6359	0.56121
186	0.63507	0.55941
187	0.63434	0.55845
188	0.63352	0.55671
189	0.63265	0.55562
190	0.63172	0.55469
191	0.63062	0.55384
192	0.62952	0.55284
193	0.62845	0.55114
194	0.62712	0.5504
195	0.62547	0.54974
196	0.62369	0.54908
197	0.62181	0.54716
198	0.61975	0.54536
199	0.61771	0.54416
200	0.61581	0.54263
201	0.61387	0.54105
202	0.61201	0.54004
203	0.61013	0.53902
204	0.60812	0.53783
205	0.60623	0.53726
206	0.60441	0.53615
207	0.60265	0.53545
208	0.60087	0.53409
209	0.59901	0.53347
210	0.59695	0.53269
211	0.59484	0.53244
212	0.59278	0.5317
213	0.59071	0.5307
214	0.58869	0.5296
215	0.58674	0.52885
216	0.58493	0.52777
217	0.58321	0.52624
218	0.58148	0.525
219	0.57994	0.52338
220	0.57861	0.52203
221	0.57757	0.52087
222	0.57671	0.5195
223	0.57594	0.51814
224	0.57528	0.51699
225	0.57472	0.5166
226	0.57421	0.51562
227	0.57371	0.5149
228	0.57279	0.51348
229	0.57233	0.51296
230	0.57182	0.51229
231	0.57128	0.51196
232	0.57067	0.51157
233	0.56995	0.51058
234	0.56905	0.50949
235	0.56793	0.50927
236	0.56669	0.50824
237	0.5654	0.50699
238	0.56393	0.50493
239	0.56247	0.50256
240	0.56086	0.50099
241	0.55904	0.49975
242	0.5572	0.49831
243	0.5553	0.49691
244	0.5532	0.49567
245	0.55105	0.49513
246	0.54895	0.49389
247	0.54681	0.49337
248	0.54463	0.49162
249	0.5425	0.49129
250	0.54074	0.49041
251	0.53868	0.48971
252	0.53681	0.48949
253	0.53487	0.48925
254	0.53262	0.48825
255	0.53087	0.48767
256	0.52934	0.48717
257	0.52794	0.48583
258	0.5266	0.48462
259	0.52544	0.48324
260	0.52446	0.48204
261	0.5236	0.48071
262	0.5224	0.47923
263	0.52128	0.47842
264	0.5205	0.47763
265	0.52058	0.47695
266	0.52036	0.47514
267	0.52005	0.4749
268	0.51969	0.4736
269	0.51934	0.47354
270	0.51894	0.47292
271	0.51831	0.47207
272	0.51758	0.47116
273	0.5171	0.46999
274	0.51643	0.46927
275	0.51533	0.46857
276	0.51368	0.46757
277	0.51191	0.4653
278	0.51015	0.46368
279	0.5083	0.46205
280	0.50648	0.46064
281	0.50461	0.45932
282	0.50273	0.45843
283	0.50073	0.45757
284	0.49886	0.45619
285	0.49711	0.45596
286	0.49537	0.45465
287	0.4936	0.45417
288	0.49191	0.45356
289	0.49018	0.45328
290	0.48855	0.45269
291	0.48684	0.45218
292	0.48526	0.45164
293	0.48237	0.45054
294	0.47729	0.4501
295	0.47606	0.44927
296	0.47494	0.44853
297	0.47407	0.44731
298	0.47342	0.44599
299	0.47289	0.44472
300	0.47249	0.44391
301	0.47226	0.44299
302	0.47211	0.44194
303	0.47193	0.44142
304	0.47326	0.44025
305	0.47701	0.43978
306	0.477	0.43836
307	0.47681	0.43766
308	0.47635	0.43654
309	0.47572	0.4364
310	0.47499	0.43607
311	0.47406	0.43475
312	0.47286	0.43401
313	0.47148	0.43298
314	0.47006	0.43188
315	0.46845	0.43049
316	0.46672	0.42957
317	0.46484	0.42808
318	0.463	0.42691
319	0.4613	0.42542
320	0.45953	0.42424
321	0.4577	0.42287
322	0.45594	0.42191
323	0.45415	0.42128
324	0.45256	0.42037
325	0.45088	0.42007
326	0.44498	0.4193
327	0.44316	0.4185
328	0.44138	0.41742
329	0.43971	0.41732
330	0.43789	0.41706
331	0.43617	0.41645
332	0.43453	0.41562
333	0.43295	0.41499
334	0.43155	0.41331
335	0.43018	0.41209
336	0.42898	0.41129
337	0.43215	0.40992
338	0.4313	0.409
339	0.43054	0.40765
340	0.42985	0.40693
341	0.42928	0.40587
342	0.42882	0.40478
343	0.42836	0.40386
344	0.42799	0.40291
345	0.42763	0.40259
346	0.42733	0.40176
347	0.42707	0.40145
348	0.42679	0.40065
349	0.4263	0.40066
350	0.42561	0.40019
351	0.42471	0.39971
352	0.42376	0.39918
353	0.4227	0.39838
354	0.42148	0.39721
355	0.42017	0.39641
356	0.41879	0.39562
357	0.41723	0.39489
358	0.41557	0.39403
359	0.41374	0.39306
360	0.41205	0.39217
361	0.41043	0.39134
362	0.40894	0.39041
363	0.40744	0.38958
364	0.40577	0.38849
365	0.40415	0.3881
366	0.40246	0.38724
367	0.40071	0.38697
368	0.39891	0.38601
369	0.397	0.38613
370	0.39492	0.38576
371	0.39302	0.3851
372	0.39118	0.38449
373	0.38929	0.3836
374	0.38752	0.38274
375	0.38578	0.38181
376	0.38403	0.38118
377	0.3824	0.38065
378	0.38101	0.37976
379	0.37991	0.37798
380	0.37905	0.37677
381	0.37853	0.37591
382	0.37795	0.3752
383	0.37749	0.37443
384	0.37709	0.37347
385	0.37677	0.37342
386	0.37667	0.37242
387	0.37676	0.37204
388	0.37668	0.37104
389	0.37642	0.37117
390	0.37596	0.37075
391	0.37522	0.37022
392	0.3742	0.3689
393	0.37304	0.36833
394	0.37168	0.36792
395	0.37016	0.36698
396	0.36843	0.36588
397	0.36652	0.3644
398	0.36451	0.36337
399	0.36257	0.36211
400	0.36067	0.36114
401	0.35882	0.36005
402	0.35703	0.35924
403	0.35538	0.35871
404	0.35381	0.35752
405	0.35226	0.35742
406	0.35077	0.35628
407	0.34915	0.35601
408	0.34761	0.35542
409	0.34603	0.35549
410	0.34448	0.35527
411	0.34275	0.35457
412	0.34076	0.35388
413	0.33878	0.35364
414	0.33675	0.35296
415	0.33465	0.35247
416	0.33265	0.35176
417	0.33079	0.35038
418	0.32923	0.34915
419	0.32783	0.34784
420	0.32661	0.34732
421	0.32554	0.34637
422	0.32476	0.34571
423	0.32428	0.3451
424	0.324	0.34418
425	0.32403	0.34391
426	0.32428	0.34308
427	0.32453	0.34285
428	0.32474	0.34219
429	0.32484	0.34198
430	0.3248	0.34187
431	0.32455	0.34169
432	0.32413	0.34147
433	0.32353	0.34091
434	0.32276	0.3403
435	0.32181	0.3396
436	0.32052	0.3389
437	0.31913	0.3378
438	0.3177	0.3366
439	0.3162	0.33584
440	0.3147	0.33467
441	0.31323	0.33395
442	0.31183	0.33357
443	0.3104	0.33313
444	0.30903	0.33234
445	0.30761	0.33246
446	0.30616	0.33188
447	0.30479	0.33188
448	0.30326	0.33129
449	0.30164	0.33125
450	0.3	0.33123
451	0.29833	0.33094
452	0.29662	0.33045
453	0.29485	0.32999
454	0.29307	0.32932
455	0.29139	0.32895
456	0.28994	0.32844
457	0.28875	0.32786
458	0.288	0.32656
459	0.28759	0.32577
460	0.28741	0.32507
461	0.28745	0.32433
462	0.2877	0.32364
463	0.28816	0.32346
464	0.28884	0.32265
465	0.28972	0.32241
466	0.29065	0.32185
467	0.2916	0.32169
468	0.2924	0.32112
469	0.2927	0.32128
470	0.2929	0.32123
471	0.29291	0.32077
472	0.29266	0.32033
473	0.292	0.31974
474	0.29104	0.31911
475	0.28998	0.31868
476	0.28877	0.31779
477	0.28731	0.31665
478	0.28575	0.31557
479	0.28423	0.31473
480	0.28288	0.31408
481	0.28096	0.31325
482	0.27958	0.3124
483	0.27815	0.31204
484	0.27604	0.31152
485	0.2747	0.31134
486	0.27348	0.31058
487	0.27219	0.31079
488	0.27094	0.31004
489	0.26969	0.31016
490	0.26838	0.30981
491	0.26698	0.30928
492	0.26613	0.30902
493	0.26455	0.30838
494	0.26314	0.30779
495	0.26277	0.30737
496	0.2618	0.30646
497	0.26028	0.30474
498	0.2595	0.30387
499	0.25889	0.30324
500	0.25849	0.30245
501	0.25824	0.30179
502	0.25824	0.30139
503	0.25839	0.30087
504	0.25892	0.30028
505	0.25951	0.30003
506	0.2601	0.29959
507	0.2607	0.29983
508	0.26175	0.29935
509	0.26223	0.2992
510	0.2626	0.29888
511	0.26277	0.29844
512	0.26279	0.29802
513	0.26237	0.29744
514	0.26172	0.29676
515	0.26071	0.29639
516	0.25952	0.29594
517	0.25824	0.29455
518	0.25687	0.29352
519	0.25537	0.29217
520	0.25373	0.29159
521	0.24909	0.29091
522	0.24727	0.2901
523	0.24545	0.28974
524	0.24367	0.28913
525	0.24185	0.28883
526	0.24014	0.28794
527	0.23838	0.28802
528	0.23655	0.28737
529	0.23466	0.28719
530	0.23277	0.28684
531	0.23074	0.28631
532	0.23176	0.2858
533	0.2296	0.28516
534	0.22756	0.28473
535	0.22582	0.28387
536	0.22393	0.28312
537	0.22233	0.28246
538	0.22116	0.28127
539	0.22021	0.28046
540	0.21954	0.27968
541	0.21729	0.27879
542	0.21718	0.27829
543	0.21715	0.27801
544	0.21761	0.27776
545	0.21816	0.27785
546	0.21864	0.27734
547	0.21947	0.27759
548	0.22021	0.27711
549	0.2207	0.27703
550	0.22106	0.27652
551	0.22117	0.27611
552	0.22289	0.27556
553	0.2226	0.2748
554	0.2222	0.27393
555	0.2216	0.27376
556	0.22085	0.27259
557	0.21997	0.27163
558	0.21895	0.2704
559	0.21784	0.26939
560	0.21658	0.26905
561	0.21519	0.26841
562	0.21359	0.26795
563	0.21194	0.26754
564	0.21023	0.26724
565	0.20837	0.26702
566	0.20643	0.26661
567	0.20442	0.26694
568	0.20254	0.26644
569	0.20061	0.26641
570	0.19873	0.26595
571	0.19694	0.2657
572	0.1954	0.26516
573	0.1941	0.26453
574	0.19293	0.26382
575	0.19199	0.26342
576	0.19122	0.26226
577	0.19081	0.2611
578	0.19061	0.25968
579	0.19049	0.25898
580	0.19071	0.25831
581	0.19102	0.25779
582	0.19147	0.25746
583	0.19186	0.25715
584	0.19252	0.25688
585	0.19329	0.25677
586	0.19412	0.25667
587	0.19495	0.25683
588	0.19564	0.25639
589	0.19617	0.25633
590	0.19662	0.25607
591	0.19671	0.25574
592	0.19662	0.25517
593	0.19622	0.25472
594	0.19558	0.2537
595	0.19464	0.25349
596	0.1935	0.25254
597	0.19216	0.25172
598	0.19075	0.25054
599	0.18924	0.24981
600	0.18773	0.24901
601	0.18618	0.24839
602	0.18465	0.24819
603	0.18311	0.24811
604	0.18169	0.2478
605	0.18036	0.24771
606	0.17891	0.24747
607	0.17743	0.24772
608	0.17596	0.24747
609	0.17448	0.2477
610	0.17306	0.24727
611	0.17155	0.24688
612	0.17009	0.24637
613	0.16865	0.24564
614	0.16724	0.24479
615	0.16592	0.24438
616	0.16481	0.24333
617	0.16404	0.24256
618	0.16355	0.24139
619	0.16326	0.24069
620	0.16321	0.24044
621	0.16329	0.23996
622	0.16359	0.23978
623	0.16404	0.23971
624	0.16469	0.23972
625	0.16549	0.23978
626	0.16647	0.23964
627	0.16739	0.23943
628	0.16805	0.23919
629	0.16876	0.23934
630	0.16928	0.2389
631	0.16955	0.23815
632	0.16954	0.23792
633	0.1692	0.23709
634	0.16864	0.23633
635	0.16785	0.23597
636	0.16683	0.23499
637	0.16561	0.23407
638	0.16435	0.23308
639	0.16312	0.23252
640	0.16169	0.23218
641	0.16029	0.2315
642	0.15891	0.23139
643	0.15765	0.23111
644	0.15658	0.231
645	0.15542	0.23106
646	0.15427	0.23106
647	0.15319	0.23134
648	0.15201	0.2312
649	0.1508	0.23127
650	0.14964	0.23089
651	0.14845	0.23029
652	0.14731	0.22993
653	0.14613	0.22953
654	0.14511	0.22853
655	0.1442	0.22819
656	0.14352	0.22703
657	0.1431	0.22634
658	0.14283	0.22525
659	0.14297	0.2247
660	0.14329	0.22449
661	0.14373	0.22375
662	0.1443	0.2236
663	0.14496	0.2236
664	0.14574	0.22344
665	0.14646	0.22368
666	0.14708	0.22378
667	0.14768	0.22392
668	0.14808	0.22392
669	0.14826	0.2235
670	0.14812	0.22305
671	0.14775	0.22258
672	0.14725	0.22217
673	0.14646	0.2215
674	0.14554	0.22038
675	0.14462	0.22013
676	0.14361	0.21924
677	0.14257	0.21877
678	0.14153	0.21775
679	0.14065	0.21733
680	0.13985	0.21701
681	0.1391	0.21667
682	0.13833	0.21663
683	0.13762	0.2165
684	0.13702	0.21629
685	0.13643	0.21643
686	0.1358	0.2165
687	0.13516	0.21657
688	0.13456	0.21658
689	0.13393	0.21658
690	0.13322	0.21631
691	0.13256	0.21584
692	0.132	0.21531
693	0.13144	0.21467
694	0.1309	0.21374
695	0.13052	0.21361
696	0.1303	0.21284
697	0.1301	0.21241
698	0.12997	0.21142
699	0.1299	0.21138
700	0.12992	0.21102
701	0.13003	0.21074
702	0.13017	0.2109
703	0.13028	0.21059
704	0.1305	0.21048
705	0.13074	0.2107
706	0.1309	0.21065
707	0.13087	0.21054
708	0.13082	0.21065
709	0.13075	0.21043
710	0.13057	0.21005
711	0.13021	0.2096
712	0.12971	0.2091
713	0.12904	0.20847
714	0.12826	0.20789
715	0.12741	0.2076
716	0.12641	0.20675
717	0.12531	0.20619
718	0.12419	0.20532
719	0.12303	0.2053
720	0.12182	0.2053
721	0.12063	0.20502
722	0.11948	0.2052
723	0.11829	0.20508
724	0.1172	0.20504
725	0.1161	0.20528
726	0.11503	0.20508
727	0.11407	0.20529
728	0.11317	0.20537
729	0.11236	0.20517
730	0.11162	0.2047
731	0.11092	0.20398
732	0.11027	0.20336
733	0.10957	0.20275
734	0.10899	0.20189
735	0.10847	0.20161
736	0.10808	0.20057
737	0.10778	0.19989
738	0.10756	0.19914
739	0.10744	0.19927
740	0.10739	0.19908
741	0.10733	0.19876
742	0.10737	0.19893
743	0.10737	0.19908
744	0.1076	0.19905
745	0.10778	0.19931
746	0.10793	0.19932
747	0.10802	0.19951
748	0.10802	0.1993
749	0.10792	0.1992
750	0.10767	0.19889
751	0.10699	0.1984
752	0.10619	0.19802
753	0.10514	0.19744
754	0.10395	0.19658
755	0.10245	0.19617
756	0.10084	0.19507
757	0.09911	0.19461
758	0.09724	0.19372
759	0.09534	0.19368
760	0.09339	0.1934
761	0.09144	0.1931
762	0.08975	0.19327
763	0.08808	0.19319
764	0.08665	0.19308
765	0.08539	0.19326
766	0.08439	0.19319
767	0.08353	0.19327
768	0.08276	0.19324
769	0.08229	0.1931
770	0.08198	0.19277
771	0.08177	0.19226
772	0.08169	0.19181
773	0.08182	0.1912
774	0.08206	0.19043
775	0.08235	0.18995
776	0.08272	0.1892
777	0.08306	0.18865
778	0.08344	0.18808
779	0.08391	0.18827
780	0.08428	0.18812
781	0.08454	0.18782
782	0.08484	0.18795
783	0.08512	0.1878
784	0.08528	0.18775
785	0.08547	0.18797
786	0.08555	0.18799
787	0.0855	0.18802
788	0.08529	0.18796
789	0.08491	0.18751
790	0.08437	0.18725
791	0.08365	0.18671
792	0.08293	0.18632
793	0.08198	0.18576
794	0.0809	0.18494
795	0.07982	0.18464
796	0.07854	0.18366
797	0.07719	0.18312
798	0.07577	0.18212
799	0.07438	0.18206
800	0.0731	0.18212
801	0.07185	0.18196
802	0.07068	0.18212
803	0.06953	0.18231
804	0.06856	0.18236
805	0.06763	0.18252
806	0.06674	0.18262
807	0.06596	0.18278
808	0.0652	0.18255
809	0.06469	0.18229
810	0.06437	0.1818
811	0.06408	0.18129
812	0.06401	0.18078
813	0.06392	0.18019
814	0.06387	0.17939
815	0.06385	0.17921
816	0.06392	0.17844
817	0.06408	0.17765
818	0.06439	0.17712
819	0.0649	0.17727
820	0.06528	0.17741
821	0.06555	0.17723
822	0.06587	0.17743
823	0.06602	0.17738
824	0.06631	0.17753
825	0.06648	0.1778
826	0.06666	0.1778
827	0.06676	0.17788
828	0.06674	0.17778
829	0.06649	0.17748
830	0.06611	0.17697
831	0.06567	0.17631
832	0.06513	0.17571
833	0.06448	0.17501
834	0.06381	0.17404
835	0.06294	0.17381
836	0.06204	0.17278
837	0.06102	0.1725
838	0.06002	0.17177
839	0.05898	0.17197
840	0.05806	0.17203
841	0.05711	0.17183
842	0.05617	0.17208
843	0.05531	0.17196
844	0.05444	0.17208
845	0.05358	0.17209
846	0.05284	0.17213
847	0.05232	0.17251
848	0.0519	0.17218
849	0.05157	0.17199
850	0.05133	0.17155
851	0.05111	0.17096
852	0.05137	0.17057
853	0.05177	0.16994
854	0.0521	0.16911
855	0.0526	0.1691
856	0.05321	0.16823
857	0.05392	0.1678
858	0.05463	0.16742
859	0.05539	0.16767
860	0.05609	0.16782
861	0.05678	0.16761
862	0.05748	0.16797
863	0.05773	0.16803
864	0.05804	0.16821
865	0.05835	0.16811
866	0.05855	0.1682
867	0.05865	0.1684
868	0.05865	0.16826
869	0.05854	0.168
870	0.05834	0.16764
871	0.05807	0.16694
872	0.05774	0.16639
873	0.05732	0.16585
874	0.05684	0.16491
875	0.05618	0.16482
876	0.05561	0.1641
877	0.05496	0.16376
878	0.05435	0.16323
879	0.05373	0.16345
880	0.05313	0.16347
881	0.05265	0.16328
882	0.05221	0.16329
883	0.05179	0.16339
884	0.05145	0.16336
885	0.05115	0.1635
886	0.05091	0.16349
887	0.05073	0.16369
888	0.05072	0.16344
889	0.05079	0.1632
890	0.05094	0.16274
891	0.0511	0.1622
892	0.05127	0.16172
893	0.05148	0.16139
894	0.05168	0.16068
895	0.05191	0.16064
896	0.05226	0.15987
897	0.0526	0.15947
898	0.0529	0.15893
899	0.05327	0.1592
900	0.05368	0.15925
901	0.05407	0.15914
902	0.05445	0.15948
903	0.05483	0.15935
904	0.0552	0.15947
905	0.05562	0.15959
906	0.05594	0.15961
907	0.0562	0.15988
908	0.0564	0.15958
909	0.05648	0.1593
910	0.05648	0.15896
911	0.05638	0.15839
912	0.0563	0.15785
913	0.05603	0.1575
914	0.05561	0.15678
915	0.05513	0.15704
916	0.05457	0.15626
917	0.05403	0.156
918	0.05343	0.15554
919	0.05291	0.15572
920	0.05245	0.15559
921	0.05203	0.1554
922	0.05155	0.1557
923	0.05098	0.15567
924	0.05056	0.15574
925	0.05029	0.15579
926	0.05005	0.15574
927	0.04993	0.15597
928	0.04986	0.15567
929	0.04984	0.15544
930	0.04985	0.15513
931	0.04985	0.15471
932	0.0499	0.15436
933	0.05002	0.15419
934	0.0503	0.15359
935	0.05054	0.15369
936	0.05076	0.15301
937	0.05119	0.1527
938	0.05161	0.15237
939	0.05207	0.1526
940	0.05255	0.15274
941	0.05308	0.15259
942	0.05356	0.1531
943	0.05385	0.1529
944	0.05408	0.15291
945	0.05415	0.15293
946	0.0543	0.15281
947	0.05442	0.15281
948	0.05438	0.1523
949	0.05427	0.15213
950	0.05413	0.15178
951	0.0539	0.1512
952	0.05349	0.15076
953	0.05297	0.15039
954	0.05243	0.14977
955	0.05182	0.14981
956	0.05118	0.14911
957	0.05047	0.14891
958	0.04971	0.14848
959	0.04885	0.14898
960	0.04802	0.14908
961	0.04711	0.14886
962	0.04625	0.14911
963	0.0454	0.14902
964	0.04466	0.14899
965	0.04375	0.14904
966	0.04304	0.14864
967	0.04241	0.14867
968	0.0418	0.14825
969	0.04123	0.14802
970	0.04064	0.14776
971	0.04006	0.14722
972	0.0394	0.14692
973	0.03862	0.14658
974	0.03795	0.14584
975	0.03726	0.14602
976	0.0367	0.14537
977	0.03597	0.1452
978	0.03523	0.14465
979	0.03448	0.14507
980	0.0337	0.14505
981	0.03298	0.14498
982	0.03218	0.14536
983	0.03148	0.14524
984	0.03096	0.14514
985	0.03027	0.14521
986	0.02962	0.14505
987	0.02915	0.14522
988	0.02865	0.14471
989	0.02809	0.14436
990	0.02749	0.14403
991	0.02694	0.14336
992	0.02642	0.14295
993	0.02594	0.14262
994	0.02553	0.14189
995	0.02508	0.14205
996	0.02488	0.14143
997	0.02482	0.14123
998	0.02478	0.14093
999	0.02491	0.14157
1000	0.02523	0.14167
1001	0.02571	0.14159
1002	0.02621	0.14201
1003	0.02665	0.14188
1004	0.02728	0.14195
1005	0.02796	0.14218
1006	0.02862	0.14187
1007	0.02929	0.14187
1008	0.02978	0.1415
1009	0.03023	0.14114
1010	0.03064	0.14084
1011	0.03097	0.14015
1012	0.03128	0.13971
1013	0.03143	0.13945
1014	0.03157	0.13858
1015	0.03148	0.13867
1016	0.03109	0.13783
1017	0.03072	0.13761
1018	0.03021	0.13731
1019	0.0297	0.1377
1020	0.02909	0.13773
1021	0.02838	0.13758
1022	0.02758	0.138
1023	0.02663	0.13792
1024	0.02577	0.13784
1025	0.02486	0.1379
1026	0.02397	0.13779
1027	0.02325	0.13791
1028	0.02251	0.13738
1029	0.0219	0.13697
1030	0.02136	0.13675
1031	0.02088	0.13605
1032	0.02047	0.13556
1033	0.02022	0.1353
1034	0.02017	0.13457
1035	0.02035	0.13468
1036	0.02073	0.13403
1037	0.02125	0.13414
1038	0.02186	0.13387
1039	0.02258	0.13448
1040	0.02334	0.13464
1041	0.02416	0.13465
1042	0.02508	0.13523
1043	0.02624	0.1351
1044	0.02726	0.1352
1045	0.02814	0.13546
1046	0.02887	0.13544
1047	0.02955	0.13524
1048	0.03008	0.13488
1049	0.03055	0.13457
1050	0.03081	0.13422
1051	0.03088	0.13356
1052	0.03089	0.13297
1053	0.03077	0.13268
1054	0.03034	0.13214
1055	0.02985	0.13201
1056	0.02934	0.13142
1057	0.02874	0.13144
1058	0.028	0.13119
1059	0.02726	0.13166
1060	0.02648	0.13187
1061	0.02569	0.13188
1062	0.02487	0.13234
1063	0.02399	0.13248
1064	0.02306	0.1325
1065	0.02212	0.13265
1066	0.02125	0.13271
1067	0.02039	0.13242
1068	0.01966	0.13205
1069	0.01909	0.13173
1070	0.01866	0.13135
1071	0.01845	0.13072
1072	0.01843	0.13025
1073	0.01857	0.12993
1074	0.01889	0.12936
1075	0.01936	0.12934
1076	0.01998	0.12855
1077	0.0207	0.12869
1078	0.02162	0.12843
1079	0.02257	0.12904
1080	0.0236	0.12918
1081	0.02469	0.12931
1082	0.02556	0.12982
1083	0.0263	0.1299
1084	0.02691	0.12993
1085	0.02733	0.13017
1086	0.02756	0.13007
1087	0.02768	0.12979
1088	0.02757	0.12931
1089	0.02726	0.12882
1090	0.02677	0.12841
1091	0.02618	0.12776
1092	0.02532	0.12719
1093	0.02446	0.12683
1094	0.02355	0.12612
1095	0.0226	0.12611
1096	0.02156	0.12527
1097	0.02052	0.12546
1098	0.01946	0.12518
1099	0.01838	0.12576
1100	0.01731	0.12586
1101	0.01617	0.12578
1102	0.01492	0.12631
1103	0.01375	0.12639
1104	0.01253	0.1263
1105	0.01139	0.1265
1106	0.01038	0.1264
1107	0.00952	0.12621
1108	0.00879	0.12568
1109	0.00815	0.12525
1110	0.00777	0.12488
1111	0.0075	0.12429
1112	0.00747	0.12375
1113	0.00757	0.12338
1114	0.00787	0.12272
1115	0.00839	0.1228
1116	0.00906	0.12211
1117	0.00985	0.12233
1118	0.01077	0.12202
1119	0.01182	0.12266
1120	0.01296	0.12283
1121	0.014	0.12294
1122	0.01499	0.12371
1123	0.01584	0.12388
1124	0.01659	0.12395
1125	0.01721	0.12432
1126	0.01777	0.12432
1127	0.01828	0.12403
1128	0.01865	0.12358
1129	0.01885	0.12298
1130	0.01894	0.1227
1131	0.01893	0.12195
1132	0.01884	0.12133
1133	0.01863	0.12093
1134	0.01844	0.12016
1135	0.01817	0.1201
1136	0.01782	0.11937
1137	0.01732	0.11958
1138	0.01663	0.11951
1139	0.01586	0.12014
1140	0.01491	0.12038
1141	0.0138	0.12049
1142	0.01267	0.12119
1143	0.01155	0.12134
1144	0.0105	0.12152
1145	0.00956	0.12186
1146	0.0089	0.12177
1147	0.00843	0.1216
1148	0.00819	0.12117
1149	0.0082	0.12075
1150	0.00842	0.12043
1151	0.00914	0.11974
1152	0.01008	0.119
1153	0.01113	0.11863
1154	0.01229	0.11789
1155	0.01354	0.11783
1156	0.01477	0.11723
1157	0.01588	0.11754
1158	0.0169	0.11732
1159	0.01781	0.11804
1160	0.01862	0.11826
1161	0.01929	0.11838
1162	0.01965	0.11911
1163	0.01974	0.11912
1164	0.0197	0.11929
1165	0.01952	0.11963
1166	0.01925	0.11959
1167	0.01882	0.11931
1168	0.01827	0.11881
1169	0.01766	0.11808
1170	0.01706	0.11769
1171	0.01639	0.11688
1172	0.01571	0.1162
1173	0.01496	0.11578
1174	0.01434	0.11511
1175	0.01378	0.115
1176	0.01319	0.11422
1177	0.01252	0.11457
1178	0.01197	0.11438
1179	0.01148	0.1151
1180	0.01102	0.11523
1181	0.01046	0.11549
1182	0.00997	0.11613
1183	0.00942	0.11629
1184	0.00905	0.11643
1185	0.00887	0.1168
1186	0.0088	0.11669
1187	0.00886	0.11647
1188	0.00912	0.11607
1189	0.00952	0.11557
1190	0.01011	0.11529
1191	0.01095	0.11463
1192	0.01201	0.11387
1193	0.0131	0.11354
1194	0.01444	0.11291
1195	0.01587	0.11289
1196	0.01722	0.11217
1197	0.01847	0.11254
1198	0.01953	0.11249
1199	0.02065	0.11314
1200	0.02154	0.1134
1201	0.02222	0.11353
1202	0.02266	0.11433
1203	0.02281	0.11452
1204	0.02281	0.11461
1205	0.02253	0.11497
1206	0.02209	0.11486
1207	0.02154	0.11445
1208	0.02091	0.11409
1209	0.0203	0.1135
1210	0.01954	0.11312
1211	0.01879	0.11238
1212	0.01808	0.11172
1213	0.0173	0.11124
1214	0.0166	0.1105
1215	0.01596	0.11046
1216	0.01538	0.10974
1217	0.01471	0.11019
1218	0.01408	0.11003
1219	0.01355	0.11085
1220	0.01318	0.1111
1221	0.01291	0.1112
1222	0.01265	0.112
1223	0.01236	0.11213
1224	0.01201	0.11214
1225	0.01193	0.11255
1226	0.01205	0.11261
1227	0.01229	0.11233
1228	0.01277	0.11177
1229	0.01345	0.1113
1230	0.01421	0.11095
1231	0.01504	0.1102
1232	0.01589	0.10962
1233	0.01699	0.10928
1234	0.01832	0.10871
1235	0.02007	0.1087
1236	0.02161	0.10814
1237	0.02293	0.1086
1238	0.02414	0.10833
1239	0.02519	0.10918
1240	0.02604	0.10944
1241	0.02666	0.10957
1242	0.02704	0.1102
1243	0.02714	0.11028
1244	0.02699	0.11032
1245	0.02656	0.11059
1246	0.02571	0.11035
1247	0.02482	0.10994
1248	0.0239	0.10941
1249	0.02295	0.10898
1250	0.02197	0.10869
1251	0.02089	0.10796
1252	0.0199	0.1074
1253	0.01901	0.10706
1254	0.01829	0.10652
1255	0.01762	0.10658
1256	0.01702	0.10592
1257	0.01658	0.10632
1258	0.01622	0.1061
1259	0.0159	0.10675
1260	0.01571	0.107
1261	0.01568	0.10723
1262	0.01577	0.1079
1263	0.01595	0.10791
1264	0.01621	0.1079
1265	0.01662	0.10823
1266	0.0172	0.10812
1267	0.01798	0.10781
1268	0.01889	0.10742
1269	0.01992	0.10705
1270	0.02108	0.10683
1271	0.02218	0.10609
1272	0.02331	0.10561
1273	0.02441	0.10532
1274	0.02549	0.10474
1275	0.02655	0.10488
1276	0.02746	0.10428
1277	0.02811	0.10474
1278	0.02848	0.10443
1279	0.02863	0.1052
1280	0.02854	0.10531
1281	0.02831	0.10552
1282	0.02796	0.10623
1283	0.02728	0.10632
1284	0.02636	0.10632
1285	0.02536	0.10662
1286	0.0242	0.10648
1287	0.02291	0.10613
1288	0.02171	0.10568
1289	0.02055	0.10523
1290	0.01931	0.10491
1291	0.01807	0.10406
1292	0.01678	0.10356
1293	0.01551	0.10323
1294	0.01445	0.1026
1295	0.01361	0.10269
1296	0.01181	0.10219
1297	0.01106	0.10263
1298	0.01043	0.10238
1299	0.00983	0.10291
1300	0.00941	0.10308
1301	0.00908	0.10317
1302	0.00893	0.10378
1303	0.0089	0.10384
1304	0.00893	0.10391
1305	0.00909	0.10406
1306	0.00926	0.10398
1307	0.01062	0.10362
1308	0.01117	0.10318
1309	0.01181	0.10286
1310	0.01255	0.10253
1311	0.01335	0.10183
1312	0.01418	0.10149
1313	0.01501	0.1012
1314	0.01575	0.10074
1315	0.01657	0.1009
1316	0.01729	0.1004
1317	0.01801	0.10081
1318	0.01856	0.10066
1319	0.01889	0.10117
1320	0.01912	0.10132
1321	0.0191	0.10142
1322	0.0188	0.102
1323	0.01822	0.10216
1324	0.01744	0.10209
1325	0.01655	0.1022
1326	0.01547	0.10207
1327	0.01429	0.1017
1328	0.01297	0.10122
1329	0.01157	0.10076
1330	0.01022	0.10038
1331	0.00881	0.09966
1332	0.00752	0.09917
1333	0.00626	0.0989
1334	0.00518	0.09837
1335	0.00422	0.09866
1336	0.00338	0.09815
1337	0.0026	0.0986
1338	0.00189	0.0983
1339	0.0013	0.09888
1340	8.90745E-4	0.09897
1341	5.7054E-4	0.09916
1342	4.37629E-4	0.09967
1343	4.18751E-4	0.09963
1344	5.77607E-4	0.09966
1345	9.72239E-4	0.0997
1346	0.00147	0.09969
1347	0.00212	0.09939
1348	0.003	0.09903
1349	0.0041	0.09867
1350	0.00539	0.09846
1351	0.00678	0.09783
1352	0.00827	0.09751
1353	0.00979	0.09724
1354	0.0113	0.09683
1355	0.01276	0.09706
1356	0.01408	0.09661
1357	0.01532	0.09724
1358	0.01658	0.09706
1359	0.01762	0.09763
1360	0.01835	0.09771
1361	0.0188	0.09783
1362	0.01897	0.0982
1363	0.01885	0.09825
1364	0.0184	0.09818
1365	0.0178	0.09822
1366	0.01706	0.09805
1367	0.01619	0.09771
1368	0.01533	0.09732
1369	0.01429	0.09701
1370	0.01327	0.0967
1371	0.01225	0.09594
1372	0.01125	0.0956
1373	0.01029	0.09538
1374	0.00936	0.09494
1375	0.00859	0.09521
1376	0.00778	0.09471
1377	0.00705	0.09532
1378	0.00639	0.09508
1379	0.0057	0.09555
1380	0.00507	0.09581
1381	0.00449	0.09586
1382	0.00404	0.09632
1383	0.00367	0.09634
1384	0.00344	0.09628
1385	0.00348	0.0963
1386	0.00365	0.09604
1387	0.00407	0.09568
1388	0.00465	0.09534
1389	0.00537	0.09512
1390	0.00623	0.0949
1391	0.00729	0.0943
1392	0.00843	0.094
1393	0.00962	0.09387
1394	0.01092	0.09347
1395	0.01217	0.09379
1396	0.01338	0.09339
1397	0.01455	0.09402
1398	0.01552	0.09385
1399	0.01634	0.09436
1400	0.01703	0.0945
1401	0.01759	0.09461
1402	0.01786	0.09496
1403	0.01792	0.09494
1404	0.01781	0.09489
1405	0.01747	0.0949
1406	0.01699	0.09463
1407	0.01627	0.09427
1408	0.01544	0.09375
1409	0.01455	0.09354
1410	0.0136	0.09321
1411	0.01257	0.09253
1412	0.01142	0.09222
1413	0.01033	0.09203
1414	0.00931	0.09163
1415	0.00825	0.09192
1416	0.00719	0.09146
1417	0.00625	0.09223
1418	0.00536	0.0919
1419	0.00449	0.09242
1420	0.00372	0.09259
1421	0.003	0.09266
1422	0.00236	0.09304
1423	0.00188	0.093
1424	0.00147	0.09281
1425	0.00121	0.09275
1426	0.0012	0.09254
1427	0.00135	0.09217
1428	0.00208	0.09176
1429	0.00307	0.09158
1430	0.00421	0.09134
1431	0.00551	0.09065
1432	0.00689	0.09058
1433	0.00834	0.09046
1434	0.00982	0.09016
1435	0.01134	0.09037
1436	0.01284	0.08998
1437	0.01424	0.09066
1438	0.01555	0.09043
1439	0.01631	0.09102
1440	0.01686	0.09115
1441	0.01717	0.09118
1442	0.0173	0.09151
1443	0.01733	0.09151
1444	0.01716	0.09136
1445	0.01684	0.09137
1446	0.01636	0.09093
1447	0.01578	0.09041
1448	0.01506	0.08999
1449	0.01433	0.08963
1450	0.01349	0.08942
1451	0.0126	0.08888
1452	0.01172	0.08868
1453	0.01082	0.08845
1454	0.0102	0.0881
1455	0.00931	0.08839
1456	0.00854	0.08805
1457	0.00771	0.08873
1458	0.00684	0.08864
1459	0.00602	0.08919
1460	0.0052	0.08934
1461	0.00443	0.0894
1462	0.00376	0.08977
1463	0.00321	0.08967
1464	0.00274	0.08945
1465	0.0022	0.0896
1466	0.00215	0.08922
1467	0.00225	0.08891
1468	0.00271	0.0886
1469	0.00332	0.08829
1470	0.00418	0.0881
1471	0.00527	0.08753
1472	0.00661	0.08744
1473	0.00801	0.08739
1474	0.00952	0.0872
1475	0.01112	0.08751
1476	0.01264	0.0874
1477	0.0141	0.08814
1478	0.01547	0.08807
1479	0.0166	0.08859
1480	0.01754	0.08875
1481	0.01825	0.08876
1482	0.01869	0.08912
1483	0.01875	0.08897
1484	0.01859	0.08861
1485	0.01815	0.08868
1486	0.01757	0.08833
1487	0.01685	0.08774
1488	0.01602	0.08729
1489	0.0151	0.08694
1490	0.01413	0.08672
1491	0.01309	0.08619
1492	0.012	0.08598
1493	0.01085	0.08604
1494	0.00981	0.08578
1495	0.00877	0.08602
1496	0.00788	0.08584
1497	0.00697	0.08639
1498	0.00609	0.08626
1499	0.00521	0.08671
1500	0.0044	0.08677
1501	0.00357	0.08671
1502	0.00295	0.08685
1503	0.00233	0.08675
1504	0.00186	0.08641
1505	0.00148	0.08657
1506	0.00125	0.08608
1507	0.00111	0.08566
1508	0.00113	0.08531
1509	0.00138	0.08509
1510	0.00187	0.08501
1511	0.00206	0.08465
1512	0.00284	0.08459
1513	0.00367	0.08467
1514	0.00467	0.08462
1515	0.00579	0.08497
1516	0.00698	0.08473
1517	0.00826	0.08553
1518	0.00942	0.08548
1519	0.01053	0.08602
1520	0.01149	0.08605
1521	0.01217	0.08602
1522	0.01301	0.08614
1523	0.0133	0.08586
1524	0.0134	0.08543
1525	0.01329	0.08549
1526	0.01293	0.08472
1527	0.01239	0.08436
1528	0.01167	0.08389
1529	0.01085	0.08362
1530	0.00981	0.08358
1531	0.00859	0.08315
1532	0.00714	0.08314
1533	0.00554	0.08323
1534	0.00388	0.08321
1535	0.00232	0.08354
1536	7.52178E-4	0.08334
1537	-7.9092E-4	0.08398
1538	-0.00225	0.08382
1539	-0.00362	0.0843
1540	-0.00485	0.08431
1541	-0.00597	0.0842
1542	-0.00693	0.08429
1543	-0.00748	0.08404
1544	-0.00767	0.08359
1545	-0.00765	0.08363
1546	-0.00756	0.08287
1547	-0.00724	0.08257
1548	-0.00667	0.08211
1549	-0.006	0.08193
1550	-0.00516	0.08178
1551	-0.00416	0.08154
1552	-0.003	0.08165
1553	-0.00175	0.0818
1554	-4.68466E-4	0.08187
1555	7.80575E-4	0.08219
1556	0.00193	0.08237
1557	0.00309	0.08296
1558	0.00413	0.08291
1559	0.00501	0.08346
1560	0.00574	0.08338
1561	0.00621	0.08326
1562	0.00642	0.08325
1563	0.00636	0.08297
1564	0.00607	0.08239
1565	0.00557	0.08244
1566	0.00489	0.08158
1567	0.00417	0.08135
1568	0.00324	0.0807
1569	0.00217	0.08051
1570	0.00104	0.08038
1571	-7.27326E-5	0.08
1572	-0.00123	0.08001
1573	-0.00239	0.08016
1574	-0.00352	0.08018
1575	-0.00465	0.08048
1576	-0.00572	0.0806
1577	-0.00678	0.08112
1578	-0.0078	0.0811
1579	-0.00873	0.08151
1580	-0.00939	0.08149
1581	-0.01001	0.08125
1582	-0.01061	0.0813
1583	-0.01104	0.08107
1584	-0.0113	0.08058
1585	-0.01139	0.08057
1586	-0.01134	0.07979
1587	-0.01104	0.07954
1588	-0.01051	0.07908
1589	-0.00984	0.07892
1590	-0.00899	0.07895
1591	-0.00816	0.07862
1592	-0.00724	0.07881
1593	-0.0062	0.07906
1594	-0.00505	0.07916
1595	-0.00386	0.07944
1596	-0.00261	0.07961
1597	-0.00138	0.08014
1598	-2.70512E-4	0.08023
1599	5.58208E-4	0.0807
1600	0.00123	0.08062
1601	0.0017	0.08035
1602	0.00198	0.08034
1603	0.00208	0.07997
1604	0.00196	0.07934
1605	0.00164	0.07924
1606	0.00122	0.07842
1607	5.66573E-4	0.07813
1608	-1.79319E-4	0.0776
1609	-0.00105	0.07739
1610	-0.00182	0.07742
1611	-0.00261	0.07705
1612	-0.00341	0.07729
1613	-0.00421	0.07741
1614	-0.00492	0.07752
1615	-0.0057	0.0779
1616	-0.00644	0.07801
1617	-0.00724	0.07851
1618	-0.00794	0.07871
1619	-0.00867	0.07903
1620	-0.00925	0.07889
1621	-0.00988	0.0787
1622	-0.01045	0.07855
1623	-0.01091	0.07823
1624	-0.01098	0.07767
1625	-0.01099	0.07782
1626	-0.01061	0.07697
1627	-0.01005	0.07664
1628	-0.00925	0.07616
1629	-0.00833	0.07602
1630	-0.00717	0.07615
1631	-0.00592	0.07592
1632	-0.00454	0.07625
1633	-0.00308	0.0765
1634	-0.00154	0.07664
1635	-1.74542E-4	0.07716
1636	0.00116	0.07726
1637	0.00232	0.07777
1638	0.00331	0.07792
1639	0.00418	0.07821
1640	0.00486	0.07799
1641	0.00526	0.0778
1642	0.00538	0.07763
1643	0.00523	0.07726
1644	0.00493	0.07674
1645	0.00447	0.07671
1646	0.00382	0.07588
1647	0.00308	0.07555
1648	0.00224	0.07493
1649	0.0013	0.07498
1650	2.64659E-4	0.07501
1651	-7.32247E-4	0.07474
1652	-0.00168	0.07512
1653	-0.00254	0.07531
1654	-0.00322	0.07546
1655	-0.00379	0.07586
1656	-0.00438	0.07599
1657	-0.00483	0.07649
1658	-0.0052	0.07675
1659	-0.00542	0.07697
1660	-0.00546	0.07684
1661	-0.00541	0.07662
1662	-0.00521	0.07638
1663	-0.00492	0.07596
1664	-0.00447	0.07532
1665	-0.00387	0.07532
1666	-0.00309	0.07459
1667	-0.00206	0.0744
1668	-9.0517E-4	0.07387
1669	3.67016E-4	0.07395
1670	0.00171	0.07404
1671	0.00314	0.07384
1672	0.00456	0.07419
1673	0.00592	0.07442
1674	0.00738	0.07462
1675	0.00873	0.07501
1676	0.00995	0.07521
1677	0.01102	0.07556
1678	0.01179	0.07579
1679	0.01239	0.07597
1680	0.01271	0.07579
1681	0.01281	0.07548
1682	0.01266	0.07532
1683	0.01237	0.07498
1684	0.01197	0.07441
1685	0.0113	0.0743
1686	0.01058	0.07347
1687	0.00973	0.07326
1688	0.00877	0.07258
1689	0.00788	0.07279
1690	0.00692	0.07288
1691	0.00599	0.07266
1692	0.00511	0.07312
1693	0.00429	0.07338
1694	0.00356	0.07356
1695	0.00283	0.07403
1696	0.00222	0.07418
1697	0.00161	0.07463
1698	0.00116	0.07485
1699	8.79799E-4	0.07501
1700	6.60965E-4	0.07477
1701	7.28204E-4	0.07443
1702	9.62135E-4	0.07432
1703	0.00121	0.07385
1704	0.00155	0.0732
1705	0.00208	0.07319
1706	0.00275	0.07246
1707	0.00355	0.07228
1708	0.00447	0.07167
1709	0.00536	0.07198
1710	0.00628	0.07215
1711	0.0072	0.07207
1712	0.00796	0.07261
1713	0.00868	0.07287
1714	0.00945	0.07312
1715	0.0101	0.0736
1716	0.0106	0.07378
1717	0.01088	0.07419
1718	0.01107	0.07441
1719	0.01111	0.07448
1720	0.01105	0.07425
1721	0.01037	0.07389
1722	0.00956	0.07369
1723	0.00853	0.07335
1724	0.0074	0.07272
1725	0.00616	0.07264
1726	0.0049	0.07188
1727	0.00354	0.07166
1728	0.00217	0.07102
1729	7.78301E-4	0.07124
1730	-5.91879E-4	0.07134
1731	-0.00185	0.07117
1732	-0.00262	0.07164
1733	-0.00336	0.07193
1734	-0.00393	0.07216
1735	-0.00444	0.07258
1736	-0.00475	0.07272
1737	-0.00498	0.07318
1738	-0.00505	0.07344
1739	-0.00491	0.07338
1740	-0.00458	0.07323
1741	-0.0041	0.07287
1742	-0.00345	0.0726
1743	-0.00279	0.07217
1744	-0.00205	0.07156
1745	-0.00118	0.07156
1746	-2.78009E-4	0.07082
1747	5.67846E-4	0.07069
1748	0.00149	0.0703
1749	0.00245	0.07053
1750	0.00333	0.07081
1751	0.00409	0.07073
1752	0.00469	0.07126
1753	0.00513	0.07161
1754	0.00554	0.07184
1755	0.00587	0.07227
1756	0.00605	0.07245
1757	0.00613	0.07291
1758	0.00616	0.07308
1759	0.00599	0.073
1760	0.00565	0.07283
1761	0.00517	0.07246
1762	0.00462	0.07211
1763	0.004	0.07176
1764	0.00323	0.0711
1765	0.00242	0.07106
1766	0.00163	0.0703
1767	7.18032E-4	0.07016
1768	-1.4525E-4	0.06965
1769	-0.00103	0.07002
1770	-0.00182	0.07023
1771	-0.00254	0.07016
1772	-0.00314	0.07058
1773	-0.00376	0.07085
1774	-0.00427	0.07111
1775	-0.00463	0.07142
1776	-0.00488	0.07153
1777	-0.00502	0.07199
1778	-0.00492	0.07211
1779	-0.00475	0.07208
1780	-0.0044	0.0718
1781	-0.00394	0.07147
1782	-0.00335	0.07119
1783	-0.00273	0.07082
1784	-0.00193	0.07019
1785	-0.0011	0.07022
1786	-2.18607E-4	0.0695
1787	6.68841E-4	0.0693
1788	0.00152	0.06891
1789	0.00236	0.06928
1790	0.00319	0.06957
1791	0.00391	0.06957
1792	0.00452	0.07007
1793	0.00493	0.07034
1794	0.0053	0.07066
1795	0.0056	0.07104
1796	0.00574	0.07126
1797	0.00572	0.07162
1798	0.00556	0.07166
1799	0.00522	0.07154
1800	0.00477	0.07131
1801	0.00422	0.0709
1802	0.0036	0.07058
1803	0.00291	0.07016
1804	0.00217	0.06936
1805	0.00143	0.06944
1806	5.46111E-4	0.06869
1807	-3.21841E-4	0.06848
1808	-0.00113	0.06811
1809	-0.00192	0.0685
1810	-0.00261	0.06874
1811	-0.00333	0.06864
1812	-0.00405	0.06914
1813	-0.00475	0.06935
1814	-0.00539	0.06963
1815	-0.00605	0.06991
1816	-0.0067	0.07009
1817	-0.00716	0.07054
1818	-0.00751	0.07056
1819	-0.00769	0.07041
1820	-0.00773	0.0702
1821	-0.00766	0.06979
1822	-0.00713	0.06953
1823	-0.00649	0.06917
1824	-0.00583	0.06851
1825	-0.00511	0.0687
1826	-0.00421	0.06791
1827	-0.0032	0.06778
1828	-0.00221	0.06741
1829	-0.00124	0.06788
1830	-3.68388E-4	0.06824
1831	4.11837E-4	0.0682
1832	0.00107	0.06868
1833	0.00134	0.06886
1834	0.00153	0.06918
1835	0.00167	0.0695
1836	0.00177	0.06967
1837	0.00173	0.07007
1838	0.00152	0.06996
1839	0.00125	0.06978
1840	8.68857E-4	0.0696
1841	4.83875E-4	0.06913
1842	2.80644E-5	0.06887
1843	-5.45727E-4	0.06859
1844	-0.00119	0.06788
1845	-0.00183	0.06803
1846	-0.00243	0.06732
1847	-0.00312	0.06716
1848	-0.00384	0.06678
1849	-0.00453	0.06702
1850	-0.00526	0.06725
1851	-0.00592	0.06723
1852	-0.00658	0.06771
1853	-0.00716	0.06782
1854	-0.00754	0.06809
1855	-0.00775	0.06833
1856	-0.00787	0.06847
1857	-0.00792	0.06888
1858	-0.00786	0.06885
1859	-0.00759	0.06871
1860	-0.00712	0.06851
1861	-0.00651	0.06816
1862	-0.0058	0.06795
1863	-0.00508	0.06774
1864	-0.00441	0.0671
1865	-0.0037	0.06731
1866	-0.00296	0.06672
1867	-0.00221	0.06663
1868	-0.00144	0.0664
1869	-6.89012E-4	0.06679
1870	-1.1995E-5	0.06704
1871	5.63705E-4	0.06704
1872	0.00105	0.0676
1873	0.00143	0.06766
1874	0.00181	0.06789
1875	0.00217	0.0681
1876	0.00245	0.06813
1877	0.0026	0.0684
1878	0.00263	0.06828
1879	0.00257	0.06822
1880	0.00241	0.06796
1881	0.00224	0.06749
1882	0.00203	0.06721
1883	0.00175	0.06694
1884	0.00144	0.06621
1885	0.00106	0.06642
1886	6.88896E-4	0.06577
1887	2.29071E-4	0.06574
1888	-2.62132E-4	0.06546
1889	-7.67662E-4	0.06587
1890	-0.00135	0.0661
1891	-0.00191	0.06606
1892	-0.00248	0.06657
1893	-0.003	0.06655
1894	-0.00343	0.06671
1895	-0.00375	0.06688
1896	-0.00398	0.06692
1897	-0.00415	0.06724
1898	-0.00424	0.06711
1899	-0.00421	0.06704
1900	-0.00403	0.06683
1901	-0.00368	0.06644
1902	-0.00326	0.06616
1903	-0.0028	0.06603
1904	-0.0024	0.0655
1905	-0.00196	0.06577
1906	-0.00146	0.06523
1907	-9.19448E-4	0.06529
1908	-2.93915E-4	0.06516
1909	3.99344E-4	0.06566
1910	0.00104	0.06596
1911	0.0016	0.06597
1912	0.00207	0.06657
1913	0.0025	0.0666
1914	0.0029	0.06668
1915	0.00324	0.06683
1916	0.00353	0.06684
1917	0.00361	0.06702
1918	0.00367	0.06683
1919	0.00368	0.06667
1920	0.0036	0.06645
1921	0.0034	0.06601
1922	0.00313	0.06573
1923	0.00271	0.06553
1924	0.00226	0.06499
1925	0.00176	0.06526
1926	0.00128	0.06471
1927	6.4311E-4	0.06474
1928	9.33889E-5	0.06457
1929	-5.49988E-4	0.06517
1930	-0.00118	0.06548
1931	-0.00181	0.0655
1932	-0.00239	0.0661
1933	-0.0029	0.06607
1934	-0.00328	0.06616
1935	-0.00373	0.06621
1936	-0.00416	0.06613
1937	-0.00453	0.06635
1938	-0.00475	0.06611
1939	-0.00492	0.06589
1940	-0.00508	0.06565
1941	-0.00538	0.06522
1942	-0.00573	0.0649
1943	-0.00627	0.06474
1944	-0.00689	0.06432
1945	-0.00759	0.06459
1946	-0.00834	0.06408
1947	-0.00912	0.0641
1948	-0.00996	0.06394
1949	-0.01088	0.06446
1950	-0.01184	0.06467
1951	-0.01281	0.0646
1952	-0.01377	0.06518
1953	-0.01462	0.06516
1954	-0.01533	0.06516
1955	-0.01601	0.06532
1956	-0.01663	0.06523
1957	-0.01711	0.06545
1958	-0.01759	0.06517
1959	-0.01797	0.06485
1960	-0.01838	0.06459
1961	-0.01881	0.06414
1962	-0.01919	0.06379
1963	-0.01954	0.06357
1964	-0.01984	0.06306
1965	-0.02005	0.06334
1966	-0.02012	0.06284
1967	-0.02001	0.06291
1968	-0.01981	0.06272
1969	-0.01941	0.06343
1970	-0.01894	0.06378
1971	-0.01833	0.06379
1972	-0.01762	0.06445
1973	-0.01687	0.06449
1974	-0.01607	0.06459
1975	-0.0153	0.06481
1976	-0.01448	0.06484
1977	-0.01369	0.06516
1978	-0.01299	0.06497
1979	-0.01243	0.0647
1980	-0.01199	0.06453
1981	-0.01164	0.06399
1982	-0.01144	0.06364
1983	-0.01145	0.0635
1984	-0.01155	0.06299
1985	-0.01175	0.06322
1986	-0.01198	0.06258
1987	-0.01232	0.06263
1988	-0.0128	0.0624
1989	-0.01334	0.06302
1990	-0.01388	0.06332
1991	-0.01458	0.06331
1992	-0.01532	0.06392
1993	-0.01605	0.06394
1994	-0.01673	0.06401
1995	-0.01743	0.06425
1996	-0.01813	0.06419
1997	-0.01887	0.06451
1998	-0.01961	0.06432
1999	-0.02025	0.06406
2000	-0.02083	0.06383
2001	-0.02136	0.06319
2002	-0.02181	0.06284
2003	-0.02216	0.06265
2004	-0.02235	0.06211
2005	-0.02234	0.06226
2006	-0.02215	0.06173
2007	-0.02178	0.06195
2008	-0.02126	0.06174
2009	-0.02067	0.06241
2010	-0.01989	0.06258
2011	-0.01897	0.06262
2012	-0.0179	0.06332
2013	-0.01652	0.06345
2014	-0.01518	0.06357
2015	-0.01397	0.06386
2016	-0.01293	0.06394
2017	-0.01198	0.06423
2018	-0.01117	0.06402
2019	-0.01047	0.06377
2020	-0.00991	0.06352
2021	-0.00961	0.06293
2022	-0.00959	0.06249
2023	-0.00975	0.0623
2024	-0.01033	0.06174
2025	-0.011	0.0619
2026	-0.01166	0.06133
2027	-0.0124	0.06146
2028	-0.01315	0.06129
2029	-0.01391	0.06189
2030	-0.01472	0.06211
2031	-0.01557	0.06222
2032	-0.01648	0.06289
2033	-0.01743	0.06301
2034	-0.01839	0.06313
2035	-0.0192	0.06342
2036	-0.01995	0.06347
2037	-0.02064	0.06351
2038	-0.0212	0.06322
2039	-0.02172	0.063
2040	-0.02212	0.06273
2041	-0.02236	0.06219
2042	-0.0224	0.06178
2043	-0.02223	0.06159
2044	-0.02176	0.06111
2045	-0.02117	0.06126
2046	-0.02048	0.06069
2047	-0.01963	0.06095
2048	-0.01862	0.06086
2049	-0.01754	0.06154
2050	-0.0163	0.06181
2051	-0.01504	0.062
2052	-0.01386	0.06273
2053	-0.01279	0.06293
2054	-0.01194	0.06308
2055	-0.01125	0.06336
2056	-0.01064	0.0635
2057	-0.0102	0.0635
2058	-0.00999	0.06324
2059	-0.01006	0.06293
2060	-0.01026	0.06266
2061	-0.01075	0.06205
2062	-0.01144	0.06161
2063	-0.01231	0.0613
2064	-0.01324	0.0608
2065	-0.01418	0.06087
2066	-0.01513	0.06018
2067	-0.01607	0.06046
2068	-0.01704	0.06028
2069	-0.01808	0.06096
2070	-0.01904	0.06114
2071	-0.02008	0.06116
2072	-0.0211	0.06197
2073	-0.02216	0.06218
2074	-0.02308	0.06221
2075	-0.02396	0.06255
2076	-0.02474	0.06264
2077	-0.02548	0.06259
2078	-0.02619	0.06229
2079	-0.02671	0.06201
2080	-0.02703	0.06165
2081	-0.02727	0.06109
2082	-0.02727	0.06058
2083	-0.02708	0.06034
2084	-0.02668	0.0598
2085	-0.02615	0.05993
2086	-0.02544	0.05933
2087	-0.02456	0.05963
2088	-0.02357	0.05958
2089	-0.02248	0.06037
2090	-0.02143	0.06066
2091	-0.0204	0.06084
2092	-0.01943	0.06172
2093	-0.01857	0.06196
2094	-0.01788	0.06211
2095	-0.01731	0.06256
2096	-0.01696	0.06266
2097	-0.01682	0.06259
2098	-0.01696	0.06222
2099	-0.01731	0.06186
2100	-0.01778	0.0616
2101	-0.01837	0.061
2102	-0.01914	0.06041
2103	-0.02007	0.06012
2104	-0.02106	0.05952
2105	-0.02211	0.05951
2106	-0.02315	0.05885
2107	-0.02411	0.05916
2108	-0.02505	0.05914
2109	-0.02593	0.0599
2110	-0.02703	0.06018
2111	-0.02813	0.06035
2112	-0.0292	0.06119
2113	-0.03012	0.06139
2114	-0.03095	0.06158
2115	-0.03158	0.06203
2116	-0.03195	0.06211
2117	-0.03218	0.06208
2118	-0.0323	0.06177
2119	-0.03225	0.0613
2120	-0.03197	0.06117
2121	-0.03131	0.0605
2122	-0.03049	0.05986
2123	-0.02952	0.05958
2124	-0.02853	0.05899
2125	-0.02733	0.05901
2126	-0.02619	0.05844
2127	-0.02521	0.05892
2128	-0.02419	0.05889
2129	-0.02324	0.05964
2130	-0.02235	0.05989
2131	-0.02169	0.06013
2132	-0.02122	0.06102
2133	-0.02087	0.06123
2134	-0.02073	0.06137
2135	-0.02069	0.06189
2136	-0.02084	0.06196
2137	-0.02108	0.06195
2138	-0.02144	0.06159
2139	-0.02203	0.0611
2140	-0.02263	0.06086
2141	-0.02344	0.06019
2142	-0.02416	0.05956
2143	-0.02475	0.05927
2144	-0.02542	0.05859
2145	-0.02608	0.05858
2146	-0.02669	0.05796
2147	-0.02732	0.05841
2148	-0.02792	0.05836
2149	-0.02841	0.05912
2150	-0.02884	0.05935
2151	-0.02925	0.0596
2152	-0.02947	0.06049
2153	-0.02967	0.0607
2154	-0.02983	0.0609
2155	-0.02987	0.0614
2156	-0.0297	0.06142
2157	-0.0294	0.06135
2158	-0.02887	0.06101
2159	-0.02825	0.06053
2160	-0.02749	0.06029
2161	-0.02652	0.05968
2162	-0.02542	0.05911
2163	-0.02423	0.05882
2164	-0.02287	0.05825
2165	-0.02144	0.05835
2166	-0.02002	0.05774
2167	-0.01875	0.05824
2168	-0.01747	0.0583
2169	-0.0165	0.05915
2170	-0.01563	0.05947
2171	-0.01492	0.05971
2172	-0.01439	0.06064
2173	-0.01415	0.06086
2174	-0.0142	0.06108
2175	-0.01447	0.06147
2176	-0.01487	0.0615
2177	-0.01546	0.06132
2178	-0.01618	0.06097
2179	-0.01712	0.06035
2180	-0.01794	0.06006
2181	-0.01883	0.05934
2182	-0.01979	0.05876
2183	-0.0207	0.05843
2184	-0.02151	0.05776
2185	-0.02217	0.05779
2186	-0.02281	0.05715
2187	-0.02357	0.05761
2188	-0.02425	0.05757
2189	-0.02472	0.05833
2190	-0.025	0.05861
2191	-0.02523	0.05881
2192	-0.02538	0.05973
2193	-0.02533	0.05991
2194	-0.02515	0.06012
2195	-0.02496	0.0605
2196	-0.02469	0.06053
2197	-0.02427	0.06022
2198	-0.02358	0.06
2199	-0.02268	0.05965
2200	-0.0217	0.0594
2201	-0.02067	0.05864
2202	-0.01947	0.05816
2203	-0.01811	0.05788
2204	-0.01675	0.0573
2205	-0.01521	0.05744
2206	-0.01369	0.05694
2207	-0.01235	0.05747
2208	-0.01114	0.05742
2209	-0.01018	0.05829
2210	-0.00949	0.05861
2211	-0.00908	0.05889
2212	-0.00893	0.0597
2213	-0.00904	0.05988
2214	-0.00949	0.06006
2215	-0.01012	0.0605
2216	-0.01116	0.06045
2217	-0.01227	0.0602
2218	-0.01341	0.05988
2219	-0.01462	0.05949
2220	-0.01582	0.05925
2221	-0.01694	0.05852
2222	-0.01801	0.05797
2223	-0.01899	0.05772
2224	-0.01996	0.05715
2225	-0.0208	0.0572
2226	-0.0216	0.05657
2227	-0.02234	0.05712
2228	-0.02296	0.05692
2229	-0.0234	0.05765
2230	-0.02361	0.05798
2231	-0.02361	0.05823
2232	-0.02351	0.059
2233	-0.02318	0.05915
2234	-0.02271	0.05933
2235	-0.02198	0.05973
2236	-0.02113	0.0597
2237	-0.02005	0.05956
2238	-0.01887	0.05928
2239	-0.01759	0.05896
2240	-0.01621	0.05874
2241	-0.01493	0.05807
2242	-0.01374	0.05767
2243	-0.01258	0.05748
2244	-0.01153	0.05698
2245	-0.01057	0.05713
2246	-0.00983	0.05664
2247	-0.00929	0.05715
2248	-0.00894	0.05703
2249	-0.00883	0.05784
2250	-0.00893	0.05815
2251	-0.00932	0.05832
2252	-0.00992	0.05911
2253	-0.01076	0.0592
2254	-0.01181	0.05925
2255	-0.01304	0.05969
2256	-0.0144	0.05956
2257	-0.01586	0.05935
2258	-0.01731	0.05909
2259	-0.01876	0.05858
2260	-0.02018	0.05833
2261	-0.02153	0.05759
2262	-0.02279	0.05716
2263	-0.02401	0.05694
2264	-0.02516	0.05635
2265	-0.02615	0.0565
2266	-0.02579	0.05602
2267	-0.02656	0.05648
2268	-0.02722	0.05637
2269	-0.02773	0.05712
2270	-0.02808	0.05742
2271	-0.02825	0.05763
2272	-0.02831	0.0583
2273	-0.02813	0.05845
2274	-0.0278	0.05849
2275	-0.02717	0.05885
2276	-0.02641	0.05881
2277	-0.02669	0.05855
2278	-0.02559	0.05832
2279	-0.02435	0.05804
2280	-0.02306	0.05791
2281	-0.02182	0.05717
2282	-0.02059	0.05687
2283	-0.01939	0.05669
2284	-0.01836	0.0563
2285	-0.0174	0.05654
2286	-0.0166	0.05609
2287	-0.01598	0.05665
2288	-0.01553	0.05652
2289	-0.01525	0.05728
2290	-0.01523	0.05756
2291	-0.01549	0.05777
2292	-0.01601	0.05843
2293	-0.01671	0.05858
2294	-0.01764	0.05866
2295	-0.01871	0.05889
2296	-0.01998	0.05879
2297	-0.02142	0.05855
2298	-0.0229	0.05813
2299	-0.02445	0.05781
2300	-0.02605	0.0576
2301	-0.02758	0.05692
2302	-0.02901	0.05657
2303	-0.0303	0.05632
2304	-0.03152	0.05586
2305	-0.03263	0.05611
2306	-0.03368	0.05562
2307	-0.03459	0.05616
2308	-0.03529	0.05592
2309	-0.03588	0.05667
2310	-0.03636	0.05684
2311	-0.03662	0.05707
2312	-0.0368	0.05766
2313	-0.03681	0.05779
2314	-0.03663	0.05783
2315	-0.0363	0.05795
2316	-0.03584	0.05795
2317	-0.03518	0.0577
2318	-0.03432	0.05739
2319	-0.03337	0.05716
2320	-0.03224	0.05699
2321	-0.03095	0.05643
2322	-0.02966	0.05618
2323	-0.02824	0.05603
2324	-0.02688	0.05559
2325	-0.02559	0.05591
2326	-0.02433	0.05553
2327	-0.02313	0.05618
2328	-0.02219	0.05611
2329	-0.0214	0.05683
2330	-0.02085	0.05698
2331	-0.02067	0.0572
2332	-0.0208	0.05781
2333	-0.02127	0.05793
2334	-0.02199	0.05791
2335	-0.02282	0.05808
2336	-0.02386	0.05789
2337	-0.02504	0.05752
2338	-0.02627	0.05714
2339	-0.02745	0.05677
2340	-0.02863	0.05662
2341	-0.02981	0.0559
2342	-0.03091	0.05559
2343	-0.03194	0.05544
2344	-0.03282	0.05501
2345	-0.03363	0.05526
2346	-0.03443	0.05476
2347	-0.03519	0.05542
2348	-0.03585	0.05528
2349	-0.03651	0.05581
2350	-0.03707	0.05609
2351	-0.03757	0.05625
2352	-0.03791	0.05669
2353	-0.03814	0.05677
2354	-0.03823	0.05675
2355	-0.03813	0.05693
2356	-0.03789	0.05676
2357	-0.03746	0.05647
2358	-0.03681	0.0561
2359	-0.03597	0.05591
2360	-0.03496	0.05584
2361	-0.03384	0.05523
2362	-0.03261	0.05503
2363	-0.03129	0.05495
2364	-0.02993	0.05464
2365	-0.02848	0.055
2366	-0.02706	0.05467
2367	-0.02571	0.05545
2368	-0.0245	0.05538
2369	-0.02345	0.05596
2370	-0.02265	0.05625
2371	-0.02206	0.05646
2372	-0.02175	0.05697
2373	-0.02167	0.05706
2374	-0.02176	0.05698
2375	-0.02207	0.0571
2376	-0.02261	0.05694
2377	-0.02341	0.0566
2378	-0.02434	0.05613
2379	-0.02531	0.05597
2380	-0.02638	0.05569
2381	-0.0274	0.05508
2382	-0.02849	0.05488
2383	-0.02946	0.05475
2384	-0.03039	0.05439
2385	-0.03136	0.05469
2386	-0.03224	0.05429
2387	-0.03308	0.05508
2388	-0.03387	0.05486
2389	-0.03456	0.05539
2390	-0.03526	0.05558
2391	-0.03584	0.05567
2392	-0.03636	0.05614
2393	-0.03672	0.05619
2394	-0.037	0.05607
2395	-0.03697	0.05619
2396	-0.03687	0.056
2397	-0.03668	0.05562
2398	-0.036	0.05524
2399	-0.03515	0.05508
2400	-0.0341	0.05495
2401	-0.03284	0.05443
2402	-0.03156	0.05427
2403	-0.0301	0.05422
2404	-0.02851	0.05397
2405	-0.02684	0.05435
2406	-0.02535	0.05404
2407	-0.02381	0.05481
2408	-0.02233	0.05472
2409	-0.02128	0.05528
2410	-0.0204	0.05547
2411	-0.01974	0.05559
2412	-0.01927	0.05603
2413	-0.01901	0.05602
2414	-0.01906	0.05588
2415	-0.01938	0.05602
2416	-0.02	0.05573
2417	-0.02077	0.05528
2418	-0.02154	0.05498
2419	-0.02234	0.05471
2420	-0.02321	0.05452
2421	-0.0241	0.05392
2422	-0.02501	0.05374
2423	-0.02603	0.05362
2424	-0.02675	0.05333
2425	-0.02746	0.05362
2426	-0.0282	0.05334
2427	-0.02884	0.05401
2428	-0.02946	0.05391
2429	-0.03012	0.05448
2430	-0.03074	0.05462
2431	-0.03124	0.0547
2432	-0.03161	0.05512
2433	-0.03188	0.05507
2434	-0.03191	0.05491
2435	-0.0319	0.0551
2436	-0.03166	0.05475
2437	-0.03108	0.0544
2438	-0.03031	0.05405
2439	-0.02939	0.05384
2440	-0.02826	0.05378
2441	-0.02701	0.05334
2442	-0.02568	0.05336
2443	-0.02423	0.0534
2444	-0.02279	0.05325
2445	-0.02131	0.0536
2446	-0.01999	0.05352
2447	-0.0187	0.05429
2448	-0.01762	0.05427
2449	-0.01663	0.05487
2450	-0.0158	0.05505
2451	-0.01521	0.05507
2452	-0.01479	0.05547
2453	-0.0146	0.05537
2454	-0.01467	0.05514
2455	-0.01489	0.0553
2456	-0.01533	0.05495
2457	-0.01592	0.05453
2458	-0.01657	0.05416
2459	-0.01726	0.05395
2460	-0.01806	0.05383
2461	-0.01894	0.05333
2462	-0.01989	0.05324
2463	-0.02095	0.05326
2464	-0.02208	0.05305
2465	-0.02318	0.05338
2466	-0.02429	0.05327
2467	-0.02537	0.05397
2468	-0.02644	0.05391
2469	-0.02757	0.05446
2470	-0.02876	0.05456
2471	-0.02988	0.05455
2472	-0.03083	0.05477
2473	-0.03179	0.05466
2474	-0.03259	0.05438
2475	-0.03314	0.05461
2476	-0.03351	0.05413
2477	-0.03375	0.05377
2478	-0.03378	0.05343
2479	-0.03354	0.05329
2480	-0.03317	0.05327
2481	-0.03184	0.05285
2482	-0.03112	0.05292
2483	-0.0303	0.05308
2484	-0.02915	0.05308
2485	-0.02794	0.05347
2486	-0.02673	0.05339
2487	-0.02555	0.0542
2488	-0.02446	0.05419
2489	-0.02353	0.05479
2490	-0.0228	0.05485
2491	-0.02216	0.05487
2492	-0.02241	0.05504
2493	-0.02216	0.05493
2494	-0.02222	0.05453
2495	-0.02255	0.05473
2496	-0.02311	0.05392
2497	-0.02385	0.05357
2498	-0.02469	0.05317
2499	-0.02554	0.05297
2500	-0.02648	0.05288
2501	-0.02753	0.0524
2502	-0.02893	0.0525
2503	-0.03043	0.05256
2504	-0.03192	0.05253
2505	-0.03332	0.05286
2506	-0.03476	0.0528
2507	-0.03613	0.05354
2508	-0.0374	0.05349
2509	-0.03868	0.05402
2510	-0.03989	0.05405
2511	-0.04096	0.05398
2512	-0.0418	0.05412
2513	-0.04222	0.05396
2514	-0.04259	0.05356
2515	-0.04277	0.05373
2516	-0.0427	0.05294
2517	-0.0424	0.0527
2518	-0.04185	0.05227
2519	-0.04116	0.05215
2520	-0.04034	0.05207
2521	-0.03941	0.0518
2522	-0.03832	0.05195
2523	-0.03716	0.05213
2524	-0.03593	0.05222
2525	-0.03461	0.05254
2526	-0.03336	0.05276
2527	-0.03226	0.05348
2528	-0.03128	0.05351
2529	-0.03042	0.05406
2530	-0.02976	0.05405
2531	-0.02921	0.05394
2532	-0.02882	0.05407
2533	-0.0286	0.05385
2534	-0.02865	0.05334
2535	-0.02894	0.05345
2536	-0.02942	0.05266
2537	-0.02994	0.05246
2538	-0.03061	0.05193
2539	-0.03143	0.05176
2540	-0.03235	0.05164
2541	-0.03332	0.05138
2542	-0.03438	0.05156
2543	-0.03549	0.05171
2544	-0.03667	0.05173
2545	-0.0379	0.05203
2546	-0.03907	0.05222
2547	-0.04018	0.05281
2548	-0.04125	0.05283
2549	-0.04223	0.05336
2550	-0.043	0.05337
2551	-0.04369	0.05318
2552	-0.04426	0.05323
2553	-0.04473	0.05303
2554	-0.04514	0.05252
2555	-0.04537	0.05262
2556	-0.04543	0.05189
2557	-0.04525	0.05169
2558	-0.04485	0.05122
2559	-0.04429	0.05109
2560	-0.04356	0.05121
2561	-0.04274	0.05091
2562	-0.04179	0.05122
2563	-0.04077	0.05149
2564	-0.03965	0.05167
2565	-0.0385	0.05208
2566	-0.03738	0.05238
2567	-0.03629	0.05299
2568	-0.03532	0.0531
2569	-0.03456	0.05362
2570	-0.03394	0.05361
2571	-0.03361	0.05335
2572	-0.03354	0.05333
2573	-0.03367	0.05306
2574	-0.03396	0.05253
2575	-0.0344	0.05258
2576	-0.03488	0.0518
2577	-0.03549	0.05157
2578	-0.03618	0.05105
2579	-0.03695	0.05088
2580	-0.03769	0.05099
2581	-0.03844	0.05069
2582	-0.0392	0.05101
2583	-0.03981	0.05121
2584	-0.04046	0.05135
2585	-0.0411	0.0518
2586	-0.04175	0.05195
2587	-0.04241	0.05249
2588	-0.04309	0.05271
2589	-0.0437	0.05309
2590	-0.04419	0.05301
2591	-0.04458	0.0528
2592	-0.0449	0.05274
2593	-0.04519	0.05244
2594	-0.04515	0.05193
2595	-0.04493	0.05208
2596	-0.0446	0.05128
2597	-0.04409	0.05105
2598	-0.04336	0.05062
2599	-0.04242	0.05047
2600	-0.04133	0.05069
2601	-0.04022	0.0505
2602	-0.03899	0.05091
2603	-0.03773	0.0512
2604	-0.03639	0.0514
2605	-0.03533	0.05193
2606	-0.0343	0.05215
2607	-0.03336	0.05266
2608	-0.03257	0.05289
2609	-0.032	0.0532
2610	-0.03158	0.05309
2611	-0.03133	0.05287
2612	-0.03129	0.05274
2613	-0.03148	0.05242
2614	-0.03183	0.05187
2615	-0.03218	0.05183
2616	-0.03276	0.05107
2617	-0.03349	0.05083
2618	-0.03426	0.05023
2619	-0.035	0.05021
2620	-0.03575	0.05035
2621	-0.03654	0.05011
2622	-0.03735	0.05054
2623	-0.03808	0.0508
2624	-0.03877	0.05098
2625	-0.03942	0.05136
2626	-0.04007	0.05158
2627	-0.04056	0.05206
2628	-0.04089	0.0523
2629	-0.04105	0.05257
2630	-0.04116	0.05244
2631	-0.04115	0.05223
2632	-0.04095	0.05203
2633	-0.04064	0.05167
2634	-0.04023	0.05118
2635	-0.03969	0.05122
2636	-0.03898	0.0505
2637	-0.0381	0.05034
2638	-0.03704	0.04981
2639	-0.03592	0.04996
2640	-0.03467	0.05016
2641	-0.03337	0.05002
2642	-0.03199	0.05051
2643	-0.03077	0.05082
2644	-0.02958	0.05106
2645	-0.0285	0.05151
2646	-0.02751	0.05176
2647	-0.02661	0.05229
2648	-0.02591	0.05254
2649	-0.02544	0.05281
2650	-0.02514	0.0526
2651	-0.02515	0.0523
2652	-0.02543	0.0522
2653	-0.02583	0.05186
2654	-0.02635	0.05128
2655	-0.027	0.05127
2656	-0.02772	0.05049
2657	-0.02857	0.05032
2658	-0.02946	0.04967
2659	-0.03036	0.04993
2660	-0.03125	0.05005
2661	-0.03223	0.04984
2662	-0.03317	0.05032
2663	-0.03403	0.05058
2664	-0.03489	0.05076
2665	-0.03569	0.05125
2666	-0.03643	0.05148
2667	-0.03702	0.05195
2668	-0.03745	0.05222
2669	-0.03787	0.05238
2670	-0.03821	0.0522
2671	-0.03853	0.0519
2672	-0.03866	0.05177
2673	-0.03865	0.05142
2674	-0.03842	0.05085
2675	-0.03808	0.05086
2676	-0.03761	0.05012
2677	-0.03699	0.05001
2678	-0.03632	0.0494
2679	-0.03556	0.04972
2680	-0.0347	0.04993
2681	-0.03379	0.04981
2682	-0.03278	0.05037
2683	-0.03181	0.05068
2684	-0.03088	0.051
2685	-0.03008	0.05148
2686	-0.02938	0.05171
2687	-0.02876	0.05223
2688	-0.02831	0.05243
2689	-0.02803	0.05247
2690	-0.02796	0.0523
2691	-0.02858	0.052
2692	-0.02935	0.05179
2693	-0.03032	0.05144
2694	-0.03146	0.05082
2695	-0.03267	0.05082
2696	-0.03397	0.05001
2697	-0.03532	0.04985
2698	-0.03672	0.04925
2699	-0.03818	0.04955
2700	-0.03958	0.04974
2701	-0.04093	0.04964
2702	-0.04175	0.05014
2703	-0.0425	0.05045
2704	-0.04313	0.05067
2705	-0.04355	0.05109
2706	-0.0439	0.05132
2707	-0.04416	0.0518
2708	-0.0443	0.05208
2709	-0.04423	0.05203
2710	-0.04393	0.05187
2711	-0.0435	0.05156
2712	-0.04296	0.05133
2713	-0.04235	0.05095
2714	-0.04166	0.05035
2715	-0.04084	0.05039
2716	-0.04002	0.0497
2717	-0.03915	0.04955
2718	-0.03825	0.04914
2719	-0.03742	0.04944
2720	-0.03671	0.04973
2721	-0.03607	0.04961
2722	-0.03551	0.05017
2723	-0.03504	0.05053
2724	-0.03463	0.05077
2725	-0.03434	0.05119
2726	-0.0342	0.05143
2727	-0.03426	0.05185
2728	-0.03449	0.05206
2729	-0.03489	0.05199
2730	-0.03533	0.0518
2731	-0.03591	0.05145
2732	-0.0366	0.05119
2733	-0.03735	0.05084
2734	-0.03817	0.05017
2735	-0.03908	0.05017
2736	-0.03998	0.04944
2737	-0.04091	0.04932
2738	-0.04173	0.04879
2739	-0.04255	0.04919
2740	-0.04328	0.04944
2741	-0.044	0.04937
2742	-0.04466	0.04986
2743	-0.04526	0.05013
2744	-0.04578	0.05046
2745	-0.04616	0.0508
2746	-0.04642	0.05102
2747	-0.04663	0.05147
2748	-0.04677	0.0516
2749	-0.0468	0.05154
2750	-0.04667	0.05131
2751	-0.04644	0.05099
2752	-0.04608	0.05077
2753	-0.04562	0.05039
2754	-0.04509	0.04976
2755	-0.04451	0.04987
2756	-0.04393	0.04922
2757	-0.04328	0.04903
2758	-0.04254	0.04873
2759	-0.04182	0.04913
2760	-0.04117	0.04945
2761	-0.0406	0.04941
2762	-0.04011	0.04996
2763	-0.03971	0.05026
2764	-0.0394	0.05061
2765	-0.03922	0.05096
2766	-0.03915	0.05118
2767	-0.03918	0.05156
2768	-0.0393	0.05164
2769	-0.03962	0.05156
2770	-0.04	0.05128
2771	-0.04052	0.05091
2772	-0.04112	0.05069
2773	-0.04183	0.0503
2774	-0.04256	0.04956
2775	-0.04328	0.04963
2776	-0.04403	0.04889
2777	-0.04482	0.04877
2778	-0.04553	0.04837
2779	-0.04628	0.04878
2780	-0.04696	0.04904
2781	-0.04767	0.049
2782	-0.04831	0.04955
2783	-0.04886	0.04975
2784	-0.04927	0.0501
2785	-0.04962	0.05043
2786	-0.04994	0.0506
2787	-0.05013	0.0511
2788	-0.05016	0.05113
2789	-0.05012	0.05106
2790	-0.05001	0.05086
2791	-0.04976	0.05045
2792	-0.04896	0.05018
2793	-0.04811	0.04989
2794	-0.0472	0.04921
2795	-0.0462	0.0494
2796	-0.04518	0.04871
2797	-0.04417	0.04864
2798	-0.04317	0.04834
2799	-0.04227	0.04878
2800	-0.04146	0.04911
2801	-0.04069	0.04906
2802	-0.03997	0.04961
2803	-0.03977	0.04984
2804	-0.03957	0.05018
2805	-0.0395	0.05052
2806	-0.03952	0.05069
2807	-0.03966	0.05111
2808	-0.0399	0.05107
2809	-0.04019	0.05093
2810	-0.0405	0.05073
2811	-0.04083	0.05031
2812	-0.04115	0.05006
2813	-0.04163	0.04978
2814	-0.04215	0.04907
2815	-0.04269	0.0492
2816	-0.04329	0.04849
2817	-0.0439	0.04841
2818	-0.04449	0.04806
2819	-0.04505	0.04849
2820	-0.04562	0.04874
2821	-0.04611	0.04876
2822	-0.04649	0.04928
2823	-0.04694	0.04943
2824	-0.04712	0.04971
2825	-0.04716	0.04999
2826	-0.04716	0.05016
2827	-0.04693	0.05058
2828	-0.04662	0.05057
2829	-0.04615	0.05047
2830	-0.04557	0.05029
2831	-0.04491	0.0499
2832	-0.04426	0.04971
2833	-0.04373	0.04955
2834	-0.04309	0.04888
2835	-0.04251	0.04915
2836	-0.04192	0.04856
2837	-0.04135	0.04857
2838	-0.04075	0.04837
2839	-0.04016	0.04882
2840	-0.03968	0.04908
2841	-0.0393	0.04909
2842	-0.039	0.0497
2843	-0.03879	0.0498
2844	-0.03848	0.05006
2845	-0.03831	0.05032
2846	-0.03828	0.05039
2847	-0.03847	0.05071
2848	-0.0387	0.05061
2849	-0.03905	0.05054
2850	-0.03941	0.0503
2851	-0.03978	0.04986
2852	-0.04014	0.04959
2853	-0.04051	0.04944
2854	-0.04086	0.04874
2855	-0.04136	0.049
2856	-0.04182	0.04834
2857	-0.04221	0.04834
2858	-0.04252	0.04808
2859	-0.04287	0.0485
2860	-0.0432	0.04877
2861	-0.04363	0.04877
2862	-0.04409	0.04933
2863	-0.04456	0.04938
2864	-0.04491	0.04961
2865	-0.04524	0.04982
2866	-0.04543	0.04988
2867	-0.04551	0.05017
2868	-0.04559	0.05003
2869	-0.04551	0.04999
2870	-0.04526	0.04978
2871	-0.04492	0.0494
2872	-0.04447	0.04913
2873	-0.04401	0.04909
2874	-0.04357	0.04856
2875	-0.04316	0.04889
2876	-0.0427	0.04841
2877	-0.04225	0.04852
2878	-0.04186	0.04837
2879	-0.04143	0.04885
2880	-0.04109	0.04921
2881	-0.04085	0.04919
2882	-0.04075	0.04982
2883	-0.04075	0.04984
2884	-0.04073	0.0499
2885	-0.04068	0.05004
2886	-0.04072	0.05007
2887	-0.04081	0.0503
2888	-0.04086	0.0501
2889	-0.04087	0.05
2890	-0.04107	0.04975
2891	-0.04133	0.04937
2892	-0.0417	0.04914
2893	-0.04215	0.04905
2894	-0.04252	0.04851
2895	-0.04298	0.0488
2896	-0.04348	0.04827
2897	-0.04396	0.04835
2898	-0.04448	0.04817
2899	-0.04508	0.04878
2900	-0.04582	0.04912
2901	-0.04635	0.0491
2902	-0.04686	0.04968
2903	-0.04727	0.04966
2904	-0.04756	0.04971
2905	-0.04805	0.04987
2906	-0.04847	0.04981
2907	-0.0488	0.05006
2908	-0.04903	0.04984
2909	-0.04924	0.04967
2910	-0.0495	0.04944
2911	-0.04976	0.04901
2912	-0.05012	0.04876
2913	-0.05048	0.04863
2914	-0.05097	0.04816
2915	-0.0516	0.04847
2916	-0.05214	0.04798
2917	-0.05275	0.04801
2918	-0.05348	0.04783
2919	-0.05431	0.04849
2920	-0.05524	0.04878
2921	-0.05614	0.04876
2922	-0.05695	0.04939
2923	-0.05771	0.04937
2924	-0.05848	0.04939
2925	-0.05913	0.04959
2926	-0.05969	0.04955
2927	-0.06018	0.04979
2928	-0.0607	0.04957
2929	-0.06106	0.04922
2930	-0.06137	0.04897
2931	-0.06159	0.04854
2932	-0.06172	0.04821
2933	-0.06185	0.04812
2934	-0.06198	0.04762
2935	-0.06202	0.04794
2936	-0.062	0.04744
2937	-0.06192	0.04751
2938	-0.06164	0.04737
2939	-0.06112	0.04809
2940	-0.06063	0.04843
2941	-0.05998	0.0485
2942	-0.05919	0.04918
2943	-0.05841	0.04927
2944	-0.05758	0.04942
2945	-0.0567	0.0497
2946	-0.0558	0.04974
2947	-0.05487	0.05005
2948	-0.05399	0.04989
2949	-0.05325	0.04962
2950	-0.05267	0.04945
2951	-0.05218	0.04896
2952	-0.05185	0.04861
2953	-0.05171	0.04846
2954	-0.05171	0.04798
2955	-0.05184	0.04823
2956	-0.05206	0.04766
2957	-0.05239	0.04761
2958	-0.05288	0.04743
2959	-0.05341	0.04803
2960	-0.05405	0.04827
2961	-0.05474	0.04827
2962	-0.05546	0.04893
2963	-0.05623	0.04899
2964	-0.05701	0.04906
2965	-0.05777	0.04933
2966	-0.0585	0.04929
2967	-0.05926	0.04964
2968	-0.05995	0.04944
2969	-0.06055	0.04922
2970	-0.06108	0.04898
2971	-0.0615	0.04844
2972	-0.06181	0.04807
2973	-0.06197	0.04792
2974	-0.06201	0.04741
2975	-0.06183	0.04761
2976	-0.06146	0.04704
2977	-0.06102	0.04727
2978	-0.06038	0.04712
2979	-0.05963	0.04782
2980	-0.05871	0.0481
2981	-0.05774	0.04821
2982	-0.05674	0.04893
2983	-0.05549	0.04908
2984	-0.05432	0.04926
2985	-0.05317	0.04953
2986	-0.05218	0.04966
2987	-0.05132	0.04994
2988	-0.05061	0.0497
2989	-0.05005	0.04944
2990	-0.04967	0.04921
2991	-0.04946	0.04866
2992	-0.04941	0.04823
2993	-0.04955	0.04802
2994	-0.05005	0.04749
2995	-0.05048	0.04766
2996	-0.05113	0.0471
2997	-0.05182	0.04725
2998	-0.05281	0.04709
2999	-0.05383	
