16	0	0.05082	0.04935	0.04599	0.0023	0.00371	0.00687	0.00738	4.38431E-5	3.19503E-5	5.12857E-5	0	3.0748E-4	3.0748E-4	2.0535E-4	2.78234E-11
15	0.05082	0	0.05241	0.04998	0.00356	0.00215	0.00658	0.00709	3.87145E-5	2.68217E-5	0	5.12857E-5	2.19696E-4	2.19696E-4	7.35929E-11	2.07391E-4
14	0.04935	0.05241	0	0.05521	0.00744	0.00834	0.00724	0.00775	1.70176E-5	0	2.71543E-5	2.71543E-5	1.36144E-10	1.36144E-10	2.26189E-4	3.27314E-4
13	0.04599	0.04998	0.05521	0	0.00795	0.00834	0.00724	0.00801	0	1.778E-5	4.64235E-5	4.64241E-5	1.36144E-10	1.36144E-10	2.26189E-4	3.27314E-4
12	0.0023	0.00356	0.00744	0.00795	0	0.04769	0.04792	0.03473	3.14497E-4	3.14497E-4	2.04468E-4	4.38046E-11	6.41501E-5	5.90215E-5	2.22428E-5	0
11	0.00371	0.00215	0.00834	0.00834	0.04769	0	0.05079	0.03415	2.13289E-4	2.13289E-4	4.14813E-10	2.05482E-4	3.88518E-5	3.37232E-5	0	2.18925E-5
10	0.00687	0.00658	0.00724	0.00724	0.04792	0.05079	0	0.03943	2.13289E-4	1.62301E-10	2.17766E-4	3.16961E-4	5.12857E-5	0	3.33345E-5	4.89614E-5
9	0.00738	0.00709	0.00775	0.00801	0.03473	0.03415	0.03943	0	1.62301E-10	2.17766E-4	2.17766E-4	3.16961E-4	0	5.12857E-5	3.84631E-5	5.409E-5
8	4.38431E-5	3.87145E-5	1.70176E-5	0	3.14497E-4	2.13289E-4	2.13289E-4	1.62301E-10	0	0.03943	0.03415	0.03473	0.00827	0.00775	0.00868	0.00789
7	3.19503E-5	2.68217E-5	0	1.778E-5	3.14497E-4	2.13289E-4	1.62301E-10	2.17766E-4	0.03943	0	0.05167	0.04827	0.00775	0.00724	0.00817	0.00738
6	5.12857E-5	0	2.71543E-5	4.64235E-5	2.04468E-4	4.14813E-10	2.17766E-4	2.17766E-4	0.03415	0.05167	0	0.0471	0.00714	0.00663	0.00215	0.00358
5	0	5.12857E-5	2.71543E-5	4.64241E-5	4.38046E-11	2.05482E-4	3.16961E-4	3.16961E-4	0.03473	0.04827	0.0471	0	0.0074	0.00689	0.00368	0.0023
4	3.0748E-4	2.19696E-4	1.36144E-10	1.36144E-10	6.41501E-5	3.88518E-5	5.12857E-5	0	0.00827	0.00775	0.00714	0.0074	0	0.05521	0.04998	0.04599
3	3.0748E-4	2.19696E-4	1.36144E-10	1.36144E-10	5.90215E-5	3.37232E-5	0	5.12857E-5	0.00775	0.00724	0.00663	0.00689	0.05521	0	0.05139	0.04933
2	2.0535E-4	7.35929E-11	2.26189E-4	2.26189E-4	2.22428E-5	0	3.33345E-5	3.84631E-5	0.00868	0.00817	0.00215	0.00368	0.04998	0.05139	0	0.04891
1	2.78234E-11	2.07391E-4	3.27314E-4	3.27314E-4	0	2.18925E-5	4.89614E-5	5.409E-5	0.00789	0.00738	0.00358	0.0023	0.04599	0.04933	0.04891	0
