0	0.73862	0.75032	0.46065	0.46988	0.2113	0.21645	0.2173	0.22245	0.46665	0.47588	0.74462	0.75632
1	0.73691	0.74974	0.45955	0.46953	0.21083	0.21629	0.21683	0.22229	0.46555	0.47553	0.74291	0.75574
2	0.73525	0.74945	0.45849	0.46935	0.21038	0.21623	0.21638	0.22223	0.46449	0.47535	0.74125	0.75545
3	0.73369	0.74946	0.4575	0.46938	0.20996	0.21626	0.21596	0.22226	0.4635	0.47538	0.73969	0.75546
4	0.73229	0.7498	0.4566	0.46962	0.2096	0.21639	0.2156	0.22239	0.4626	0.47562	0.73829	0.7558
5	0.73108	0.75047	0.45583	0.47008	0.20929	0.21663	0.21529	0.22263	0.46183	0.47608	0.73708	0.75647
6	0.7301	0.75146	0.45521	0.47073	0.20904	0.21696	0.21504	0.22296	0.46121	0.47673	0.7361	0.75746
7	0.72938	0.75274	0.45475	0.47158	0.20887	0.21739	0.21487	0.22339	0.46075	0.47758	0.73538	0.75874
8	0.72895	0.75428	0.45447	0.47259	0.20878	0.21789	0.21478	0.22389	0.46047	0.47859	0.73495	0.76028
9	0.72881	0.75602	0.45439	0.47374	0.20877	0.21846	0.21477	0.22446	0.46039	0.47974	0.73481	0.76202
10	0.72898	0.75791	0.45449	0.47498	0.20885	0.21907	0.21485	0.22507	0.46049	0.48098	0.73498	0.76391
11	0.72945	0.75989	0.45479	0.47627	0.20901	0.21971	0.21501	0.22571	0.46079	0.48227	0.73545	0.76589
13	0.73021	0.76192	0.45528	0.4776	0.20927	0.22036	0.21527	0.22636	0.46128	0.4836	0.73621	0.76792
14	0.73124	0.76389	0.45594	0.47889	0.2096	0.22099	0.2156	0.22699	0.46194	0.48489	0.73724	0.76989
15	0.73249	0.76577	0.45675	0.48012	0.21	0.22159	0.216	0.22759	0.46275	0.48612	0.73849	0.77177
16	0.73395	0.76752	0.45769	0.48127	0.21046	0.22215	0.21646	0.22815	0.46369	0.48727	0.73995	0.77352
17	0.73556	0.7691	0.45873	0.4823	0.21098	0.22265	0.21698	0.22865	0.46473	0.4883	0.74156	0.7751
18	0.73728	0.77047	0.45985	0.48319	0.21154	0.22308	0.21754	0.22908	0.46585	0.48919	0.74328	0.77647
19	0.73905	0.77162	0.46101	0.48395	0.21213	0.22343	0.21813	0.22943	0.46701	0.48995	0.74505	0.77762
20	0.74084	0.77254	0.46217	0.48454	0.21272	0.22371	0.21872	0.22971	0.46817	0.49054	0.74684	0.77854
21	0.74259	0.77321	0.46332	0.48498	0.21331	0.22391	0.21931	0.22991	0.46932	0.49098	0.74859	0.77921
22	0.74426	0.77364	0.46441	0.48527	0.21388	0.22403	0.21988	0.23003	0.47041	0.49127	0.75026	0.77964
23	0.7458	0.77384	0.46543	0.4854	0.21441	0.22408	0.22041	0.23008	0.47143	0.4914	0.7518	0.77984
24	0.7472	0.7738	0.46634	0.48537	0.21489	0.22405	0.22089	0.23005	0.47234	0.49137	0.7532	0.7798
25	0.74841	0.77353	0.46713	0.4852	0.21532	0.22394	0.22132	0.22994	0.47313	0.4912	0.75441	0.77953
26	0.74942	0.77304	0.46779	0.48488	0.21567	0.22377	0.22167	0.22977	0.47379	0.49088	0.75542	0.77904
27	0.75021	0.77233	0.46831	0.48442	0.21595	0.22353	0.22195	0.22953	0.47431	0.49042	0.75621	0.77833
28	0.75077	0.77141	0.46866	0.48383	0.21614	0.22323	0.22214	0.22923	0.47466	0.48983	0.75677	0.77741
29	0.7511	0.77028	0.46887	0.4831	0.21625	0.22286	0.22225	0.22886	0.47487	0.4891	0.7571	0.77628
30	0.7512	0.76895	0.46892	0.48224	0.21628	0.22243	0.22228	0.22843	0.47492	0.48824	0.7572	0.77495
31	0.75106	0.76745	0.46881	0.48127	0.21622	0.22195	0.22222	0.22795	0.47481	0.48727	0.75706	0.77345
32	0.7507	0.76579	0.46855	0.48019	0.21608	0.22142	0.22208	0.22742	0.47455	0.48619	0.7567	0.77179
34	0.75012	0.76402	0.46815	0.47905	0.21588	0.22085	0.22188	0.22685	0.47415	0.48505	0.75612	0.77002
35	0.74933	0.76214	0.46762	0.47784	0.2156	0.22026	0.2216	0.22626	0.47362	0.48384	0.75533	0.76814
36	0.74835	0.76022	0.46695	0.4766	0.21527	0.21966	0.22127	0.22566	0.47295	0.4826	0.75435	0.76622
37	0.74718	0.7583	0.46617	0.47536	0.21488	0.21906	0.22088	0.22506	0.47217	0.48136	0.75318	0.7643
38	0.74585	0.75646	0.46529	0.47418	0.21444	0.21848	0.22044	0.22448	0.47129	0.48018	0.75185	0.76246
39	0.74438	0.75474	0.46432	0.47307	0.21397	0.21795	0.21997	0.22395	0.47032	0.47907	0.75038	0.76074
40	0.7428	0.75321	0.46327	0.4721	0.21347	0.21748	0.21947	0.22348	0.46927	0.4781	0.7488	0.75921
41	0.74113	0.75193	0.46218	0.47128	0.21294	0.21709	0.21894	0.22309	0.46818	0.47728	0.74713	0.75793
42	0.73941	0.75093	0.46105	0.47065	0.21241	0.2168	0.21841	0.2228	0.46705	0.47665	0.74541	0.75693
43	0.73768	0.75026	0.45991	0.47024	0.21189	0.21661	0.21789	0.22261	0.46591	0.47624	0.74368	0.75626
44	0.73597	0.74995	0.45879	0.47006	0.21137	0.21654	0.21737	0.22254	0.46479	0.47606	0.74197	0.75595
45	0.73433	0.75	0.45772	0.47012	0.21087	0.21659	0.21687	0.22259	0.46372	0.47612	0.74033	0.756
46	0.7328	0.75042	0.45671	0.47042	0.21041	0.21675	0.21641	0.22275	0.46271	0.47642	0.7388	0.75642
47	0.73142	0.75118	0.4558	0.47094	0.20999	0.21702	0.21599	0.22302	0.4618	0.47694	0.73742	0.75718
48	0.73023	0.75226	0.45502	0.47167	0.20963	0.21739	0.21563	0.22339	0.46102	0.47767	0.73623	0.75826
49	0.72927	0.75362	0.45438	0.47257	0.20933	0.21784	0.21533	0.22384	0.46038	0.47857	0.73527	0.75962
50	0.72855	0.75521	0.4539	0.47362	0.2091	0.21836	0.2151	0.22436	0.4599	0.47962	0.73455	0.76121
51	0.72811	0.75697	0.45359	0.47478	0.20895	0.21893	0.21495	0.22493	0.45959	0.48078	0.73411	0.76297
52	0.72795	0.75886	0.45347	0.47601	0.20888	0.21953	0.21488	0.22553	0.45947	0.48201	0.73395	0.76486
53	0.72807	0.76081	0.45353	0.47728	0.2089	0.22014	0.2149	0.22614	0.45953	0.48328	0.73407	0.76681
55	0.72847	0.76279	0.45377	0.47857	0.209	0.22076	0.215	0.22676	0.45977	0.48457	0.73447	0.76879
56	0.72913	0.76472	0.45418	0.47982	0.20917	0.22136	0.21517	0.22736	0.46018	0.48582	0.73513	0.77072
57	0.73001	0.76656	0.45474	0.48101	0.20942	0.22192	0.21542	0.22792	0.46074	0.48701	0.73601	0.77256
58	0.7311	0.76827	0.45543	0.48211	0.20973	0.22244	0.21573	0.22844	0.46143	0.48811	0.7371	0.77427
59	0.73235	0.76981	0.45622	0.48311	0.2101	0.22292	0.2161	0.22892	0.46222	0.48911	0.73835	0.77581
60	0.73371	0.77114	0.45709	0.48397	0.2105	0.22333	0.2165	0.22933	0.46309	0.48997	0.73971	0.77714
61	0.73514	0.77224	0.45801	0.48469	0.21093	0.22367	0.21693	0.22967	0.46401	0.49069	0.74114	0.77824
62	0.73658	0.77306	0.45894	0.48523	0.21137	0.22394	0.21737	0.22994	0.46494	0.49123	0.74258	0.77906
63	0.738	0.77359	0.45985	0.48559	0.2118	0.22412	0.2178	0.23012	0.46585	0.49159	0.744	0.77959
64	0.73934	0.7738	0.46072	0.48575	0.21222	0.2242	0.21822	0.2302	0.46672	0.49175	0.74534	0.7798
65	0.74055	0.77367	0.4615	0.48569	0.2126	0.22419	0.2186	0.23019	0.4675	0.49169	0.74655	0.77967
66	0.74161	0.77319	0.46219	0.4854	0.21293	0.22407	0.21893	0.23007	0.46819	0.4914	0.74761	0.77919
67	0.74247	0.77235	0.46274	0.48488	0.21321	0.22384	0.21921	0.22984	0.46874	0.49088	0.74847	0.77835
68	0.74311	0.77116	0.46316	0.48414	0.21342	0.22349	0.21942	0.22949	0.46916	0.49014	0.74911	0.77716
69	0.7435	0.76964	0.46341	0.48318	0.21355	0.22304	0.21955	0.22904	0.46941	0.48918	0.7495	0.77564
70	0.74363	0.76781	0.4635	0.48202	0.2136	0.22249	0.2196	0.22849	0.4695	0.48802	0.74963	0.77381
71	0.74348	0.76572	0.46341	0.48068	0.21357	0.22184	0.21957	0.22784	0.46941	0.48668	0.74948	0.77172
72	0.74307	0.76343	0.46314	0.47921	0.21345	0.22112	0.21945	0.22712	0.46914	0.48521	0.74907	0.76943
73	0.74239	0.761	0.46271	0.47764	0.21325	0.22035	0.21925	0.22635	0.46871	0.48364	0.74839	0.767
74	0.74146	0.75851	0.46211	0.47603	0.21297	0.21955	0.21897	0.22555	0.46811	0.48203	0.74746	0.76451
76	0.74031	0.75606	0.46136	0.47445	0.21262	0.21875	0.21862	0.22475	0.46736	0.48045	0.74631	0.76206
77	0.73895	0.75371	0.46048	0.47292	0.21221	0.21798	0.21821	0.22398	0.46648	0.47892	0.74495	0.75971
78	0.73743	0.75155	0.4595	0.47152	0.21174	0.21728	0.21774	0.22328	0.4655	0.47752	0.74343	0.75755
79	0.73578	0.74967	0.45843	0.4703	0.21123	0.21666	0.21723	0.22266	0.46443	0.4763	0.74178	0.75567
80	0.73405	0.74813	0.4573	0.46931	0.2107	0.21616	0.2167	0.22216	0.4633	0.47531	0.74005	0.75413
81	0.73229	0.74699	0.45616	0.46858	0.21016	0.2158	0.21616	0.2218	0.46216	0.47458	0.73829	0.75299
82	0.73056	0.74628	0.45503	0.46813	0.20963	0.21558	0.21563	0.22158	0.46103	0.47413	0.73656	0.75228
83	0.72889	0.74603	0.45395	0.46799	0.20912	0.21552	0.21512	0.22152	0.45995	0.47399	0.73489	0.75203
84	0.72735	0.74621	0.45295	0.46815	0.20865	0.21562	0.21465	0.22162	0.45895	0.47415	0.73335	0.75221
85	0.72597	0.74683	0.45206	0.46859	0.20824	0.21587	0.21424	0.22187	0.45806	0.47459	0.73197	0.75283
86	0.72481	0.74784	0.45131	0.46929	0.2079	0.21626	0.2139	0.22226	0.45731	0.47529	0.73081	0.75384
87	0.72389	0.74917	0.45073	0.47021	0.20764	0.21676	0.21364	0.22276	0.45673	0.47621	0.72989	0.75517
88	0.72325	0.75079	0.45032	0.47131	0.20747	0.21736	0.21347	0.22336	0.45632	0.47731	0.72925	0.75679
89	0.7229	0.7526	0.45011	0.47255	0.20739	0.21803	0.21339	0.22403	0.45611	0.47855	0.7289	0.7586
90	0.72285	0.75453	0.45009	0.47387	0.20741	0.21874	0.21341	0.22474	0.45609	0.47987	0.72885	0.76053
91	0.72309	0.75653	0.45027	0.47522	0.20751	0.21947	0.21351	0.22547	0.45627	0.48122	0.72909	0.76253
92	0.72363	0.75851	0.45063	0.47656	0.2077	0.22019	0.2137	0.22619	0.45663	0.48256	0.72963	0.76451
93	0.72443	0.76042	0.45116	0.47785	0.20797	0.22088	0.21397	0.22688	0.45716	0.48385	0.73043	0.76642
94	0.72547	0.76221	0.45185	0.47906	0.20831	0.22152	0.21431	0.22752	0.45785	0.48506	0.73147	0.76821
95	0.7267	0.76383	0.45266	0.48015	0.20869	0.2221	0.21469	0.2281	0.45866	0.48615	0.7327	0.76983
97	0.7281	0.76527	0.45357	0.48113	0.20913	0.22262	0.21513	0.22862	0.45957	0.48713	0.7341	0.77127
98	0.72962	0.76648	0.45455	0.48195	0.20958	0.22305	0.21558	0.22905	0.46055	0.48795	0.73562	0.77248
99	0.7312	0.76747	0.45557	0.48262	0.21004	0.22341	0.21604	0.22941	0.46157	0.48862	0.7372	0.77347
100	0.73281	0.76821	0.4566	0.48313	0.2105	0.22368	0.2165	0.22968	0.4626	0.48913	0.73881	0.77421
101	0.7344	0.76872	0.45761	0.48348	0.21094	0.22388	0.21694	0.22988	0.46361	0.48948	0.7404	0.77472
102	0.73594	0.76899	0.45858	0.48368	0.21136	0.22399	0.21736	0.22999	0.46458	0.48968	0.74194	0.77499
103	0.73738	0.76903	0.45948	0.48373	0.21175	0.22403	0.21775	0.23003	0.46548	0.48973	0.74338	0.77503
104	0.7387	0.76883	0.46031	0.48361	0.21209	0.22398	0.21809	0.22998	0.46631	0.48961	0.7447	0.77483
105	0.73988	0.76841	0.46104	0.48335	0.21239	0.22386	0.21839	0.22986	0.46704	0.48935	0.74588	0.77441
106	0.7409	0.76775	0.46167	0.48294	0.21265	0.22367	0.21865	0.22967	0.46767	0.48894	0.7469	0.77375
107	0.74174	0.76688	0.46218	0.48238	0.21285	0.2234	0.21885	0.2294	0.46818	0.48838	0.74774	0.77288
108	0.74239	0.76579	0.46258	0.48167	0.21301	0.22305	0.21901	0.22905	0.46858	0.48767	0.74839	0.77179
109	0.74285	0.7645	0.46286	0.48083	0.21311	0.22264	0.21911	0.22864	0.46886	0.48683	0.74885	0.7705
110	0.74312	0.76302	0.46302	0.47986	0.21317	0.22215	0.21917	0.22815	0.46902	0.48586	0.74912	0.76902
111	0.74318	0.76138	0.46306	0.47877	0.21318	0.22161	0.21918	0.22761	0.46906	0.48477	0.74918	0.76738
112	0.74304	0.75959	0.46298	0.47759	0.21314	0.22102	0.21914	0.22702	0.46898	0.48359	0.74904	0.76559
113	0.74271	0.7577	0.46278	0.47634	0.21306	0.22039	0.21906	0.22639	0.46878	0.48234	0.74871	0.7637
114	0.74218	0.75574	0.46247	0.47504	0.21292	0.21974	0.21892	0.22574	0.46847	0.48104	0.74818	0.76174
115	0.74146	0.75377	0.46203	0.47373	0.21273	0.21908	0.21873	0.22508	0.46803	0.47973	0.74746	0.75977
116	0.74056	0.75185	0.46148	0.47245	0.2125	0.21844	0.2185	0.22444	0.46748	0.47845	0.74656	0.75785
118	0.73949	0.75003	0.46083	0.47124	0.21222	0.21784	0.21822	0.22384	0.46683	0.47724	0.74549	0.75603
119	0.73825	0.74835	0.46007	0.47013	0.21189	0.21729	0.21789	0.22329	0.46607	0.47613	0.74425	0.75435
120	0.73688	0.74688	0.45921	0.46915	0.21152	0.21681	0.21752	0.22281	0.46521	0.47515	0.74288	0.75288
121	0.73539	0.74567	0.45829	0.46835	0.21111	0.21642	0.21711	0.22242	0.46429	0.47435	0.74139	0.75167
122	0.73381	0.74476	0.45731	0.46775	0.21067	0.21614	0.21667	0.22214	0.46331	0.47375	0.73981	0.75076
123	0.73219	0.74418	0.45629	0.46737	0.21022	0.21598	0.21622	0.22198	0.46229	0.47337	0.73819	0.75018
124	0.73056	0.74395	0.45526	0.46723	0.20976	0.21593	0.21576	0.22193	0.46126	0.47323	0.73656	0.74995
125	0.72896	0.74408	0.45426	0.46733	0.20931	0.21601	0.21531	0.22201	0.46026	0.47333	0.73496	0.75008
126	0.72745	0.74457	0.4533	0.46766	0.20888	0.2162	0.21488	0.2222	0.4593	0.47366	0.73345	0.75057
127	0.72607	0.74539	0.45243	0.4682	0.20848	0.2165	0.21448	0.2225	0.45843	0.4742	0.73207	0.75139
128	0.72486	0.74652	0.45167	0.46895	0.20814	0.21689	0.21414	0.22289	0.45767	0.47495	0.73086	0.75252
129	0.72387	0.74792	0.45105	0.46987	0.20786	0.21737	0.21386	0.22337	0.45705	0.47587	0.72987	0.75392
130	0.72313	0.74953	0.45059	0.47093	0.20765	0.21791	0.21365	0.22391	0.45659	0.47693	0.72913	0.75553
131	0.72268	0.7513	0.45031	0.47208	0.20753	0.21849	0.21353	0.22449	0.45631	0.47808	0.72868	0.7573
132	0.72251	0.75317	0.45022	0.4733	0.20748	0.2191	0.21348	0.2251	0.45622	0.4793	0.72851	0.75917
133	0.72265	0.7551	0.45032	0.47455	0.20753	0.21972	0.21353	0.22572	0.45632	0.48055	0.72865	0.7611
134	0.72307	0.75702	0.45061	0.47578	0.20765	0.22032	0.21365	0.22632	0.45661	0.48178	0.72907	0.76302
135	0.72378	0.75888	0.45107	0.47698	0.20785	0.2209	0.21385	0.2269	0.45707	0.48298	0.72978	0.76488
136	0.72473	0.76064	0.4517	0.4781	0.20812	0.22144	0.21412	0.22744	0.4577	0.4841	0.73073	0.76664
137	0.7259	0.76227	0.45245	0.47913	0.20845	0.22193	0.21445	0.22793	0.45845	0.48513	0.7319	0.76827
139	0.72724	0.76375	0.45332	0.48007	0.20882	0.22236	0.21482	0.22836	0.45932	0.48607	0.73324	0.76975
140	0.72871	0.76504	0.45426	0.48087	0.20921	0.22274	0.21521	0.22874	0.46026	0.48687	0.73471	0.77104
141	0.73025	0.76613	0.45524	0.48155	0.20962	0.22305	0.21562	0.22905	0.46124	0.48755	0.73625	0.77213
142	0.73182	0.76702	0.45624	0.48209	0.21002	0.22329	0.21602	0.22929	0.46224	0.48809	0.73782	0.77302
143	0.73339	0.76769	0.45722	0.4825	0.21041	0.22347	0.21641	0.22947	0.46322	0.4885	0.73939	0.77369
144	0.7349	0.76817	0.45816	0.48277	0.21078	0.22358	0.21678	0.22958	0.46416	0.48877	0.7409	0.77417
145	0.73633	0.76843	0.45905	0.48291	0.21112	0.22363	0.21712	0.22963	0.46505	0.48891	0.74233	0.77443
146	0.73764	0.76849	0.45987	0.48292	0.21143	0.22361	0.21743	0.22961	0.46587	0.48892	0.74364	0.77449
147	0.73883	0.76834	0.4606	0.48279	0.21169	0.22353	0.21769	0.22953	0.4666	0.48879	0.74483	0.77434
148	0.73986	0.76798	0.46123	0.48252	0.21192	0.22339	0.21792	0.22939	0.46723	0.48852	0.74586	0.77398
149	0.74073	0.76742	0.46176	0.48212	0.2121	0.22318	0.2181	0.22918	0.46776	0.48812	0.74673	0.77342
150	0.74142	0.76665	0.46219	0.48158	0.21224	0.2229	0.21824	0.2289	0.46819	0.48758	0.74742	0.77265
151	0.74193	0.76568	0.4625	0.48092	0.21233	0.22255	0.21833	0.22855	0.4685	0.48692	0.74793	0.77168
152	0.74225	0.76452	0.4627	0.48012	0.21239	0.22215	0.21839	0.22815	0.4687	0.48612	0.74825	0.77052
153	0.74237	0.76318	0.46279	0.4792	0.21241	0.22168	0.21841	0.22768	0.46879	0.4852	0.74837	0.76918
154	0.74227	0.76167	0.46275	0.47817	0.21238	0.22115	0.21838	0.22715	0.46875	0.48417	0.74827	0.76767
155	0.74196	0.76003	0.46258	0.47705	0.21231	0.22058	0.21831	0.22658	0.46858	0.48305	0.74796	0.76603
156	0.74143	0.75828	0.46229	0.47586	0.2122	0.21997	0.2182	0.22597	0.46829	0.48186	0.74743	0.76428
157	0.74067	0.75648	0.46186	0.47463	0.21204	0.21934	0.21804	0.22534	0.46786	0.48063	0.74667	0.76248
158	0.7397	0.75468	0.4613	0.47339	0.21184	0.2187	0.21784	0.2247	0.4673	0.47939	0.7457	0.76068
160	0.73852	0.75294	0.46062	0.47219	0.2116	0.21807	0.2176	0.22407	0.46662	0.47819	0.74452	0.75894
161	0.73715	0.75129	0.45982	0.47106	0.21131	0.21747	0.21731	0.22347	0.46582	0.47706	0.74315	0.75729
162	0.73562	0.74982	0.45893	0.47003	0.21099	0.21692	0.21699	0.22292	0.46493	0.47603	0.74162	0.75582
163	0.73396	0.74858	0.45795	0.46915	0.21063	0.21643	0.21663	0.22243	0.46395	0.47515	0.73996	0.75458
164	0.73224	0.74762	0.45693	0.46845	0.21026	0.21604	0.21626	0.22204	0.46293	0.47445	0.73824	0.75362
165	0.73049	0.74698	0.4559	0.46796	0.20989	0.21574	0.21589	0.22174	0.4619	0.47396	0.73649	0.75298
166	0.7288	0.7467	0.45489	0.46771	0.20952	0.21556	0.21552	0.22156	0.46089	0.47371	0.7348	0.7527
167	0.72721	0.7468	0.45395	0.4677	0.20917	0.2155	0.21517	0.2215	0.45995	0.4737	0.73321	0.7528
168	0.72579	0.74726	0.45312	0.46793	0.20887	0.21557	0.21487	0.22157	0.45912	0.47393	0.73179	0.75326
169	0.72461	0.74808	0.45242	0.4684	0.20863	0.21575	0.21463	0.22175	0.45842	0.4744	0.73061	0.75408
170	0.72371	0.74923	0.45191	0.46908	0.20845	0.21605	0.21445	0.22205	0.45791	0.47508	0.72971	0.75523
171	0.72314	0.75066	0.45159	0.46995	0.20835	0.21645	0.21435	0.22245	0.45759	0.47595	0.72914	0.75666
172	0.72292	0.75231	0.45149	0.47097	0.20835	0.21693	0.21435	0.22293	0.45749	0.47697	0.72892	0.75831
173	0.72305	0.75411	0.45161	0.47209	0.20843	0.21747	0.21443	0.22347	0.45761	0.47809	0.72905	0.76011
174	0.72354	0.756	0.45195	0.47328	0.2086	0.21805	0.2146	0.22405	0.45795	0.47928	0.72954	0.762
175	0.72435	0.75789	0.45249	0.47447	0.20886	0.21864	0.21486	0.22464	0.45849	0.48047	0.73035	0.76389
176	0.72546	0.75971	0.45321	0.47563	0.20919	0.21922	0.21519	0.22522	0.45921	0.48163	0.73146	0.76571
177	0.7268	0.7614	0.45408	0.47671	0.20957	0.21977	0.21557	0.22577	0.46008	0.48271	0.7328	0.7674
178	0.72833	0.7629	0.45506	0.47766	0.21001	0.22026	0.21601	0.22626	0.46106	0.48366	0.73433	0.7689
179	0.72998	0.76415	0.45611	0.47847	0.21046	0.22067	0.21646	0.22667	0.46211	0.48447	0.73598	0.77015
181	0.73168	0.76514	0.4572	0.4791	0.21093	0.22101	0.21693	0.22701	0.4632	0.4851	0.73768	0.77114
182	0.73336	0.76581	0.45826	0.47952	0.21138	0.22124	0.21738	0.22724	0.46426	0.48552	0.73936	0.77181
183	0.73498	0.76615	0.45928	0.47974	0.2118	0.22137	0.2178	0.22737	0.46528	0.48574	0.74098	0.77215
184	0.73647	0.76617	0.46022	0.47974	0.21219	0.22139	0.21819	0.22739	0.46622	0.48574	0.74247	0.77217
185	0.7378	0.76587	0.46106	0.47954	0.21252	0.22131	0.21852	0.22731	0.46706	0.48554	0.7438	0.77187
186	0.73894	0.76528	0.46177	0.47915	0.21279	0.22113	0.21879	0.22713	0.46777	0.48515	0.74494	0.77128
187	0.73986	0.76442	0.46234	0.47858	0.213	0.22085	0.219	0.22685	0.46834	0.48458	0.74586	0.77042
188	0.74056	0.76332	0.46278	0.47785	0.21315	0.2205	0.21915	0.2265	0.46878	0.48385	0.74656	0.76932
189	0.74102	0.76201	0.46306	0.47698	0.21323	0.22008	0.21923	0.22608	0.46906	0.48298	0.74702	0.76801
190	0.74124	0.76053	0.4632	0.47599	0.21326	0.2196	0.21926	0.2256	0.4692	0.48199	0.74724	0.76653
191	0.74124	0.75892	0.46321	0.47492	0.21323	0.21908	0.21923	0.22508	0.46921	0.48092	0.74724	0.76492
192	0.74101	0.75722	0.46308	0.47379	0.21315	0.21852	0.21915	0.22452	0.46908	0.47979	0.74701	0.76322
193	0.74057	0.75547	0.46282	0.47263	0.21303	0.21795	0.21903	0.22395	0.46882	0.47863	0.74657	0.76147
194	0.73992	0.7537	0.46244	0.47145	0.21286	0.21738	0.21886	0.22338	0.46844	0.47745	0.74592	0.7597
195	0.73908	0.75197	0.46195	0.47029	0.21266	0.21681	0.21866	0.22281	0.46795	0.47629	0.74508	0.75797
196	0.73806	0.7503	0.46134	0.46918	0.21242	0.21626	0.21842	0.22226	0.46734	0.47518	0.74406	0.7563
197	0.73687	0.74873	0.46064	0.46813	0.21215	0.21574	0.21815	0.22174	0.46664	0.47413	0.74287	0.75473
198	0.73553	0.74731	0.45984	0.46718	0.21185	0.21527	0.21785	0.22127	0.46584	0.47318	0.74153	0.75331
199	0.73406	0.74607	0.45896	0.46635	0.21153	0.21485	0.21753	0.22085	0.46496	0.47235	0.74006	0.75207
200	0.73249	0.74504	0.45801	0.46565	0.21119	0.21449	0.21719	0.22049	0.46401	0.47165	0.73849	0.75104
202	0.73086	0.74426	0.45703	0.46512	0.21084	0.21422	0.21684	0.22022	0.46303	0.47112	0.73686	0.75026
203	0.7292	0.74373	0.45602	0.46475	0.21048	0.21402	0.21648	0.22002	0.46202	0.47075	0.7352	0.74973
204	0.72756	0.74348	0.45502	0.46457	0.21012	0.21391	0.21612	0.21991	0.46102	0.47057	0.73356	0.74948
205	0.72599	0.74352	0.45406	0.46457	0.20977	0.21389	0.21577	0.21989	0.46006	0.47057	0.73199	0.74952
206	0.72455	0.74385	0.45318	0.46477	0.20946	0.21397	0.21546	0.21997	0.45918	0.47077	0.73055	0.74985
207	0.7233	0.74445	0.4524	0.46515	0.20919	0.21414	0.21519	0.22014	0.4584	0.47115	0.7293	0.75045
208	0.72229	0.74532	0.45178	0.4657	0.20898	0.21441	0.21498	0.22041	0.45778	0.4717	0.72829	0.75132
209	0.72156	0.74642	0.45133	0.46641	0.20884	0.21475	0.21484	0.22075	0.45733	0.47241	0.72756	0.75242
210	0.72117	0.74771	0.45109	0.46724	0.20879	0.21517	0.21479	0.22117	0.45709	0.47324	0.72717	0.75371
211	0.72114	0.74916	0.45108	0.46818	0.20883	0.21564	0.21483	0.22164	0.45708	0.47418	0.72714	0.75516
212	0.72149	0.75071	0.45132	0.46918	0.20897	0.21615	0.21497	0.22215	0.45732	0.47518	0.72749	0.75671
213	0.72222	0.75232	0.45179	0.47022	0.20922	0.21668	0.21522	0.22268	0.45779	0.47622	0.72822	0.75832
214	0.72332	0.75392	0.45251	0.47126	0.20958	0.21721	0.21558	0.22321	0.45851	0.47726	0.72932	0.75992
215	0.72477	0.75548	0.45344	0.47227	0.21003	0.21773	0.21603	0.22373	0.45944	0.47827	0.73077	0.76148
216	0.72652	0.75694	0.45458	0.47322	0.21056	0.21822	0.21656	0.22422	0.46058	0.47922	0.73252	0.76294
217	0.72852	0.75827	0.45587	0.47407	0.21117	0.21866	0.21717	0.22466	0.46187	0.48007	0.73452	0.76427
218	0.73072	0.75943	0.45729	0.47481	0.21183	0.21903	0.21783	0.22503	0.46329	0.48081	0.73672	0.76543
219	0.73304	0.76041	0.45879	0.47543	0.21252	0.21935	0.21852	0.22535	0.46479	0.48143	0.73904	0.76641
220	0.73542	0.76118	0.46031	0.47592	0.21322	0.21959	0.21922	0.22559	0.46631	0.48192	0.74142	0.76718
221	0.73779	0.76174	0.46183	0.47627	0.21391	0.21976	0.21991	0.22576	0.46783	0.48227	0.74379	0.76774
223	0.74008	0.76211	0.4633	0.47649	0.21457	0.21986	0.22057	0.22586	0.4693	0.48249	0.74608	0.76811
224	0.74223	0.76227	0.46466	0.47658	0.21518	0.2199	0.22118	0.2259	0.47066	0.48258	0.74823	0.76827
225	0.7442	0.76223	0.4659	0.47655	0.21572	0.21987	0.22172	0.22587	0.4719	0.48255	0.7502	0.76823
226	0.74595	0.76201	0.46699	0.47641	0.21618	0.2198	0.22218	0.2258	0.47299	0.48241	0.75195	0.76801
227	0.74744	0.76164	0.4679	0.47618	0.21655	0.2197	0.22255	0.2257	0.4739	0.48218	0.75344	0.76764
228	0.74866	0.76111	0.46863	0.47587	0.21682	0.21956	0.22282	0.22556	0.47463	0.48187	0.75466	0.76711
229	0.74959	0.76045	0.46917	0.47548	0.21701	0.2194	0.22301	0.2254	0.47517	0.48148	0.75559	0.76645
230	0.75024	0.75966	0.46952	0.47502	0.2171	0.21922	0.2231	0.22522	0.47552	0.48102	0.75624	0.76566
231	0.7506	0.75875	0.46968	0.4745	0.2171	0.21902	0.2231	0.22502	0.47568	0.4805	0.7566	0.76475
232	0.7507	0.75773	0.46967	0.47392	0.21701	0.21881	0.22301	0.22481	0.47567	0.47992	0.7567	0.76373
233	0.75053	0.7566	0.4695	0.47328	0.21686	0.21858	0.22286	0.22458	0.4755	0.47928	0.75653	0.7626
234	0.75013	0.75537	0.46918	0.47258	0.21663	0.21833	0.22263	0.22433	0.47518	0.47858	0.75613	0.76137
235	0.7495	0.75406	0.46871	0.47181	0.21634	0.21805	0.22234	0.22405	0.47471	0.47781	0.7555	0.76006
236	0.74866	0.75266	0.46812	0.471	0.216	0.21774	0.222	0.22374	0.47412	0.477	0.75466	0.75866
237	0.74763	0.75121	0.46742	0.47013	0.21562	0.21741	0.22162	0.22341	0.47342	0.47613	0.75363	0.75721
238	0.74643	0.74972	0.46661	0.46922	0.21519	0.21704	0.22119	0.22304	0.47261	0.47522	0.75243	0.75572
239	0.74507	0.74823	0.46571	0.46829	0.21473	0.21663	0.22073	0.22263	0.47171	0.47429	0.75107	0.75423
240	0.74357	0.74676	0.46473	0.46735	0.21424	0.21621	0.22024	0.22221	0.47073	0.47335	0.74957	0.75276
241	0.74196	0.74536	0.46368	0.46643	0.21373	0.21577	0.21973	0.22177	0.46968	0.47243	0.74796	0.75136
242	0.74025	0.74408	0.46259	0.46556	0.21321	0.21532	0.21921	0.22132	0.46859	0.47156	0.74625	0.75008
244	0.7385	0.74296	0.46147	0.46477	0.21269	0.21488	0.21869	0.22088	0.46747	0.47077	0.7445	0.74896
245	0.73672	0.74202	0.46035	0.46407	0.21216	0.21447	0.21816	0.22047	0.46635	0.47007	0.74272	0.74802
246	0.73497	0.7413	0.45924	0.4635	0.21166	0.21409	0.21766	0.22009	0.46524	0.4695	0.74097	0.7473
247	0.7333	0.74084	0.45819	0.46309	0.21119	0.21377	0.21719	0.21977	0.46419	0.46909	0.7393	0.74684
248	0.73175	0.74065	0.45722	0.46284	0.21077	0.21352	0.21677	0.21952	0.46322	0.46884	0.73775	0.74665
249	0.73038	0.74074	0.45636	0.46277	0.21041	0.21335	0.21641	0.21935	0.46236	0.46877	0.73638	0.74674
250	0.72925	0.74111	0.45566	0.46288	0.21012	0.21327	0.21612	0.21927	0.46166	0.46888	0.73525	0.74711
251	0.7284	0.74174	0.45514	0.46317	0.20993	0.21329	0.21593	0.21929	0.46114	0.46917	0.7344	0.74774
252	0.72788	0.74261	0.45484	0.46363	0.20984	0.2134	0.21584	0.2194	0.46084	0.46963	0.73388	0.74861
253	0.72772	0.74367	0.45476	0.46424	0.20985	0.2136	0.21585	0.2196	0.46076	0.47024	0.73372	0.74967
254	0.72795	0.7449	0.45493	0.46496	0.20998	0.21387	0.21598	0.21987	0.46093	0.47096	0.73395	0.7509
255	0.72857	0.74623	0.45534	0.46578	0.21022	0.21422	0.21622	0.22022	0.46134	0.47178	0.73457	0.75223
256	0.72957	0.74763	0.456	0.46667	0.21056	0.21463	0.21656	0.22063	0.462	0.47267	0.73557	0.75363
257	0.73093	0.74905	0.45688	0.46759	0.21101	0.21507	0.21701	0.22107	0.46288	0.47359	0.73693	0.75505
258	0.73259	0.75045	0.45795	0.46851	0.21153	0.21554	0.21753	0.22154	0.46395	0.47451	0.73859	0.75645
259	0.73451	0.75178	0.45918	0.46941	0.21211	0.21601	0.21811	0.22201	0.46518	0.47541	0.74051	0.75778
260	0.73661	0.75303	0.46051	0.47026	0.21273	0.21648	0.21873	0.22248	0.46651	0.47626	0.74261	0.75903
261	0.73881	0.75417	0.46191	0.47105	0.21337	0.21693	0.21937	0.22293	0.46791	0.47705	0.74481	0.76017
262	0.74101	0.75518	0.4633	0.47177	0.214	0.21736	0.22	0.22336	0.4693	0.47777	0.74701	0.76118
263	0.74314	0.75605	0.46464	0.4724	0.21459	0.21774	0.22059	0.22374	0.47064	0.4784	0.74914	0.76205
265	0.74512	0.75679	0.46588	0.47295	0.21512	0.21809	0.22112	0.22409	0.47188	0.47895	0.75112	0.76279
266	0.74684	0.75736	0.46695	0.47339	0.21557	0.21839	0.22157	0.22439	0.47295	0.47939	0.75284	0.76336
267	0.74826	0.75778	0.46783	0.47373	0.21593	0.21864	0.22193	0.22464	0.47383	0.47973	0.75426	0.76378
268	0.74932	0.75804	0.46847	0.47397	0.21617	0.21884	0.22217	0.22484	0.47447	0.47997	0.75532	0.76404
269	0.74999	0.75813	0.46887	0.4741	0.2163	0.21898	0.2223	0.22498	0.47487	0.4801	0.75599	0.76413
270	0.75024	0.75805	0.46899	0.47412	0.21631	0.21906	0.22231	0.22506	0.47499	0.48012	0.75624	0.76405
271	0.75008	0.75778	0.46886	0.47402	0.21619	0.21908	0.22219	0.22508	0.47486	0.48002	0.75608	0.76378
272	0.74951	0.75732	0.46847	0.47379	0.21597	0.21903	0.22197	0.22503	0.47447	0.47979	0.75551	0.76332
273	0.74858	0.75666	0.46785	0.47343	0.21565	0.21892	0.22165	0.22492	0.47385	0.47943	0.75458	0.76266
274	0.74731	0.75579	0.46702	0.47293	0.21523	0.21873	0.22123	0.22473	0.47302	0.47893	0.75331	0.76179
275	0.74578	0.7547	0.46602	0.47229	0.21474	0.21847	0.22074	0.22447	0.47202	0.47829	0.75178	0.7607
276	0.74403	0.75342	0.46489	0.47151	0.21419	0.21813	0.22019	0.22413	0.47089	0.47751	0.75003	0.75942
277	0.74212	0.75194	0.46366	0.4706	0.2136	0.21772	0.2196	0.22372	0.46966	0.4766	0.74812	0.75794
278	0.74013	0.7503	0.46238	0.46957	0.21299	0.21724	0.21899	0.22324	0.46838	0.47557	0.74613	0.7563
279	0.73811	0.74854	0.46108	0.46844	0.21237	0.21669	0.21837	0.22269	0.46708	0.47444	0.74411	0.75454
280	0.73612	0.74669	0.4598	0.46724	0.21177	0.2161	0.21777	0.2221	0.4658	0.47324	0.74212	0.75269
281	0.73422	0.74482	0.45859	0.46601	0.21119	0.21548	0.21719	0.22148	0.46459	0.47201	0.74022	0.75082
282	0.73245	0.74298	0.45746	0.46478	0.21066	0.21484	0.21666	0.22084	0.46346	0.47078	0.73845	0.74898
283	0.73087	0.74124	0.45646	0.46359	0.21019	0.2142	0.21619	0.2202	0.46246	0.46959	0.73687	0.74724
284	0.72952	0.73966	0.4556	0.4625	0.2098	0.21359	0.2158	0.21959	0.4616	0.4685	0.73552	0.74566
286	0.72842	0.73832	0.45491	0.46154	0.20949	0.21304	0.21549	0.21904	0.46091	0.46754	0.73442	0.74432
287	0.72759	0.73724	0.4544	0.46074	0.20928	0.21255	0.21528	0.21855	0.4604	0.46674	0.73359	0.74324
288	0.72707	0.73647	0.4541	0.46014	0.20916	0.21215	0.21516	0.21815	0.4601	0.46614	0.73307	0.74247
289	0.72687	0.73603	0.454	0.45976	0.20915	0.21187	0.21515	0.21787	0.46	0.46576	0.73287	0.74203
290	0.72699	0.73595	0.45411	0.45961	0.20925	0.2117	0.21525	0.2177	0.46011	0.46561	0.73299	0.74195
291	0.72744	0.73621	0.45444	0.4597	0.20945	0.21166	0.21545	0.21766	0.46044	0.4657	0.73344	0.74221
292	0.7282	0.7368	0.45498	0.46001	0.20976	0.21175	0.21576	0.21775	0.46098	0.46601	0.7342	0.7428
293	0.72926	0.7377	0.45571	0.46054	0.21016	0.21197	0.21616	0.21797	0.46171	0.46654	0.73526	0.7437
294	0.7306	0.73884	0.45661	0.46126	0.21064	0.2123	0.21664	0.2183	0.46261	0.46726	0.7366	0.74484
295	0.73217	0.7402	0.45767	0.46214	0.2112	0.21274	0.2172	0.21874	0.46367	0.46814	0.73817	0.7462
296	0.73395	0.7417	0.45885	0.46313	0.21181	0.21326	0.21781	0.21926	0.46485	0.46913	0.73995	0.7477
297	0.73586	0.74331	0.46012	0.46421	0.21245	0.21384	0.21845	0.21984	0.46612	0.47021	0.74186	0.74931
298	0.73786	0.74496	0.46143	0.46534	0.21311	0.21446	0.21911	0.22046	0.46743	0.47134	0.74386	0.75096
299	0.73988	0.7466	0.46276	0.46648	0.21377	0.21511	0.21977	0.22111	0.46876	0.47248	0.74588	0.7526
300	0.74187	0.74821	0.46406	0.4676	0.2144	0.21575	0.2204	0.22175	0.47006	0.4736	0.74787	0.75421
301	0.74374	0.74974	0.46528	0.46868	0.215	0.21637	0.221	0.22237	0.47128	0.47468	0.74974	0.75574
302	0.74546	0.75118	0.46639	0.46969	0.21554	0.21696	0.22154	0.22296	0.47239	0.47569	0.75146	0.75718
303	0.74695	0.75251	0.46736	0.47063	0.21601	0.21749	0.22201	0.22349	0.47336	0.47663	0.75295	0.75851
304	0.74817	0.75372	0.46815	0.47147	0.21639	0.21797	0.22239	0.22397	0.47415	0.47747	0.75417	0.75972
305	0.74908	0.75481	0.46875	0.47223	0.21669	0.21838	0.22269	0.22438	0.47475	0.47823	0.75508	0.76081
307	0.74966	0.75579	0.46913	0.4729	0.2169	0.21872	0.2229	0.22472	0.47513	0.4789	0.75566	0.76179
308	0.74989	0.75663	0.46929	0.47347	0.217	0.219	0.223	0.225	0.47529	0.47947	0.75589	0.76263
309	0.74976	0.75734	0.46923	0.47394	0.217	0.21921	0.223	0.22521	0.47523	0.47994	0.75576	0.76334
310	0.74928	0.75793	0.46894	0.47433	0.2169	0.21935	0.2229	0.22535	0.47494	0.48033	0.75528	0.76393
311	0.74848	0.75838	0.46845	0.47461	0.21671	0.21944	0.22271	0.22544	0.47445	0.48061	0.75448	0.76438
312	0.74737	0.75867	0.46776	0.4748	0.21643	0.21947	0.22243	0.22547	0.47376	0.4808	0.75337	0.76467
313	0.74599	0.75878	0.46689	0.47487	0.21606	0.21945	0.22206	0.22545	0.47289	0.48087	0.75199	0.76478
314	0.74439	0.75871	0.46588	0.47483	0.21562	0.21938	0.22162	0.22538	0.47188	0.48083	0.75039	0.76471
315	0.7426	0.75841	0.46474	0.47465	0.21512	0.21925	0.22112	0.22525	0.47074	0.48065	0.7486	0.76441
316	0.74067	0.75788	0.4635	0.47432	0.21456	0.21906	0.22056	0.22506	0.4695	0.48032	0.74667	0.76388
317	0.73866	0.7571	0.46221	0.47384	0.21395	0.21881	0.21995	0.22481	0.46821	0.47984	0.74466	0.7631
318	0.73662	0.75605	0.46088	0.4732	0.21331	0.2185	0.21931	0.2245	0.46688	0.4792	0.74262	0.76205
319	0.73459	0.75474	0.45955	0.47239	0.21265	0.21812	0.21865	0.22412	0.46555	0.47839	0.74059	0.76074
320	0.73262	0.75318	0.45825	0.47142	0.212	0.21768	0.218	0.22368	0.46425	0.47742	0.73862	0.75918
321	0.73078	0.75139	0.45702	0.4703	0.21135	0.21718	0.21735	0.22318	0.46302	0.4763	0.73678	0.75739
322	0.72909	0.74941	0.45589	0.46906	0.21074	0.21662	0.21674	0.22262	0.46189	0.47506	0.73509	0.75541
323	0.7276	0.7473	0.45488	0.46771	0.21018	0.21602	0.21618	0.22202	0.46088	0.47371	0.7336	0.7533
324	0.72635	0.74511	0.45402	0.46632	0.20969	0.21539	0.21569	0.22139	0.46002	0.47232	0.73235	0.75111
325	0.72538	0.74293	0.45334	0.4649	0.20927	0.21475	0.21527	0.22075	0.45934	0.4709	0.73138	0.74893
326	0.7247	0.74082	0.45285	0.46353	0.20895	0.21412	0.21495	0.22012	0.45885	0.46953	0.7307	0.74682
328	0.72434	0.73889	0.45258	0.46227	0.20874	0.21354	0.21474	0.21954	0.45858	0.46827	0.73034	0.74489
329	0.72431	0.73718	0.45252	0.46114	0.20864	0.21301	0.21464	0.21901	0.45852	0.46714	0.73031	0.74318
330	0.72461	0.73578	0.45268	0.46021	0.20865	0.21258	0.21465	0.21858	0.45868	0.46621	0.73061	0.74178
331	0.72523	0.73475	0.45305	0.45952	0.20878	0.21226	0.21478	0.21826	0.45905	0.46552	0.73123	0.74075
332	0.72615	0.73414	0.45362	0.4591	0.20901	0.21207	0.21501	0.21807	0.45962	0.4651	0.73215	0.74014
333	0.72734	0.73398	0.45438	0.45899	0.20936	0.21202	0.21536	0.21802	0.46038	0.46499	0.73334	0.73998
334	0.72878	0.73428	0.45529	0.45918	0.20979	0.21213	0.21579	0.21813	0.46129	0.46518	0.73478	0.74028
335	0.73041	0.73504	0.45634	0.45969	0.2103	0.21239	0.2163	0.21839	0.46234	0.46569	0.73641	0.74104
336	0.73218	0.73622	0.45748	0.46047	0.21087	0.21279	0.21687	0.21879	0.46348	0.46647	0.73818	0.74222
337	0.73405	0.73778	0.45869	0.46152	0.21148	0.21331	0.21748	0.21931	0.46469	0.46752	0.74005	0.74378
338	0.73596	0.73965	0.45992	0.46278	0.21212	0.21394	0.21812	0.21994	0.46592	0.46878	0.74196	0.74565
339	0.73786	0.74177	0.46115	0.4642	0.21276	0.21464	0.21876	0.22064	0.46715	0.4702	0.74386	0.74777
340	0.7397	0.74405	0.46234	0.46573	0.21339	0.21539	0.21939	0.22139	0.46834	0.47173	0.7457	0.75005
341	0.74144	0.74642	0.46347	0.46731	0.21399	0.21615	0.21999	0.22215	0.46947	0.47331	0.74744	0.75242
342	0.74303	0.7488	0.46451	0.46888	0.21456	0.21688	0.22056	0.22288	0.47051	0.47488	0.74903	0.7548
343	0.74443	0.75111	0.46543	0.4704	0.21507	0.21757	0.22107	0.22357	0.47143	0.4764	0.75043	0.75711
344	0.74563	0.75329	0.46622	0.47181	0.21552	0.21819	0.22152	0.22419	0.47222	0.47781	0.75163	0.75929
345	0.74659	0.7553	0.46687	0.47309	0.21591	0.21873	0.22191	0.22473	0.47287	0.47909	0.75259	0.7613
346	0.74731	0.75708	0.46737	0.47422	0.21622	0.21916	0.22222	0.22516	0.47337	0.48022	0.75331	0.76308
347	0.74777	0.75864	0.4677	0.47517	0.21645	0.2195	0.22245	0.2255	0.4737	0.48117	0.75377	0.76464
349	0.74796	0.75996	0.46787	0.47596	0.2166	0.21975	0.2226	0.22575	0.47387	0.48196	0.75396	0.76596
350	0.74788	0.76102	0.46786	0.47658	0.21665	0.21991	0.22265	0.22591	0.47386	0.48258	0.75388	0.76702
351	0.74753	0.76185	0.46768	0.47704	0.21662	0.22	0.22262	0.226	0.47368	0.48304	0.75353	0.76785
352	0.74692	0.76246	0.46732	0.47737	0.21649	0.22004	0.22249	0.22604	0.47332	0.48337	0.75292	0.76846
353	0.74604	0.76286	0.4668	0.47758	0.21627	0.22003	0.22227	0.22603	0.4728	0.48358	0.75204	0.76886
354	0.74491	0.76307	0.4661	0.47768	0.21596	0.22001	0.22196	0.22601	0.4721	0.48368	0.75091	0.76907
355	0.74355	0.7631	0.46524	0.47769	0.21556	0.21996	0.22156	0.22596	0.47124	0.48369	0.74955	0.7691
356	0.74197	0.76295	0.46424	0.47761	0.21508	0.21991	0.22108	0.22591	0.47024	0.48361	0.74797	0.76895
357	0.74021	0.76261	0.4631	0.47743	0.21452	0.21985	0.22052	0.22585	0.4691	0.48343	0.74621	0.76861
358	0.73829	0.76209	0.46185	0.47716	0.21389	0.21978	0.21989	0.22578	0.46785	0.48316	0.74429	0.76809
359	0.73626	0.76136	0.46051	0.47678	0.21321	0.21968	0.21921	0.22568	0.46651	0.48278	0.74226	0.76736
360	0.73417	0.76042	0.45912	0.47628	0.2125	0.21955	0.2185	0.22555	0.46512	0.48228	0.74017	0.76642
361	0.73206	0.75925	0.45772	0.47565	0.21176	0.21937	0.21776	0.22537	0.46372	0.48165	0.73806	0.76525
362	0.73	0.75785	0.45633	0.47487	0.21103	0.21914	0.21703	0.22514	0.46233	0.48087	0.736	0.76385
363	0.72804	0.75622	0.455	0.47394	0.21032	0.21883	0.21632	0.22483	0.461	0.47994	0.73404	0.76222
364	0.72625	0.75438	0.45378	0.47286	0.20966	0.21846	0.21566	0.22446	0.45978	0.47886	0.73225	0.76038
365	0.72469	0.75236	0.45271	0.47165	0.20906	0.218	0.21506	0.224	0.45871	0.47765	0.73069	0.75836
366	0.7234	0.7502	0.45181	0.47034	0.20855	0.21749	0.21455	0.22349	0.45781	0.47634	0.7294	0.7562
367	0.72244	0.74797	0.45112	0.46895	0.20815	0.21692	0.21415	0.22292	0.45712	0.47495	0.72844	0.75397
368	0.72183	0.74573	0.45067	0.46754	0.20786	0.21631	0.21386	0.22231	0.45667	0.47354	0.72783	0.75173
370	0.7216	0.74359	0.45048	0.46617	0.2077	0.21571	0.2137	0.22171	0.45648	0.47217	0.7276	0.74959
371	0.72176	0.74158	0.45053	0.46488	0.20766	0.21512	0.21366	0.22112	0.45653	0.47088	0.72776	0.74758
372	0.72231	0.73982	0.45085	0.46373	0.20775	0.21459	0.21375	0.22059	0.45685	0.46973	0.72831	0.74582
373	0.72321	0.73838	0.4514	0.46278	0.20797	0.21415	0.21397	0.22015	0.4574	0.46878	0.72921	0.74438
374	0.72445	0.73733	0.45218	0.46208	0.20831	0.21382	0.21431	0.21982	0.45818	0.46808	0.73045	0.74333
375	0.72598	0.73673	0.45315	0.46167	0.20875	0.21362	0.21475	0.21962	0.45915	0.46767	0.73198	0.74273
376	0.72775	0.73659	0.45428	0.46157	0.20928	0.21358	0.21528	0.21958	0.46028	0.46757	0.73375	0.74259
377	0.72971	0.73693	0.45554	0.46179	0.20988	0.21369	0.21588	0.21969	0.46154	0.46779	0.73571	0.74293
378	0.73179	0.73775	0.45688	0.46233	0.21054	0.21395	0.21654	0.21995	0.46288	0.46833	0.73779	0.74375
379	0.73394	0.739	0.45826	0.46317	0.21123	0.21437	0.21723	0.22037	0.46426	0.46917	0.73994	0.745
380	0.73609	0.74064	0.45965	0.46427	0.21193	0.21491	0.21793	0.22091	0.46565	0.47027	0.74209	0.74664
381	0.7382	0.7426	0.46101	0.46558	0.21263	0.21556	0.21863	0.22156	0.46701	0.47158	0.7442	0.7486
382	0.74021	0.7448	0.46231	0.46706	0.21331	0.21629	0.21931	0.22229	0.46831	0.47306	0.74621	0.7508
383	0.74208	0.74715	0.46352	0.46864	0.21395	0.21707	0.21995	0.22307	0.46952	0.47464	0.74808	0.75315
384	0.74378	0.74957	0.46462	0.47027	0.21455	0.21787	0.22055	0.22387	0.47062	0.47627	0.74978	0.75557
385	0.74528	0.75198	0.4656	0.47189	0.21509	0.21866	0.22109	0.22466	0.4716	0.47789	0.75128	0.75798
386	0.74655	0.75431	0.46643	0.47345	0.21557	0.21942	0.22157	0.22542	0.47243	0.47945	0.75255	0.76031
387	0.74758	0.75651	0.46712	0.47492	0.21597	0.22013	0.22197	0.22613	0.47312	0.48092	0.75358	0.76251
388	0.74835	0.75851	0.46764	0.47626	0.21629	0.22078	0.22229	0.22678	0.47364	0.48226	0.75435	0.76451
389	0.74886	0.7603	0.468	0.47745	0.21652	0.22135	0.22252	0.22735	0.474	0.48345	0.75486	0.7663
391	0.74911	0.76187	0.46819	0.47849	0.21668	0.22185	0.22268	0.22785	0.47419	0.48449	0.75511	0.76787
392	0.74907	0.76316	0.46821	0.47935	0.21674	0.22226	0.22274	0.22826	0.47421	0.48535	0.75507	0.76916
393	0.74875	0.76421	0.46805	0.48005	0.21671	0.2226	0.22271	0.2286	0.47405	0.48605	0.75475	0.77021
394	0.74816	0.76502	0.46771	0.48059	0.21659	0.22287	0.22259	0.22887	0.47371	0.48659	0.75416	0.77102
395	0.74728	0.76558	0.46719	0.48098	0.21637	0.22308	0.22237	0.22908	0.47319	0.48698	0.75328	0.77158
396	0.74613	0.76591	0.46649	0.48122	0.21607	0.22322	0.22207	0.22922	0.47249	0.48722	0.75213	0.77191
397	0.74472	0.766	0.46562	0.48132	0.21567	0.2233	0.22167	0.2293	0.47162	0.48732	0.75072	0.772
398	0.74307	0.76586	0.4646	0.48127	0.21519	0.22331	0.22119	0.22931	0.4706	0.48727	0.74907	0.77186
399	0.7412	0.76548	0.46342	0.48107	0.21464	0.22325	0.22064	0.22925	0.46942	0.48707	0.7472	0.77148
400	0.73914	0.76485	0.46211	0.48072	0.21402	0.22313	0.22002	0.22913	0.46811	0.48672	0.74514	0.77085
401	0.73694	0.76395	0.4607	0.4802	0.21334	0.22292	0.21934	0.22892	0.4667	0.4862	0.74294	0.76995
402	0.73464	0.76279	0.45922	0.4795	0.21262	0.22262	0.21862	0.22862	0.46522	0.4855	0.74064	0.76879
403	0.7323	0.76136	0.4577	0.47862	0.21187	0.22224	0.21787	0.22824	0.4637	0.48462	0.7383	0.76736
404	0.72998	0.75966	0.45618	0.47757	0.21112	0.22176	0.21712	0.22776	0.46218	0.48357	0.73598	0.76566
405	0.72775	0.7577	0.4547	0.47633	0.21038	0.22118	0.21638	0.22718	0.4607	0.48233	0.73375	0.7637
406	0.72567	0.75552	0.45332	0.47494	0.20968	0.22053	0.21568	0.22653	0.45932	0.48094	0.73167	0.76152
407	0.72381	0.75315	0.45207	0.47342	0.20902	0.2198	0.21502	0.2258	0.45807	0.47942	0.72981	0.75915
408	0.72223	0.75066	0.45099	0.4718	0.20844	0.21901	0.21444	0.22501	0.45699	0.4778	0.72823	0.75666
409	0.72099	0.74809	0.45011	0.47012	0.20795	0.21819	0.21395	0.22419	0.45611	0.47612	0.72699	0.75409
410	0.72012	0.74554	0.44948	0.46843	0.20757	0.21737	0.21357	0.22337	0.45548	0.47443	0.72612	0.75154
412	0.71965	0.7431	0.4491	0.46681	0.2073	0.21657	0.2133	0.22257	0.4551	0.47281	0.72565	0.7491
413	0.7196	0.74083	0.44899	0.46529	0.20714	0.21583	0.21314	0.22183	0.45499	0.47129	0.7256	0.74683
414	0.71997	0.73882	0.44915	0.46394	0.20711	0.21516	0.21311	0.22116	0.45515	0.46994	0.72597	0.74482
415	0.72074	0.73716	0.44956	0.46281	0.2072	0.21461	0.2132	0.22061	0.45556	0.46881	0.72674	0.74316
416	0.72188	0.7359	0.45022	0.46194	0.2074	0.21418	0.2134	0.22018	0.45622	0.46794	0.72788	0.7419
417	0.72336	0.73509	0.45108	0.46137	0.20771	0.2139	0.21371	0.2199	0.45708	0.46737	0.72936	0.74109
418	0.72511	0.73476	0.45213	0.46112	0.2081	0.21379	0.2141	0.21979	0.45813	0.46712	0.73111	0.74076
419	0.72708	0.73493	0.45332	0.4612	0.20857	0.21383	0.21457	0.21983	0.45932	0.4672	0.73308	0.74093
420	0.72921	0.73557	0.45462	0.4616	0.2091	0.21403	0.2151	0.22003	0.46062	0.4676	0.73521	0.74157
421	0.73144	0.73667	0.45597	0.4623	0.20967	0.21438	0.21567	0.22038	0.46197	0.4683	0.73744	0.74267
422	0.7337	0.73817	0.45736	0.46327	0.21026	0.21485	0.21626	0.22085	0.46336	0.46927	0.7397	0.74417
423	0.73593	0.74	0.45873	0.46447	0.21087	0.21543	0.21687	0.22143	0.46473	0.47047	0.74193	0.746
424	0.73809	0.7421	0.46006	0.46584	0.21148	0.21609	0.21748	0.22209	0.46606	0.47184	0.74409	0.7481
425	0.74012	0.74438	0.46132	0.46733	0.21208	0.21681	0.21808	0.22281	0.46732	0.47333	0.74612	0.75038
426	0.742	0.74677	0.4625	0.4689	0.21265	0.21755	0.21865	0.22355	0.4685	0.4749	0.748	0.75277
427	0.74368	0.74919	0.46357	0.47048	0.21319	0.2183	0.21919	0.2243	0.46957	0.47648	0.74968	0.75519
428	0.74516	0.75157	0.46451	0.47204	0.2137	0.21903	0.2197	0.22503	0.47051	0.47804	0.75116	0.75757
429	0.74641	0.75384	0.46533	0.47353	0.21417	0.21973	0.22017	0.22573	0.47133	0.47953	0.75241	0.75984
430	0.74741	0.75597	0.46601	0.47492	0.21459	0.22038	0.22059	0.22638	0.47201	0.48092	0.75341	0.76197
431	0.74815	0.7579	0.46654	0.47618	0.21495	0.22097	0.22095	0.22697	0.47254	0.48218	0.75415	0.7639
433	0.74863	0.75964	0.46691	0.47732	0.21525	0.22149	0.22125	0.22749	0.47291	0.48332	0.75463	0.76564
434	0.74882	0.76113	0.46712	0.47829	0.21547	0.22195	0.22147	0.22795	0.47312	0.48429	0.75482	0.76713
435	0.74872	0.76237	0.46715	0.47911	0.21562	0.22233	0.22162	0.22833	0.47315	0.48511	0.75472	0.76837
436	0.74833	0.76338	0.467	0.47977	0.21567	0.22264	0.22167	0.22864	0.473	0.48577	0.75433	0.76938
437	0.74763	0.76415	0.46665	0.48028	0.21562	0.22288	0.22162	0.22888	0.47265	0.48628	0.75363	0.77015
438	0.74662	0.76469	0.4661	0.48064	0.21546	0.22305	0.22146	0.22905	0.4721	0.48664	0.75262	0.77069
439	0.7453	0.76499	0.46534	0.48085	0.21519	0.22316	0.22119	0.22916	0.47134	0.48685	0.7513	0.77099
440	0.74369	0.76505	0.46439	0.4809	0.21481	0.2232	0.22081	0.2292	0.47039	0.4869	0.74969	0.77105
441	0.74181	0.76488	0.46325	0.48081	0.21432	0.22316	0.22032	0.22916	0.46925	0.48681	0.74781	0.77088
442	0.73968	0.76446	0.46193	0.48056	0.21372	0.22305	0.21972	0.22905	0.46793	0.48656	0.74568	0.77046
443	0.73736	0.7638	0.46047	0.48015	0.21303	0.22286	0.21903	0.22886	0.46647	0.48615	0.74336	0.7698
444	0.73489	0.76289	0.4589	0.47957	0.21227	0.22259	0.21827	0.22859	0.4649	0.48557	0.74089	0.76889
445	0.73235	0.76173	0.45727	0.47883	0.21146	0.22224	0.21746	0.22824	0.46327	0.48483	0.73835	0.76773
446	0.72982	0.76032	0.45562	0.47793	0.21062	0.2218	0.21662	0.2278	0.46162	0.48393	0.73582	0.76632
447	0.72737	0.75869	0.45402	0.47687	0.2098	0.22129	0.2158	0.22729	0.46002	0.48287	0.73337	0.76469
448	0.72509	0.75685	0.45251	0.47567	0.20901	0.2207	0.21501	0.2267	0.45851	0.48167	0.73109	0.76285
449	0.72307	0.75483	0.45115	0.47435	0.20829	0.22005	0.21429	0.22605	0.45715	0.48035	0.72907	0.76083
450	0.72137	0.75269	0.45	0.47294	0.20766	0.21935	0.21366	0.22535	0.456	0.47894	0.72737	0.75869
451	0.72006	0.75048	0.44909	0.47147	0.20715	0.21862	0.21315	0.22462	0.45509	0.47747	0.72606	0.75648
452	0.7192	0.74826	0.44847	0.47	0.20677	0.21788	0.21277	0.22388	0.45447	0.476	0.7252	0.75426
454	0.71882	0.74612	0.44816	0.46857	0.20654	0.21717	0.21254	0.22317	0.45416	0.47457	0.72482	0.75212
455	0.71893	0.74411	0.44816	0.46722	0.20647	0.21649	0.21247	0.22249	0.45416	0.47322	0.72493	0.75011
456	0.71952	0.74232	0.44847	0.466	0.20654	0.21587	0.21254	0.22187	0.45447	0.472	0.72552	0.74832
457	0.72057	0.74081	0.44908	0.46496	0.20675	0.21535	0.21275	0.22135	0.45508	0.47096	0.72657	0.74681
458	0.72204	0.73964	0.44996	0.46415	0.20709	0.21493	0.21309	0.22093	0.45596	0.47015	0.72804	0.74564
459	0.72388	0.73886	0.45107	0.46359	0.20754	0.21464	0.21354	0.22064	0.45707	0.46959	0.72988	0.74486
460	0.72601	0.7385	0.45237	0.4633	0.20807	0.21448	0.21407	0.22048	0.45837	0.4693	0.73201	0.7445
461	0.72836	0.73858	0.45381	0.4633	0.20867	0.21446	0.21467	0.22046	0.45981	0.4693	0.73436	0.74458
462	0.73085	0.7391	0.45534	0.46359	0.20931	0.21458	0.21531	0.22058	0.46134	0.46959	0.73685	0.7451
463	0.73341	0.74003	0.45691	0.46415	0.20998	0.21484	0.21598	0.22084	0.46291	0.47015	0.73941	0.74603
464	0.73597	0.74133	0.45849	0.46496	0.21065	0.21521	0.21665	0.22121	0.46449	0.47096	0.74197	0.74733
465	0.73845	0.74296	0.46002	0.46599	0.2113	0.2157	0.2173	0.2217	0.46602	0.47199	0.74445	0.74896
466	0.74081	0.74485	0.46147	0.46719	0.21193	0.21627	0.21793	0.22227	0.46747	0.47319	0.74681	0.75085
467	0.74299	0.74694	0.46283	0.46853	0.21253	0.2169	0.21853	0.2229	0.46883	0.47453	0.74899	0.75294
468	0.74495	0.74916	0.46406	0.46995	0.21308	0.21758	0.21908	0.22358	0.47006	0.47595	0.75095	0.75516
469	0.74667	0.75143	0.46514	0.47141	0.21359	0.21828	0.21959	0.22428	0.47114	0.47741	0.75267	0.75743
470	0.74811	0.75368	0.46608	0.47287	0.21405	0.21897	0.22005	0.22497	0.47208	0.47887	0.75411	0.75968
471	0.74927	0.75586	0.46685	0.47427	0.21446	0.21964	0.22046	0.22564	0.47285	0.48027	0.75527	0.76186
472	0.75013	0.7579	0.46745	0.47559	0.21481	0.22026	0.22081	0.22626	0.47345	0.48159	0.75613	0.7639
473	0.75068	0.75976	0.46787	0.4768	0.2151	0.22083	0.2211	0.22683	0.47387	0.4828	0.75668	0.76576
475	0.75091	0.76143	0.46812	0.47787	0.21533	0.22133	0.22133	0.22733	0.47412	0.48387	0.75691	0.76743
476	0.75081	0.76283	0.46816	0.47877	0.21548	0.22175	0.22148	0.22775	0.47416	0.48477	0.75681	0.76883
477	0.75038	0.76397	0.46801	0.4795	0.21554	0.22208	0.22154	0.22808	0.47401	0.4855	0.75638	0.76997
478	0.74961	0.76483	0.46765	0.48004	0.21551	0.22231	0.22151	0.22831	0.47365	0.48604	0.75561	0.77083
479	0.74852	0.7654	0.46708	0.48039	0.21538	0.22245	0.22138	0.22845	0.47308	0.48639	0.75452	0.7714
480	0.74712	0.76568	0.46631	0.48055	0.21515	0.2225	0.22115	0.2285	0.47231	0.48655	0.75312	0.77168
481	0.74542	0.76566	0.46535	0.48052	0.21481	0.22245	0.22081	0.22845	0.47135	0.48652	0.75142	0.77166
482	0.74346	0.76535	0.46419	0.4803	0.21437	0.2223	0.22037	0.2283	0.47019	0.4863	0.74946	0.77135
483	0.74128	0.76475	0.46288	0.47989	0.21383	0.22206	0.21983	0.22806	0.46888	0.48589	0.74728	0.77075
484	0.73892	0.76388	0.46144	0.47931	0.21321	0.22173	0.21921	0.22773	0.46744	0.48531	0.74492	0.76988
485	0.73647	0.76274	0.45991	0.47855	0.21252	0.22131	0.21852	0.22731	0.46591	0.48455	0.74247	0.76874
486	0.73399	0.76136	0.45834	0.47763	0.21179	0.22082	0.21779	0.22682	0.46434	0.48363	0.73999	0.76736
487	0.73155	0.75977	0.45678	0.47657	0.21105	0.22026	0.21705	0.22626	0.46278	0.48257	0.73755	0.76577
488	0.72925	0.75798	0.45528	0.47538	0.21032	0.21964	0.21632	0.22564	0.46128	0.48138	0.73525	0.76398
489	0.72716	0.75606	0.45392	0.4741	0.20963	0.21897	0.21563	0.22497	0.45992	0.4801	0.73316	0.76206
490	0.72537	0.75404	0.45273	0.47275	0.20902	0.21828	0.21502	0.22428	0.45873	0.47875	0.73137	0.76004
491	0.72393	0.75199	0.45177	0.47137	0.20851	0.21758	0.21451	0.22358	0.45777	0.47737	0.72993	0.75799
492	0.72291	0.74995	0.45108	0.46999	0.20811	0.21688	0.21411	0.22288	0.45708	0.47599	0.72891	0.75595
493	0.72235	0.748	0.45069	0.46865	0.20786	0.21621	0.21386	0.22221	0.45669	0.47465	0.72835	0.754
494	0.72227	0.7462	0.45062	0.4674	0.20776	0.21559	0.21376	0.22159	0.45662	0.4734	0.72827	0.7522
496	0.72267	0.74462	0.45088	0.46629	0.20782	0.21503	0.21382	0.22103	0.45688	0.47229	0.72867	0.75062
497	0.72353	0.7433	0.45145	0.46532	0.20803	0.21456	0.21403	0.22056	0.45745	0.47132	0.72953	0.7493
498	0.72483	0.74228	0.4523	0.46455	0.20838	0.21418	0.21438	0.22018	0.4583	0.47055	0.73083	0.74828
499	0.7265	0.7416	0.45342	0.46399	0.20885	0.21392	0.21485	0.21992	0.45942	0.46999	0.7325	0.7476
500	0.72849	0.74129	0.45474	0.46367	0.20943	0.21377	0.21543	0.21977	0.46074	0.46967	0.73449	0.74729
501	0.73072	0.74135	0.45622	0.4636	0.2101	0.21374	0.2161	0.21974	0.46222	0.4696	0.73672	0.74735
502	0.73313	0.74177	0.45782	0.46377	0.21081	0.21383	0.21681	0.21983	0.46382	0.46977	0.73913	0.74777
503	0.73564	0.74253	0.45947	0.46417	0.21156	0.21403	0.21756	0.22003	0.46547	0.47017	0.74164	0.74853
504	0.73817	0.74359	0.46112	0.46479	0.21231	0.21434	0.21831	0.22034	0.46712	0.47079	0.74417	0.74959
505	0.74066	0.7449	0.46273	0.4656	0.21304	0.21473	0.21904	0.22073	0.46873	0.4716	0.74666	0.7509
506	0.74305	0.74642	0.46426	0.46655	0.21374	0.2152	0.21974	0.2212	0.47026	0.47255	0.74905	0.75242
507	0.7453	0.74807	0.46568	0.46762	0.21438	0.21573	0.22038	0.22173	0.47168	0.47362	0.7513	0.75407
508	0.74736	0.7498	0.46696	0.46877	0.21496	0.21629	0.22096	0.22229	0.47296	0.47477	0.75336	0.7558
509	0.74921	0.75155	0.46809	0.46996	0.21547	0.21688	0.22147	0.22288	0.47409	0.47596	0.75521	0.75755
510	0.75083	0.75326	0.46905	0.47114	0.21591	0.21746	0.22191	0.22346	0.47505	0.47714	0.75683	0.75926
511	0.75221	0.7549	0.46986	0.47228	0.21627	0.21802	0.22227	0.22402	0.47586	0.47828	0.75821	0.7609
512	0.75333	0.75642	0.4705	0.47337	0.21657	0.21856	0.22257	0.22456	0.4765	0.47937	0.75933	0.76242
513	0.75419	0.7578	0.47098	0.47436	0.2168	0.21905	0.2228	0.22505	0.47698	0.48036	0.76019	0.7638
514	0.75478	0.75901	0.4713	0.47525	0.21696	0.21949	0.22296	0.22549	0.4773	0.48125	0.76078	0.76501
515	0.75509	0.76004	0.47147	0.47601	0.21706	0.21987	0.22306	0.22587	0.47747	0.48201	0.76109	0.76604
517	0.75512	0.76091	0.47148	0.47667	0.2171	0.2202	0.2231	0.2262	0.47748	0.48267	0.76112	0.76691
518	0.75486	0.76159	0.47132	0.47718	0.21707	0.22046	0.22307	0.22646	0.47732	0.48318	0.76086	0.76759
519	0.7543	0.76208	0.471	0.47756	0.21699	0.22065	0.22299	0.22665	0.477	0.48356	0.7603	0.76808
520	0.75343	0.7624	0.47051	0.47781	0.21683	0.22077	0.22283	0.22677	0.47651	0.48381	0.75943	0.7684
521	0.75225	0.76254	0.46985	0.47793	0.21661	0.22083	0.22261	0.22683	0.47585	0.48393	0.75825	0.76854
522	0.75077	0.7625	0.46901	0.47793	0.21631	0.22082	0.22231	0.22682	0.47501	0.48393	0.75677	0.7685
523	0.74899	0.76229	0.46799	0.47779	0.21594	0.22075	0.22194	0.22675	0.47399	0.48379	0.75499	0.76829
524	0.74694	0.76189	0.46681	0.47753	0.21549	0.22061	0.22149	0.22661	0.47281	0.48353	0.75294	0.76789
525	0.74465	0.7613	0.46547	0.47713	0.21496	0.2204	0.22096	0.2264	0.47147	0.48313	0.75065	0.7673
526	0.74218	0.76051	0.46401	0.4766	0.21437	0.22013	0.22037	0.22613	0.47001	0.4826	0.74818	0.76651
527	0.73957	0.75953	0.46245	0.47595	0.21372	0.21979	0.21972	0.22579	0.46845	0.48195	0.74557	0.76553
528	0.73689	0.75835	0.46083	0.47516	0.21302	0.21939	0.21902	0.22539	0.46683	0.48116	0.74289	0.76435
529	0.73423	0.75699	0.4592	0.47425	0.2123	0.21894	0.2183	0.22494	0.4652	0.48025	0.74023	0.76299
530	0.73167	0.75545	0.4576	0.47323	0.21158	0.21843	0.21758	0.22443	0.4636	0.47923	0.73767	0.76145
531	0.72928	0.75376	0.4561	0.47211	0.21087	0.21788	0.21687	0.22388	0.4621	0.47811	0.73528	0.75976
532	0.72715	0.75197	0.45474	0.47093	0.21021	0.21729	0.21621	0.22329	0.46074	0.47693	0.73315	0.75797
533	0.72536	0.75012	0.45358	0.4697	0.20961	0.2167	0.21561	0.2227	0.45958	0.4757	0.73136	0.75612
534	0.72396	0.74826	0.45265	0.46846	0.20911	0.2161	0.21511	0.2221	0.45865	0.47446	0.72996	0.75426
535	0.723	0.74645	0.45199	0.46725	0.20872	0.21552	0.21472	0.22152	0.45799	0.47325	0.729	0.75245
536	0.7225	0.74476	0.45163	0.46611	0.20846	0.21497	0.21446	0.22097	0.45763	0.47211	0.7285	0.75076
538	0.7225	0.74327	0.45158	0.46509	0.20834	0.21449	0.21434	0.22049	0.45758	0.47109	0.7285	0.74927
539	0.72296	0.74199	0.45183	0.46422	0.20835	0.21407	0.21435	0.22007	0.45783	0.47022	0.72896	0.74799
540	0.72388	0.741	0.45238	0.46352	0.20851	0.21374	0.21451	0.21974	0.45838	0.46952	0.72988	0.747
541	0.7252	0.74033	0.45319	0.46303	0.20881	0.21351	0.21481	0.21951	0.45919	0.46903	0.7312	0.74633
542	0.72687	0.74001	0.45423	0.46276	0.20923	0.21338	0.21523	0.21938	0.46023	0.46876	0.73287	0.74601
543	0.72883	0.74004	0.45547	0.46273	0.20975	0.21336	0.21575	0.21936	0.46147	0.46873	0.73483	0.74604
544	0.73101	0.74043	0.45686	0.46294	0.21036	0.21346	0.21636	0.21946	0.46286	0.46894	0.73701	0.74643
545	0.73333	0.74113	0.45835	0.46336	0.21104	0.21366	0.21704	0.21966	0.46435	0.46936	0.73933	0.74713
546	0.73574	0.74213	0.45989	0.46397	0.21175	0.21395	0.21775	0.21995	0.46589	0.46997	0.74174	0.74813
547	0.73815	0.74337	0.46144	0.46475	0.21248	0.21432	0.21848	0.22032	0.46744	0.47075	0.74415	0.74937
548	0.74053	0.74479	0.46297	0.46566	0.21321	0.21475	0.21921	0.22075	0.46897	0.47166	0.74653	0.75079
549	0.74281	0.74633	0.46444	0.46667	0.21392	0.21524	0.21992	0.22124	0.47044	0.47267	0.74881	0.75233
550	0.74496	0.74793	0.46582	0.46772	0.21459	0.21575	0.22059	0.22175	0.47182	0.47372	0.75096	0.75393
551	0.74694	0.74955	0.46709	0.46879	0.21521	0.21628	0.22121	0.22228	0.47309	0.47479	0.75294	0.75555
552	0.74874	0.75112	0.46825	0.46984	0.21577	0.2168	0.22177	0.2228	0.47425	0.47584	0.75474	0.75712
553	0.75033	0.7526	0.46928	0.47084	0.21627	0.21731	0.22227	0.22331	0.47528	0.47684	0.75633	0.7586
554	0.7517	0.75398	0.47017	0.47177	0.21671	0.21779	0.22271	0.22379	0.47617	0.47777	0.7577	0.75998
555	0.75283	0.75522	0.47091	0.47262	0.21707	0.21824	0.22307	0.22424	0.47691	0.47862	0.75883	0.76122
556	0.7537	0.75632	0.4715	0.47338	0.21737	0.21864	0.22337	0.22464	0.4775	0.47938	0.7597	0.76232
557	0.75432	0.75727	0.47194	0.47404	0.21759	0.219	0.22359	0.225	0.47794	0.48004	0.76032	0.76327
559	0.75465	0.7581	0.4722	0.47462	0.21775	0.21933	0.22375	0.22533	0.4782	0.48062	0.76065	0.7641
560	0.75468	0.75878	0.47229	0.47509	0.21783	0.2196	0.22383	0.2256	0.47829	0.48109	0.76068	0.76478
561	0.75439	0.75934	0.47218	0.47548	0.21782	0.21983	0.22382	0.22583	0.47818	0.48148	0.76039	0.76534
562	0.75378	0.75976	0.47188	0.47579	0.21774	0.22001	0.22374	0.22601	0.47788	0.48179	0.75978	0.76576
563	0.75284	0.76006	0.47137	0.47601	0.21758	0.22015	0.22358	0.22615	0.47737	0.48201	0.75884	0.76606
564	0.75156	0.76022	0.47066	0.47614	0.21733	0.22023	0.22333	0.22623	0.47666	0.48214	0.75756	0.76622
565	0.74997	0.76024	0.46974	0.47618	0.21699	0.22026	0.22299	0.22626	0.47574	0.48218	0.75597	0.76624
566	0.74809	0.76009	0.46864	0.47611	0.21658	0.22024	0.22258	0.22624	0.47464	0.48211	0.75409	0.76609
567	0.74595	0.75977	0.46736	0.47592	0.21608	0.22015	0.22208	0.22615	0.47336	0.48192	0.75195	0.76577
568	0.7436	0.75925	0.46595	0.47561	0.21551	0.22	0.22151	0.226	0.47195	0.48161	0.7496	0.76525
569	0.74112	0.75852	0.46443	0.47517	0.21489	0.21978	0.22089	0.22578	0.47043	0.48117	0.74712	0.76452
570	0.73858	0.75758	0.46285	0.47459	0.21423	0.2195	0.22023	0.2255	0.46885	0.48059	0.74458	0.76358
571	0.73605	0.75644	0.46127	0.47388	0.21354	0.21915	0.21954	0.22515	0.46727	0.47988	0.74205	0.76244
572	0.73363	0.75511	0.45973	0.47305	0.21286	0.21875	0.21886	0.22475	0.46573	0.47905	0.73963	0.76111
573	0.73139	0.75363	0.45828	0.47211	0.2122	0.2183	0.2182	0.2243	0.46428	0.47811	0.73739	0.75963
574	0.72941	0.75205	0.45699	0.47111	0.21158	0.21781	0.21758	0.22381	0.46299	0.47711	0.73541	0.75805
575	0.72776	0.75042	0.45588	0.47006	0.21104	0.21731	0.21704	0.22331	0.46188	0.47606	0.73376	0.75642
576	0.7265	0.74882	0.45501	0.46903	0.21058	0.2168	0.21658	0.2228	0.46101	0.47503	0.7325	0.75482
577	0.72567	0.74731	0.4544	0.46804	0.21023	0.21632	0.21623	0.22232	0.4604	0.47404	0.73167	0.75331
578	0.72527	0.74598	0.45406	0.46716	0.20999	0.21588	0.21599	0.22188	0.46006	0.47316	0.73127	0.75198
580	0.72533	0.74491	0.45402	0.46642	0.20989	0.21549	0.21589	0.22149	0.46002	0.47242	0.73133	0.75091
581	0.72582	0.74412	0.45424	0.46586	0.20991	0.21518	0.21591	0.22118	0.46024	0.47186	0.73182	0.75012
582	0.72671	0.74369	0.45473	0.46551	0.21007	0.21496	0.21607	0.22096	0.46073	0.47151	0.73271	0.74969
583	0.72795	0.74364	0.45546	0.4654	0.21034	0.21483	0.21634	0.22083	0.46146	0.4714	0.73395	0.74964
584	0.72951	0.74397	0.4564	0.46552	0.21073	0.21481	0.21673	0.22081	0.4624	0.47152	0.73551	0.74997
585	0.73131	0.74469	0.45751	0.46588	0.21122	0.21488	0.21722	0.22088	0.46351	0.47188	0.73731	0.75069
586	0.7333	0.74576	0.45876	0.46646	0.21179	0.21506	0.21779	0.22106	0.46476	0.47246	0.7393	0.75176
587	0.73541	0.74713	0.46011	0.46723	0.21243	0.21532	0.21843	0.22132	0.46611	0.47323	0.74141	0.75313
588	0.7376	0.74874	0.46153	0.46816	0.21312	0.21565	0.21912	0.22165	0.46753	0.47416	0.7436	0.75474
589	0.73981	0.75052	0.46297	0.4692	0.21384	0.21605	0.21984	0.22205	0.46897	0.4752	0.74581	0.75652
590	0.742	0.75238	0.46441	0.47031	0.21458	0.21649	0.22058	0.22249	0.47041	0.47631	0.748	0.75838
591	0.74412	0.75425	0.46582	0.47144	0.2153	0.21696	0.2213	0.22296	0.47182	0.47744	0.75012	0.76025
592	0.74614	0.75606	0.46718	0.47254	0.21601	0.21744	0.22201	0.22344	0.47318	0.47854	0.75214	0.76206
593	0.74805	0.75774	0.46847	0.47358	0.21669	0.21791	0.22269	0.22391	0.47447	0.47958	0.75405	0.76374
594	0.74981	0.75924	0.46966	0.47453	0.21731	0.21837	0.22331	0.22437	0.47566	0.48053	0.75581	0.76524
595	0.7514	0.76051	0.47074	0.47536	0.21787	0.21879	0.22387	0.22479	0.47674	0.48136	0.7574	0.76651
596	0.75281	0.76153	0.4717	0.47605	0.21836	0.21918	0.22436	0.22518	0.4777	0.48205	0.75881	0.76753
597	0.75401	0.76228	0.47251	0.47659	0.21876	0.21952	0.22476	0.22552	0.47851	0.48259	0.76001	0.76828
598	0.75499	0.76277	0.47317	0.47697	0.21907	0.21981	0.22507	0.22581	0.47917	0.48297	0.76099	0.76877
599	0.75573	0.76299	0.47365	0.47721	0.21929	0.22005	0.22529	0.22605	0.47965	0.48321	0.76173	0.76899
601	0.75621	0.76297	0.47396	0.47731	0.2194	0.22022	0.2254	0.22622	0.47996	0.48331	0.76221	0.76897
602	0.75642	0.7627	0.47408	0.47726	0.2194	0.22034	0.2254	0.22634	0.48008	0.48326	0.76242	0.7687
603	0.75636	0.76222	0.474	0.47708	0.21929	0.22038	0.22529	0.22638	0.48	0.48308	0.76236	0.76822
604	0.75601	0.76153	0.47372	0.47676	0.21908	0.22036	0.22508	0.22636	0.47972	0.48276	0.76201	0.76753
605	0.75538	0.76065	0.47326	0.47633	0.21877	0.22027	0.22477	0.22627	0.47926	0.48233	0.76138	0.76665
606	0.75448	0.75961	0.47261	0.47579	0.21838	0.22011	0.22438	0.22611	0.47861	0.48179	0.76048	0.76561
607	0.75334	0.75841	0.4718	0.47513	0.21791	0.21988	0.22391	0.22588	0.4778	0.48113	0.75934	0.76441
608	0.75197	0.75707	0.47084	0.47438	0.21738	0.21959	0.22338	0.22559	0.47684	0.48038	0.75797	0.76307
609	0.75041	0.75562	0.46977	0.47354	0.2168	0.21924	0.2228	0.22524	0.47577	0.47954	0.75641	0.76162
610	0.7487	0.75408	0.46861	0.47262	0.2162	0.21883	0.2222	0.22483	0.47461	0.47862	0.7547	0.76008
611	0.74688	0.75248	0.4674	0.47164	0.21559	0.21837	0.22159	0.22437	0.4734	0.47764	0.75288	0.75848
612	0.74501	0.75085	0.46616	0.47062	0.21498	0.21789	0.22098	0.22389	0.47216	0.47662	0.75101	0.75685
613	0.74313	0.74924	0.46492	0.4696	0.21439	0.21739	0.22039	0.22339	0.47092	0.4756	0.74913	0.75524
614	0.74128	0.7477	0.46373	0.46861	0.21384	0.21689	0.21984	0.22289	0.46973	0.47461	0.74728	0.7537
615	0.73951	0.74629	0.4626	0.46767	0.21334	0.2164	0.21934	0.2224	0.4686	0.47367	0.74551	0.75229
616	0.73785	0.74506	0.46156	0.46683	0.21289	0.21596	0.21889	0.22196	0.46756	0.47283	0.74385	0.75106
617	0.73634	0.74407	0.46062	0.46613	0.2125	0.21556	0.2185	0.22156	0.46662	0.47213	0.74234	0.75007
618	0.73501	0.74337	0.4598	0.46559	0.21218	0.21524	0.21818	0.22124	0.4658	0.47159	0.74101	0.74937
619	0.73387	0.743	0.45912	0.46525	0.21192	0.215	0.21792	0.221	0.46512	0.47125	0.73987	0.749
620	0.73294	0.74298	0.45857	0.46513	0.21173	0.21485	0.21773	0.22085	0.46457	0.47113	0.73894	0.74898
622	0.73223	0.74337	0.45816	0.46526	0.2116	0.21481	0.2176	0.22081	0.46416	0.47126	0.73823	0.74937
623	0.73175	0.74411	0.4579	0.4656	0.21154	0.21487	0.21754	0.22087	0.4639	0.4716	0.73775	0.75011
624	0.7315	0.74521	0.45777	0.46618	0.21154	0.21502	0.21754	0.22102	0.46377	0.47218	0.7375	0.75121
625	0.73147	0.74665	0.45779	0.46696	0.2116	0.21527	0.2176	0.22127	0.46379	0.47296	0.73747	0.75265
626	0.73166	0.74837	0.45794	0.46793	0.21172	0.21559	0.21772	0.22159	0.46394	0.47393	0.73766	0.75437
627	0.73208	0.75032	0.45823	0.46905	0.2119	0.21599	0.2179	0.22199	0.46423	0.47505	0.73808	0.75632
628	0.7327	0.75243	0.45865	0.47029	0.21214	0.21645	0.21814	0.22245	0.46465	0.47629	0.7387	0.75843
629	0.73352	0.75464	0.4592	0.4716	0.21244	0.21694	0.21844	0.22294	0.4652	0.4776	0.73952	0.76064
630	0.73452	0.75688	0.45987	0.47294	0.21279	0.21747	0.21879	0.22347	0.46587	0.47894	0.74052	0.76288
631	0.73569	0.75908	0.46064	0.47427	0.2132	0.218	0.2192	0.224	0.46664	0.48027	0.74169	0.76508
632	0.737	0.76118	0.4615	0.47556	0.21365	0.21854	0.21965	0.22454	0.4675	0.48156	0.743	0.76718
633	0.73843	0.76312	0.46244	0.47677	0.21413	0.21907	0.22013	0.22507	0.46844	0.48277	0.74443	0.76912
634	0.73993	0.76488	0.46344	0.47789	0.21465	0.21957	0.22065	0.22557	0.46944	0.48389	0.74593	0.77088
635	0.74149	0.76642	0.46447	0.47889	0.21517	0.22005	0.22117	0.22605	0.47047	0.48489	0.74749	0.77242
636	0.74306	0.76772	0.46551	0.47975	0.21569	0.22049	0.22169	0.22649	0.47151	0.48575	0.74906	0.77372
637	0.74461	0.76875	0.46653	0.48047	0.2162	0.22089	0.2222	0.22689	0.47253	0.48647	0.75061	0.77475
638	0.7461	0.76953	0.46751	0.48103	0.21667	0.22125	0.22267	0.22725	0.47351	0.48703	0.7521	0.77553
639	0.74748	0.77003	0.46841	0.48144	0.2171	0.22155	0.2231	0.22755	0.47441	0.48744	0.75348	0.77603
640	0.74873	0.77027	0.46922	0.4817	0.21746	0.22179	0.22346	0.22779	0.47522	0.4877	0.75473	0.77627
641	0.74983	0.77024	0.46991	0.48179	0.21774	0.22196	0.22374	0.22796	0.47591	0.48779	0.75583	0.77624
643	0.75073	0.76996	0.47047	0.48172	0.21794	0.22207	0.22394	0.22807	0.47647	0.48772	0.75673	0.77596
644	0.75143	0.7694	0.47088	0.48148	0.21805	0.22208	0.22405	0.22808	0.47688	0.48748	0.75743	0.7754
645	0.75191	0.76858	0.47113	0.48106	0.21807	0.22201	0.22407	0.22801	0.47713	0.48706	0.75791	0.77458
646	0.75217	0.7675	0.47123	0.48046	0.21799	0.22184	0.22399	0.22784	0.47723	0.48646	0.75817	0.7735
647	0.7522	0.76617	0.47118	0.4797	0.21783	0.22157	0.22383	0.22757	0.47718	0.4857	0.7582	0.77217
648	0.75201	0.76461	0.47097	0.47876	0.21759	0.2212	0.22359	0.2272	0.47697	0.48476	0.75801	0.77061
649	0.7516	0.76282	0.47062	0.47767	0.21728	0.22073	0.22328	0.22673	0.47662	0.48367	0.7576	0.76882
650	0.75099	0.76086	0.47014	0.47644	0.2169	0.22018	0.2229	0.22618	0.47614	0.48244	0.75699	0.76686
651	0.75018	0.75875	0.46954	0.4751	0.21649	0.21954	0.22249	0.22554	0.47554	0.4811	0.75618	0.76475
652	0.7492	0.75654	0.46884	0.47367	0.21603	0.21885	0.22203	0.22485	0.47484	0.47967	0.7552	0.76254
653	0.74805	0.7543	0.46804	0.47221	0.21555	0.21813	0.22155	0.22413	0.47404	0.47821	0.75405	0.7603
654	0.74676	0.75209	0.46715	0.47076	0.21505	0.21739	0.22105	0.22339	0.47315	0.47676	0.75276	0.75809
655	0.74534	0.74999	0.4662	0.46936	0.21454	0.21667	0.22054	0.22267	0.4722	0.47536	0.75134	0.75599
656	0.74381	0.74807	0.4652	0.46807	0.21403	0.216	0.22003	0.222	0.4712	0.47407	0.74981	0.75407
657	0.74221	0.74641	0.46415	0.46695	0.21352	0.21539	0.21952	0.22139	0.47015	0.47295	0.74821	0.75241
658	0.74057	0.74506	0.46308	0.46602	0.21302	0.21489	0.21902	0.22089	0.46908	0.47202	0.74657	0.75106
659	0.7389	0.74408	0.462	0.46535	0.21254	0.21451	0.21854	0.22051	0.468	0.47135	0.7449	0.75008
660	0.73725	0.74351	0.46094	0.46494	0.21208	0.21427	0.21808	0.22027	0.46694	0.47094	0.74325	0.74951
661	0.73567	0.74338	0.45991	0.46483	0.21164	0.21418	0.21764	0.22018	0.46591	0.47083	0.74167	0.74938
662	0.73418	0.74369	0.45894	0.46502	0.21124	0.21423	0.21724	0.22023	0.46494	0.47102	0.74018	0.74969
664	0.73285	0.74445	0.45806	0.4655	0.21088	0.21444	0.21688	0.22044	0.46406	0.4715	0.73885	0.75045
665	0.7317	0.74559	0.45729	0.46625	0.21056	0.21478	0.21656	0.22078	0.46329	0.47225	0.7377	0.75159
666	0.73077	0.74709	0.45666	0.46722	0.2103	0.21524	0.2163	0.22124	0.46266	0.47322	0.73677	0.75309
667	0.73011	0.74887	0.4562	0.46839	0.21011	0.2158	0.21611	0.2218	0.4622	0.47439	0.73611	0.75487
668	0.72973	0.75088	0.45591	0.46971	0.21	0.21642	0.216	0.22242	0.46191	0.47571	0.73573	0.75688
669	0.72967	0.75304	0.45582	0.47112	0.20996	0.21709	0.21596	0.22309	0.46182	0.47712	0.73567	0.75904
670	0.72992	0.75527	0.45593	0.47258	0.21001	0.21778	0.21601	0.22378	0.46193	0.47858	0.73592	0.76127
671	0.73049	0.75751	0.45626	0.47403	0.21014	0.21847	0.21614	0.22447	0.46226	0.48003	0.73649	0.76351
672	0.73137	0.75969	0.45678	0.47544	0.21037	0.21912	0.21637	0.22512	0.46278	0.48144	0.73737	0.76569
673	0.73252	0.76175	0.4575	0.47676	0.21067	0.21973	0.21667	0.22573	0.4635	0.48276	0.73852	0.76775
674	0.73392	0.76364	0.45838	0.47796	0.21106	0.22028	0.21706	0.22628	0.46438	0.48396	0.73992	0.76964
675	0.73552	0.76533	0.4594	0.47903	0.2115	0.22076	0.2175	0.22676	0.4654	0.48503	0.74152	0.77133
676	0.73728	0.7668	0.46053	0.47995	0.212	0.22117	0.218	0.22717	0.46653	0.48595	0.74328	0.7728
677	0.73913	0.76802	0.46173	0.48071	0.21253	0.2215	0.21853	0.2275	0.46773	0.48671	0.74513	0.77402
678	0.74102	0.76901	0.46296	0.48131	0.21308	0.22176	0.21908	0.22776	0.46896	0.48731	0.74702	0.77501
679	0.74289	0.76974	0.46419	0.48177	0.21364	0.22196	0.21964	0.22796	0.47019	0.48777	0.74889	0.77574
680	0.7447	0.77023	0.46537	0.48207	0.21418	0.22209	0.22018	0.22809	0.47137	0.48807	0.7507	0.77623
681	0.74638	0.77048	0.46648	0.48224	0.21468	0.22217	0.22068	0.22817	0.47248	0.48824	0.75238	0.77648
682	0.74791	0.77049	0.46747	0.48227	0.21514	0.2222	0.22114	0.2282	0.47347	0.48827	0.75391	0.77649
683	0.74923	0.77028	0.46834	0.48217	0.21554	0.22217	0.22154	0.22817	0.47434	0.48817	0.75523	0.77628
685	0.75033	0.76986	0.46905	0.48195	0.21587	0.22211	0.22187	0.22811	0.47505	0.48795	0.75633	0.77586
686	0.75117	0.76921	0.46959	0.4816	0.21612	0.22199	0.22212	0.22799	0.47559	0.4876	0.75717	0.77521
687	0.75175	0.76834	0.46995	0.48112	0.21628	0.22181	0.22228	0.22781	0.47595	0.48712	0.75775	0.77434
688	0.75206	0.76726	0.47012	0.48052	0.21635	0.22159	0.22235	0.22759	0.47612	0.48652	0.75806	0.77326
689	0.75209	0.76599	0.47011	0.4798	0.21634	0.22131	0.22234	0.22731	0.47611	0.4858	0.75809	0.77199
690	0.75185	0.76455	0.46992	0.47897	0.21624	0.22097	0.22224	0.22697	0.47592	0.48497	0.75785	0.77055
691	0.75134	0.76296	0.46956	0.47804	0.21605	0.22058	0.22205	0.22658	0.47556	0.48404	0.75734	0.76896
692	0.75057	0.76125	0.46903	0.47702	0.21578	0.22015	0.22178	0.22615	0.47503	0.48302	0.75657	0.76725
693	0.74957	0.75947	0.46834	0.47594	0.21543	0.21967	0.22143	0.22567	0.47434	0.48194	0.75557	0.76547
694	0.74835	0.75767	0.46752	0.47484	0.21502	0.21917	0.22102	0.22517	0.47352	0.48084	0.75435	0.76367
695	0.74694	0.7559	0.46657	0.47374	0.21455	0.21866	0.22055	0.22466	0.47257	0.47974	0.75294	0.7619
696	0.74536	0.75422	0.46551	0.47269	0.21403	0.21817	0.22003	0.22417	0.47151	0.47869	0.75136	0.76022
697	0.74364	0.75271	0.46438	0.47172	0.21347	0.2177	0.21947	0.2237	0.47038	0.47772	0.74964	0.75871
698	0.74183	0.75141	0.46318	0.47089	0.21289	0.21729	0.21889	0.22329	0.46918	0.47689	0.74783	0.75741
699	0.73997	0.75039	0.46195	0.47022	0.2123	0.21696	0.2183	0.22296	0.46795	0.47622	0.74597	0.75639
700	0.73809	0.74969	0.46071	0.46976	0.21171	0.21672	0.21771	0.22272	0.46671	0.47576	0.74409	0.75569
701	0.73626	0.74935	0.4595	0.46953	0.21114	0.21659	0.21714	0.22259	0.4655	0.47553	0.74226	0.75535
702	0.73451	0.74939	0.45835	0.46955	0.21061	0.21658	0.21661	0.22258	0.46435	0.47555	0.74051	0.75539
703	0.7329	0.74982	0.45728	0.46983	0.21012	0.2167	0.21612	0.2227	0.46328	0.47583	0.7389	0.75582
704	0.73148	0.75063	0.45634	0.47036	0.2097	0.21695	0.2157	0.22295	0.46234	0.47636	0.73748	0.75663
706	0.73029	0.7518	0.45555	0.47114	0.20936	0.21733	0.21536	0.22333	0.46155	0.47714	0.73629	0.7578
707	0.72937	0.75328	0.45493	0.47213	0.20911	0.21781	0.21511	0.22381	0.46093	0.47813	0.73537	0.75928
708	0.72874	0.75502	0.45451	0.4733	0.20895	0.21838	0.21495	0.22438	0.46051	0.4793	0.73474	0.76102
709	0.72843	0.75697	0.45429	0.4746	0.2089	0.21903	0.2149	0.22503	0.46029	0.4806	0.73443	0.76297
710	0.72845	0.75906	0.45429	0.47601	0.20894	0.21973	0.21494	0.22573	0.46029	0.48201	0.73445	0.76506
711	0.7288	0.76122	0.4545	0.47747	0.20909	0.22045	0.21509	0.22645	0.4605	0.48347	0.7348	0.76722
712	0.72945	0.7634	0.45491	0.47894	0.20933	0.22119	0.21533	0.22719	0.46091	0.48494	0.73545	0.7694
713	0.73038	0.76552	0.45551	0.48037	0.20966	0.22191	0.21566	0.22791	0.46151	0.48637	0.73638	0.77152
714	0.73156	0.76753	0.45627	0.48174	0.21006	0.22259	0.21606	0.22859	0.46227	0.48774	0.73756	0.77353
715	0.73294	0.7694	0.45717	0.483	0.21052	0.22322	0.21652	0.22922	0.46317	0.489	0.73894	0.7754
716	0.73448	0.77108	0.45816	0.48415	0.21101	0.2238	0.21701	0.2298	0.46416	0.49015	0.74048	0.77708
717	0.73611	0.77255	0.45923	0.48515	0.21153	0.22431	0.21753	0.23031	0.46523	0.49115	0.74211	0.77855
718	0.73778	0.7738	0.46032	0.48601	0.21206	0.22474	0.21806	0.23074	0.46632	0.49201	0.74378	0.7798
719	0.73946	0.77482	0.4614	0.48671	0.21257	0.2251	0.21857	0.2311	0.4674	0.49271	0.74546	0.78082
720	0.74107	0.7756	0.46246	0.48726	0.21306	0.22539	0.21906	0.23139	0.46846	0.49326	0.74707	0.7816
721	0.7426	0.77614	0.46344	0.48765	0.21351	0.2256	0.21951	0.2316	0.46944	0.49365	0.7486	0.78214
722	0.744	0.77646	0.46435	0.4879	0.21391	0.22575	0.21991	0.23175	0.47035	0.4939	0.75	0.78246
723	0.74524	0.77655	0.46514	0.48801	0.21426	0.22583	0.22026	0.23183	0.47114	0.49401	0.75124	0.78255
724	0.74631	0.77642	0.46582	0.48797	0.21455	0.22585	0.22055	0.23185	0.47182	0.49397	0.75231	0.78242
725	0.74719	0.77608	0.46638	0.4878	0.21478	0.22581	0.22078	0.23181	0.47238	0.4938	0.75319	0.78208
727	0.74788	0.77553	0.46682	0.4875	0.21495	0.2257	0.22095	0.2317	0.47282	0.4935	0.75388	0.78153
728	0.74836	0.77476	0.46711	0.48706	0.21505	0.22553	0.22105	0.23153	0.47311	0.49306	0.75436	0.78076
729	0.74865	0.77378	0.46728	0.48648	0.21509	0.22529	0.22109	0.23129	0.47328	0.49248	0.75465	0.77978
730	0.74873	0.77259	0.46732	0.48577	0.21506	0.22499	0.22106	0.23099	0.47332	0.49177	0.75473	0.77859
731	0.7486	0.77121	0.46722	0.48492	0.21498	0.22463	0.22098	0.23063	0.47322	0.49092	0.7546	0.77721
732	0.74827	0.76964	0.46699	0.48396	0.21484	0.2242	0.22084	0.2302	0.47299	0.48996	0.75427	0.77564
733	0.74773	0.76792	0.46664	0.48289	0.21464	0.22372	0.22064	0.22972	0.47264	0.48889	0.75373	0.77392
734	0.74697	0.76607	0.46614	0.48173	0.21438	0.22319	0.22038	0.22919	0.47214	0.48773	0.75297	0.77207
735	0.746	0.76413	0.46551	0.48051	0.21405	0.22262	0.22005	0.22862	0.47151	0.48651	0.752	0.77013
736	0.74482	0.76214	0.46475	0.47924	0.21367	0.22202	0.21967	0.22802	0.47075	0.48524	0.75082	0.76814
737	0.74343	0.76016	0.46386	0.47798	0.21324	0.22142	0.21924	0.22742	0.46986	0.48398	0.74943	0.76616
738	0.74185	0.75825	0.46284	0.47674	0.21275	0.22082	0.21875	0.22682	0.46884	0.48274	0.74785	0.76425
739	0.7401	0.75646	0.46171	0.47558	0.21221	0.22025	0.21821	0.22625	0.46771	0.48158	0.7461	0.76246
740	0.73821	0.75485	0.4605	0.47454	0.21163	0.21972	0.21763	0.22572	0.4665	0.48054	0.74421	0.76085
741	0.73622	0.75348	0.45921	0.47363	0.21102	0.21926	0.21702	0.22526	0.46521	0.47963	0.74222	0.75948
742	0.73418	0.75239	0.45789	0.47291	0.21041	0.21887	0.21641	0.22487	0.46389	0.47891	0.74018	0.75839
743	0.73215	0.75163	0.45657	0.47238	0.20979	0.21856	0.21579	0.22456	0.46257	0.47838	0.73815	0.75763
744	0.73018	0.7512	0.45529	0.47208	0.20921	0.21836	0.21521	0.22436	0.46129	0.47808	0.73618	0.7572
745	0.72834	0.75113	0.45409	0.472	0.20866	0.21825	0.21466	0.22425	0.46009	0.478	0.73434	0.75713
746	0.7267	0.75142	0.45302	0.47216	0.20818	0.21825	0.21418	0.22425	0.45902	0.47816	0.7327	0.75742
748	0.72532	0.75205	0.45211	0.47254	0.20778	0.21835	0.21378	0.22435	0.45811	0.47854	0.73132	0.75805
749	0.72424	0.75298	0.4514	0.47311	0.20748	0.21854	0.21348	0.22454	0.4574	0.47911	0.73024	0.75898
750	0.72351	0.75419	0.45092	0.47386	0.20729	0.21881	0.21329	0.22481	0.45692	0.47986	0.72951	0.76019
751	0.72315	0.75561	0.45068	0.47476	0.20722	0.21916	0.21322	0.22516	0.45668	0.48076	0.72915	0.76161
752	0.72318	0.75721	0.4507	0.47578	0.20727	0.21956	0.21327	0.22556	0.4567	0.48178	0.72918	0.76321
753	0.72359	0.75892	0.45096	0.47688	0.20745	0.22001	0.21345	0.22601	0.45696	0.48288	0.72959	0.76492
754	0.72436	0.76071	0.45148	0.47803	0.20774	0.22049	0.21374	0.22649	0.45748	0.48403	0.73036	0.76671
755	0.72546	0.7625	0.45221	0.4792	0.20815	0.221	0.21415	0.227	0.45821	0.4852	0.73146	0.7685
756	0.72684	0.76427	0.45313	0.48036	0.20864	0.22152	0.21464	0.22752	0.45913	0.48636	0.73284	0.77027
757	0.72846	0.76597	0.45421	0.48149	0.20921	0.22204	0.21521	0.22804	0.46021	0.48749	0.73446	0.77197
758	0.73026	0.76757	0.45541	0.48256	0.20983	0.22255	0.21583	0.22855	0.46141	0.48856	0.73626	0.77357
759	0.73217	0.76904	0.45669	0.48357	0.21049	0.22305	0.21649	0.22905	0.46269	0.48957	0.73817	0.77504
760	0.73414	0.77037	0.458	0.48449	0.21116	0.22353	0.21716	0.22953	0.464	0.49049	0.74014	0.77637
761	0.73612	0.77153	0.45932	0.48531	0.21182	0.22399	0.21782	0.22999	0.46532	0.49131	0.74212	0.77753
762	0.73805	0.77251	0.46061	0.48604	0.21246	0.22441	0.21846	0.23041	0.46661	0.49204	0.74405	0.77851
763	0.73989	0.7733	0.46183	0.48665	0.21307	0.2248	0.21907	0.2308	0.46783	0.49265	0.74589	0.7793
764	0.7416	0.7739	0.46297	0.48713	0.21362	0.22514	0.21962	0.23114	0.46897	0.49313	0.7476	0.7799
765	0.74317	0.77428	0.464	0.48749	0.21411	0.22543	0.22011	0.23143	0.47	0.49349	0.74917	0.78028
766	0.74455	0.77444	0.46491	0.4877	0.21454	0.22565	0.22054	0.23165	0.47091	0.4937	0.75055	0.78044
767	0.74574	0.77436	0.46569	0.48776	0.21489	0.22581	0.22089	0.23181	0.47169	0.49376	0.75174	0.78036
769	0.74672	0.77407	0.46633	0.48767	0.21517	0.22588	0.22117	0.23188	0.47233	0.49367	0.75272	0.78007
770	0.74747	0.77351	0.46681	0.48741	0.21536	0.22587	0.22136	0.23187	0.47281	0.49341	0.75347	0.77951
771	0.74797	0.7727	0.46712	0.48697	0.21547	0.22575	0.22147	0.23175	0.47312	0.49297	0.75397	0.7787
772	0.7482	0.77164	0.46727	0.48636	0.2155	0.22554	0.2215	0.23154	0.47327	0.49236	0.7542	0.77764
773	0.74817	0.77036	0.46723	0.48559	0.21543	0.22524	0.22143	0.23124	0.47323	0.49159	0.75417	0.77636
774	0.74784	0.76888	0.46701	0.48467	0.21529	0.22484	0.22129	0.23084	0.47301	0.49067	0.75384	0.77488
775	0.74721	0.76723	0.4666	0.48362	0.21505	0.22436	0.22105	0.23036	0.4726	0.48962	0.75321	0.77323
776	0.74629	0.76546	0.466	0.48248	0.21473	0.22382	0.22073	0.22982	0.472	0.48848	0.75229	0.77146
777	0.74508	0.76362	0.46521	0.48128	0.21433	0.22322	0.22033	0.22922	0.47121	0.48728	0.75108	0.76962
778	0.7436	0.76179	0.46425	0.48006	0.21385	0.2226	0.21985	0.2286	0.47025	0.48606	0.7496	0.76779
779	0.74187	0.76002	0.46314	0.47888	0.21331	0.22198	0.21931	0.22798	0.46914	0.48488	0.74787	0.76602
780	0.73995	0.75838	0.4619	0.47777	0.21272	0.22139	0.21872	0.22739	0.4679	0.48377	0.74595	0.76438
781	0.73788	0.75696	0.46058	0.47679	0.2121	0.22085	0.2181	0.22685	0.46658	0.48279	0.74388	0.76296
782	0.73574	0.7558	0.45921	0.47598	0.21146	0.22039	0.21746	0.22639	0.46521	0.48198	0.74174	0.7618
783	0.73361	0.75496	0.45784	0.47538	0.21084	0.22002	0.21684	0.22602	0.46384	0.48138	0.73961	0.76096
784	0.73156	0.75449	0.45653	0.47502	0.21025	0.21977	0.21625	0.22577	0.46253	0.48102	0.73756	0.76049
785	0.72967	0.7544	0.45533	0.47491	0.20972	0.21965	0.21572	0.22565	0.46133	0.48091	0.73567	0.7604
786	0.72804	0.7547	0.45429	0.47507	0.20927	0.21966	0.21527	0.22566	0.46029	0.48107	0.73404	0.7607
787	0.72674	0.75538	0.45346	0.47548	0.20892	0.2198	0.21492	0.2258	0.45946	0.48148	0.73274	0.76138
788	0.72581	0.75642	0.45288	0.47614	0.2087	0.22007	0.2147	0.22607	0.45888	0.48214	0.73181	0.76242
790	0.72531	0.75778	0.45258	0.47702	0.20861	0.22046	0.21461	0.22646	0.45858	0.48302	0.73131	0.76378
791	0.72526	0.7594	0.45257	0.47807	0.20866	0.22094	0.21466	0.22694	0.45857	0.48407	0.73126	0.7654
792	0.72565	0.7612	0.45285	0.47926	0.20884	0.22149	0.21484	0.22749	0.45885	0.48526	0.73165	0.7672
793	0.72648	0.76314	0.45342	0.48053	0.20916	0.2221	0.21516	0.2281	0.45942	0.48653	0.73248	0.76914
794	0.7277	0.76514	0.45424	0.48186	0.20959	0.22274	0.21559	0.22874	0.46024	0.48786	0.7337	0.77114
795	0.72926	0.76713	0.45528	0.48319	0.21013	0.22338	0.21613	0.22938	0.46128	0.48919	0.73526	0.77313
796	0.73109	0.76905	0.45649	0.48447	0.21074	0.22401	0.21674	0.23001	0.46249	0.49047	0.73709	0.77505
797	0.73312	0.77085	0.45784	0.48568	0.21141	0.22461	0.21741	0.23061	0.46384	0.49168	0.73912	0.77685
798	0.73526	0.77249	0.45926	0.48678	0.21212	0.22515	0.21812	0.23115	0.46526	0.49278	0.74126	0.77849
799	0.73744	0.77393	0.46071	0.48775	0.21282	0.22564	0.21882	0.23164	0.46671	0.49375	0.74344	0.77993
800	0.73959	0.77516	0.46213	0.48858	0.21352	0.22606	0.21952	0.23206	0.46813	0.49458	0.74559	0.78116
801	0.74163	0.77615	0.46348	0.48926	0.21417	0.22641	0.22017	0.23241	0.46948	0.49526	0.74763	0.78215
802	0.74352	0.77691	0.46473	0.48977	0.21477	0.22668	0.22077	0.23268	0.47073	0.49577	0.74952	0.78291
803	0.74522	0.77742	0.46585	0.49013	0.2153	0.22688	0.2213	0.23288	0.47185	0.49613	0.75122	0.78342
804	0.74668	0.7777	0.46681	0.49033	0.21575	0.227	0.22175	0.233	0.47281	0.49633	0.75268	0.7837
805	0.7479	0.77774	0.46761	0.49038	0.21612	0.22705	0.22212	0.23305	0.47361	0.49638	0.7539	0.78374
806	0.74886	0.77756	0.46825	0.49027	0.2164	0.22702	0.2224	0.23302	0.47425	0.49627	0.75486	0.78356
807	0.74956	0.77716	0.4687	0.49002	0.21659	0.22693	0.22259	0.23293	0.4747	0.49602	0.75556	0.78316
808	0.75	0.77654	0.46899	0.48963	0.21669	0.22676	0.22269	0.23276	0.47499	0.49563	0.756	0.78254
809	0.75018	0.77572	0.4691	0.4891	0.21671	0.22653	0.22271	0.23253	0.4751	0.4951	0.75618	0.78172
811	0.75011	0.77471	0.46906	0.48844	0.21665	0.22623	0.22265	0.23223	0.47506	0.49444	0.75611	0.78071
812	0.74978	0.77349	0.46884	0.48764	0.2165	0.22586	0.2225	0.23186	0.47484	0.49364	0.75578	0.77949
813	0.74921	0.7721	0.46846	0.48672	0.21627	0.22543	0.22227	0.23143	0.47446	0.49272	0.75521	0.7781
814	0.74838	0.77055	0.46791	0.4857	0.21595	0.22493	0.22195	0.23093	0.47391	0.4917	0.75438	0.77655
815	0.7473	0.76887	0.46721	0.48458	0.21556	0.22439	0.22156	0.23039	0.47321	0.49058	0.7533	0.77487
816	0.74598	0.7671	0.46634	0.48339	0.21509	0.22381	0.22109	0.22981	0.47234	0.48939	0.75198	0.7731
817	0.74441	0.76528	0.46533	0.48215	0.21455	0.2232	0.22055	0.2292	0.47133	0.48815	0.75041	0.77128
818	0.74262	0.76345	0.46417	0.48091	0.21394	0.22258	0.21994	0.22858	0.47017	0.48691	0.74862	0.76945
819	0.74064	0.76168	0.46288	0.4797	0.21328	0.22197	0.21928	0.22797	0.46888	0.4857	0.74664	0.76768
820	0.73848	0.76002	0.46149	0.47856	0.21259	0.22139	0.21859	0.22739	0.46749	0.48456	0.74448	0.76602
821	0.73621	0.75853	0.46003	0.47753	0.21187	0.22086	0.21787	0.22686	0.46603	0.48353	0.74221	0.76453
822	0.73388	0.75727	0.45853	0.47665	0.21114	0.2204	0.21714	0.2264	0.46453	0.48265	0.73988	0.76327
823	0.73155	0.75629	0.45704	0.47595	0.21044	0.22003	0.21644	0.22603	0.46304	0.48195	0.73755	0.76229
824	0.72929	0.75563	0.4556	0.47547	0.20977	0.21977	0.21577	0.22577	0.4616	0.48147	0.73529	0.76163
825	0.72717	0.75533	0.45426	0.47522	0.20917	0.21962	0.21517	0.22562	0.46026	0.48122	0.73317	0.76133
826	0.72527	0.75538	0.45307	0.47522	0.20865	0.2196	0.21465	0.2256	0.45907	0.48122	0.73127	0.76138
827	0.72365	0.75581	0.45206	0.47548	0.20823	0.21971	0.21423	0.22571	0.45806	0.48148	0.72965	0.76181
828	0.72238	0.75659	0.45128	0.47597	0.20793	0.21994	0.21393	0.22594	0.45728	0.48197	0.72838	0.76259
829	0.72149	0.7577	0.45074	0.4767	0.20776	0.22029	0.21376	0.22629	0.45674	0.4827	0.72749	0.7637
830	0.72101	0.7591	0.45048	0.47762	0.20772	0.22074	0.21372	0.22674	0.45648	0.48362	0.72701	0.7651
832	0.72097	0.76075	0.45049	0.47872	0.2078	0.22128	0.2138	0.22728	0.45649	0.48472	0.72697	0.76675
833	0.72133	0.76256	0.45077	0.47993	0.208	0.22189	0.214	0.22789	0.45677	0.48593	0.72733	0.76856
834	0.72209	0.7645	0.45129	0.48123	0.20831	0.22253	0.21431	0.22853	0.45729	0.48723	0.72809	0.7705
835	0.72321	0.76649	0.45204	0.48257	0.20871	0.2232	0.21471	0.2292	0.45804	0.48857	0.72921	0.77249
836	0.72462	0.76849	0.45297	0.48391	0.20917	0.22387	0.21517	0.22987	0.45897	0.48991	0.73062	0.77449
837	0.72627	0.77043	0.45404	0.48522	0.20969	0.22453	0.21569	0.23053	0.46004	0.49122	0.73227	0.77643
838	0.7281	0.77227	0.45522	0.48646	0.21023	0.22515	0.21623	0.23115	0.46122	0.49246	0.7341	0.77827
839	0.73003	0.77398	0.45646	0.48761	0.21078	0.22573	0.21678	0.23173	0.46246	0.49361	0.73603	0.77998
840	0.732	0.77552	0.45771	0.48866	0.21131	0.22625	0.21731	0.23225	0.46371	0.49466	0.738	0.78152
841	0.73394	0.77688	0.45894	0.48957	0.21183	0.22672	0.21783	0.23272	0.46494	0.49557	0.73994	0.78288
842	0.73582	0.77804	0.46011	0.49035	0.2123	0.22712	0.2183	0.23312	0.46611	0.49635	0.74182	0.78404
843	0.73759	0.779	0.46121	0.491	0.21273	0.22745	0.21873	0.23345	0.46721	0.497	0.74359	0.785
844	0.73921	0.77974	0.46222	0.4915	0.21312	0.22771	0.21912	0.23371	0.46822	0.4975	0.74521	0.78574
845	0.74066	0.78028	0.46312	0.49186	0.21346	0.2279	0.21946	0.2339	0.46912	0.49786	0.74666	0.78628
846	0.74194	0.7806	0.46391	0.49208	0.21375	0.22802	0.21975	0.23402	0.46991	0.49808	0.74794	0.7866
847	0.74302	0.78071	0.46457	0.49215	0.21399	0.22808	0.21999	0.23408	0.47057	0.49815	0.74902	0.78671
848	0.7439	0.7806	0.46512	0.49208	0.21419	0.22806	0.22019	0.23406	0.47112	0.49808	0.7499	0.7866
849	0.74458	0.78027	0.46555	0.49187	0.21435	0.22797	0.22035	0.23397	0.47155	0.49787	0.75058	0.78627
850	0.74506	0.77972	0.46585	0.4915	0.21446	0.2278	0.22046	0.2338	0.47185	0.4975	0.75106	0.78572
851	0.74531	0.77893	0.46603	0.49097	0.21453	0.22755	0.22053	0.23355	0.47203	0.49697	0.75131	0.78493
853	0.74535	0.77793	0.46607	0.4903	0.21455	0.22723	0.22055	0.23323	0.47207	0.4963	0.75135	0.78393
854	0.74515	0.77668	0.46597	0.48947	0.2145	0.22682	0.2205	0.23282	0.47197	0.49547	0.75115	0.78268
855	0.74469	0.77521	0.4657	0.48848	0.21439	0.22634	0.22039	0.23234	0.4717	0.49448	0.75069	0.78121
856	0.74397	0.77354	0.46528	0.48736	0.2142	0.22577	0.2202	0.23177	0.47128	0.49336	0.74997	0.77954
857	0.74298	0.7717	0.46467	0.48611	0.21392	0.22515	0.21992	0.23115	0.47067	0.49211	0.74898	0.7777
858	0.74171	0.76971	0.46389	0.48476	0.21356	0.22446	0.21956	0.23046	0.46989	0.49076	0.74771	0.77571
859	0.74017	0.76764	0.46292	0.48335	0.2131	0.22374	0.2191	0.22974	0.46892	0.48935	0.74617	0.77364
860	0.73837	0.76553	0.46178	0.48191	0.21256	0.223	0.21856	0.229	0.46778	0.48791	0.74437	0.77153
861	0.73634	0.76344	0.46049	0.48048	0.21193	0.22227	0.21793	0.22827	0.46649	0.48648	0.74234	0.76944
862	0.73411	0.76145	0.45906	0.47911	0.21124	0.22155	0.21724	0.22755	0.46506	0.48511	0.74011	0.76745
863	0.73175	0.75961	0.45754	0.47784	0.21049	0.22089	0.21649	0.22689	0.46354	0.48384	0.73775	0.76561
864	0.72932	0.758	0.45597	0.47672	0.2097	0.2203	0.2157	0.2263	0.46197	0.48272	0.73532	0.764
865	0.72689	0.75667	0.45439	0.4758	0.20892	0.21981	0.21492	0.22581	0.46039	0.4818	0.73289	0.76267
866	0.72454	0.75568	0.45285	0.47509	0.20815	0.21943	0.21415	0.22543	0.45885	0.48109	0.73054	0.76168
867	0.72236	0.75507	0.45142	0.47464	0.20744	0.21918	0.21344	0.22518	0.45742	0.48064	0.72836	0.76107
868	0.72043	0.75485	0.45016	0.47447	0.20681	0.21907	0.21281	0.22507	0.45616	0.48047	0.72643	0.76085
869	0.71882	0.75504	0.4491	0.47457	0.20628	0.2191	0.21228	0.2251	0.4551	0.48057	0.72482	0.76104
870	0.7176	0.75563	0.44829	0.47494	0.20589	0.21928	0.21189	0.22528	0.45429	0.48094	0.7236	0.76163
871	0.71682	0.7566	0.44777	0.47557	0.20564	0.21958	0.21164	0.22558	0.45377	0.48157	0.72282	0.7626
872	0.71652	0.75791	0.44757	0.47643	0.20555	0.22001	0.21155	0.22601	0.45357	0.48243	0.72252	0.76391
874	0.71671	0.75954	0.4477	0.47751	0.20564	0.22054	0.21164	0.22654	0.4537	0.48351	0.72271	0.76554
875	0.71738	0.76138	0.44814	0.47874	0.20588	0.22115	0.21188	0.22715	0.45414	0.48474	0.72338	0.76738
876	0.71852	0.76339	0.44888	0.48008	0.20627	0.22182	0.21227	0.22782	0.45488	0.48608	0.72452	0.76939
877	0.72008	0.76551	0.44991	0.48149	0.20681	0.22252	0.21281	0.22852	0.45591	0.48749	0.72608	0.77151
878	0.722	0.76766	0.45118	0.48292	0.20747	0.22324	0.21347	0.22924	0.45718	0.48892	0.728	0.77366
879	0.72422	0.76977	0.45264	0.48433	0.20823	0.22394	0.21423	0.22994	0.45864	0.49033	0.73022	0.77577
880	0.72665	0.77179	0.45425	0.48568	0.20906	0.22462	0.21506	0.23062	0.46025	0.49168	0.73265	0.77779
881	0.72923	0.77366	0.45595	0.48692	0.20993	0.22523	0.21593	0.23123	0.46195	0.49292	0.73523	0.77966
882	0.73186	0.77533	0.45769	0.48802	0.21082	0.22578	0.21682	0.23178	0.46369	0.49402	0.73786	0.78133
883	0.73446	0.77675	0.4594	0.48896	0.21169	0.22625	0.21769	0.23225	0.4654	0.49496	0.74046	0.78275
884	0.73696	0.7779	0.46105	0.48972	0.21252	0.22663	0.21852	0.23263	0.46705	0.49572	0.74296	0.7839
885	0.73929	0.77874	0.46258	0.49027	0.21329	0.2269	0.21929	0.2329	0.46858	0.49627	0.74529	0.78474
886	0.74138	0.77925	0.46396	0.4906	0.21397	0.22707	0.21997	0.23307	0.46996	0.4966	0.74738	0.78525
887	0.74319	0.77943	0.46514	0.49071	0.21456	0.22713	0.22056	0.23313	0.47114	0.49671	0.74919	0.78543
888	0.74468	0.77928	0.46611	0.4906	0.21502	0.22708	0.22102	0.23308	0.47211	0.4966	0.75068	0.78528
889	0.74582	0.77878	0.46685	0.49026	0.21536	0.22692	0.22136	0.23292	0.47285	0.49626	0.75182	0.78478
890	0.74658	0.77795	0.46733	0.4897	0.21557	0.22665	0.22157	0.23265	0.47333	0.4957	0.75258	0.78395
891	0.74696	0.77681	0.46756	0.48894	0.21565	0.22628	0.22165	0.23228	0.47356	0.49494	0.75296	0.78281
892	0.74695	0.77538	0.46753	0.48798	0.2156	0.22581	0.2216	0.23181	0.47353	0.49398	0.75295	0.78138
893	0.74656	0.77369	0.46726	0.48684	0.21542	0.22526	0.22142	0.23126	0.47326	0.49284	0.75256	0.77969
895	0.74581	0.77179	0.46675	0.48558	0.21513	0.22464	0.22113	0.23064	0.47275	0.49158	0.75181	0.77779
896	0.74471	0.76971	0.46601	0.48418	0.21472	0.22395	0.22072	0.22995	0.47201	0.49018	0.75071	0.77571
897	0.74331	0.76751	0.46507	0.4827	0.21422	0.22322	0.22022	0.22922	0.47107	0.4887	0.74931	0.77351
898	0.74165	0.76526	0.46396	0.48119	0.21363	0.22247	0.21963	0.22847	0.46996	0.48719	0.74765	0.77126
899	0.73976	0.76302	0.46272	0.47969	0.21299	0.22172	0.21899	0.22772	0.46872	0.48569	0.74576	0.76902
900	0.73772	0.76088	0.46138	0.47824	0.21231	0.22099	0.21831	0.22699	0.46738	0.48424	0.74372	0.76688
901	0.73559	0.75889	0.45998	0.47689	0.21161	0.22032	0.21761	0.22632	0.46598	0.48289	0.74159	0.76489
902	0.73343	0.75715	0.45857	0.4757	0.21092	0.21971	0.21692	0.22571	0.46457	0.4817	0.73943	0.76315
903	0.73133	0.7557	0.4572	0.47472	0.21026	0.21921	0.21626	0.22521	0.4632	0.48072	0.73733	0.7617
904	0.72935	0.75461	0.45592	0.47397	0.20965	0.21883	0.21565	0.22483	0.46192	0.47997	0.73535	0.76061
905	0.72757	0.75393	0.45477	0.47348	0.20912	0.21858	0.21512	0.22458	0.46077	0.47948	0.73357	0.75993
906	0.72606	0.75367	0.4538	0.47329	0.20869	0.21848	0.21469	0.22448	0.4598	0.47929	0.73206	0.75967
907	0.72487	0.75386	0.45305	0.4734	0.20837	0.21853	0.21437	0.22453	0.45905	0.4794	0.73087	0.75986
908	0.72406	0.7545	0.45255	0.47381	0.20818	0.21874	0.21418	0.22474	0.45855	0.47981	0.73006	0.7605
909	0.72366	0.75555	0.45231	0.4745	0.20812	0.21908	0.21412	0.22508	0.45831	0.4805	0.72966	0.76155
910	0.7237	0.75697	0.45236	0.47544	0.20821	0.21955	0.21421	0.22555	0.45836	0.48144	0.7297	0.76297
911	0.72416	0.75872	0.45269	0.4766	0.20843	0.22013	0.21443	0.22613	0.45869	0.4826	0.73016	0.76472
912	0.72505	0.76073	0.4533	0.47793	0.20879	0.2208	0.21479	0.2268	0.4593	0.48393	0.73105	0.76673
913	0.72632	0.76291	0.45415	0.47938	0.20926	0.22152	0.21526	0.22752	0.46015	0.48538	0.73232	0.76891
914	0.72794	0.76521	0.45523	0.4809	0.20984	0.22227	0.21584	0.22827	0.46123	0.4869	0.73394	0.77121
916	0.72984	0.76755	0.45649	0.48244	0.2105	0.22302	0.2165	0.22902	0.46249	0.48844	0.73584	0.77355
917	0.73196	0.76983	0.45789	0.48394	0.21122	0.22375	0.21722	0.22975	0.46389	0.48994	0.73796	0.77583
918	0.73423	0.772	0.45938	0.48537	0.21198	0.22443	0.21798	0.23043	0.46538	0.49137	0.74023	0.778
919	0.73657	0.77401	0.46092	0.48668	0.21276	0.22504	0.21876	0.23104	0.46692	0.49268	0.74257	0.78001
920	0.73891	0.77583	0.46245	0.48785	0.21353	0.22559	0.21953	0.23159	0.46845	0.49385	0.74491	0.78183
921	0.74119	0.77741	0.46395	0.48887	0.21428	0.22605	0.22028	0.23205	0.46995	0.49487	0.74719	0.78341
922	0.74335	0.77875	0.46536	0.48972	0.21499	0.22642	0.22099	0.23242	0.47136	0.49572	0.74935	0.78475
923	0.74536	0.77984	0.46667	0.49041	0.21564	0.22672	0.22164	0.23272	0.47267	0.49641	0.75136	0.78584
924	0.74717	0.78068	0.46786	0.49093	0.21622	0.22693	0.22222	0.23293	0.47386	0.49693	0.75317	0.78668
925	0.74875	0.78128	0.46889	0.4913	0.21673	0.22708	0.22273	0.23308	0.47489	0.4973	0.75475	0.78728
926	0.7501	0.78164	0.46977	0.49152	0.21717	0.22717	0.22317	0.23317	0.47577	0.49752	0.7561	0.78764
927	0.75121	0.78177	0.4705	0.49161	0.21753	0.2272	0.22353	0.2332	0.4765	0.49761	0.75721	0.78777
928	0.75207	0.78169	0.47106	0.49156	0.21781	0.22718	0.22381	0.23318	0.47706	0.49756	0.75807	0.78769
929	0.75269	0.78138	0.47147	0.49137	0.21802	0.22711	0.22402	0.23311	0.47747	0.49737	0.75869	0.78738
930	0.75306	0.78084	0.47172	0.49105	0.21815	0.22699	0.22415	0.23299	0.47772	0.49705	0.75906	0.78684
931	0.75321	0.78008	0.47182	0.49058	0.2182	0.2268	0.2242	0.2328	0.47782	0.49658	0.75921	0.78608
932	0.75311	0.77907	0.47177	0.48996	0.21819	0.22654	0.22419	0.23254	0.47777	0.49596	0.75911	0.78507
933	0.75279	0.77782	0.47156	0.48918	0.21809	0.22622	0.22409	0.23222	0.47756	0.49518	0.75879	0.78382
934	0.75222	0.77631	0.47121	0.48824	0.21793	0.2258	0.22393	0.2318	0.47721	0.49424	0.75822	0.78231
935	0.75142	0.77455	0.47069	0.48712	0.21768	0.2253	0.22368	0.2313	0.47669	0.49312	0.75742	0.78055
937	0.75039	0.77256	0.47003	0.48584	0.21737	0.22471	0.22337	0.23071	0.47603	0.49184	0.75639	0.77856
938	0.74912	0.77035	0.46922	0.48441	0.21697	0.22403	0.22297	0.23003	0.47522	0.49041	0.75512	0.77635
939	0.74763	0.76796	0.46826	0.48284	0.21651	0.22327	0.22251	0.22927	0.47426	0.48884	0.75363	0.77396
940	0.74593	0.76544	0.46717	0.48118	0.21598	0.22244	0.22198	0.22844	0.47317	0.48718	0.75193	0.77144
941	0.74407	0.76288	0.46596	0.47947	0.2154	0.22157	0.2214	0.22757	0.47196	0.48547	0.75007	0.76888
942	0.74206	0.76034	0.46467	0.47777	0.21477	0.22069	0.22077	0.22669	0.47067	0.48377	0.74806	0.76634
943	0.73997	0.75791	0.46332	0.47612	0.21412	0.21983	0.22012	0.22583	0.46932	0.48212	0.74597	0.76391
944	0.73785	0.75569	0.46195	0.4746	0.21346	0.21902	0.21946	0.22502	0.46795	0.4806	0.74385	0.76169
945	0.73577	0.75375	0.4606	0.47327	0.21282	0.2183	0.21882	0.2243	0.4666	0.47927	0.74177	0.75975
946	0.73379	0.75218	0.45933	0.47218	0.21221	0.2177	0.21821	0.2237	0.46533	0.47818	0.73979	0.75818
947	0.73199	0.75105	0.45817	0.47138	0.21165	0.21724	0.21765	0.22324	0.46417	0.47738	0.73799	0.75705
948	0.73044	0.7504	0.45717	0.4709	0.21118	0.21696	0.21718	0.22296	0.46317	0.4769	0.73644	0.7564
949	0.72919	0.75027	0.45637	0.47077	0.21081	0.21685	0.21681	0.22285	0.46237	0.47677	0.73519	0.75627
950	0.72829	0.75064	0.4558	0.47098	0.21054	0.21692	0.21654	0.22292	0.4618	0.47698	0.73429	0.75664
951	0.72779	0.75151	0.45548	0.47154	0.21041	0.21717	0.21641	0.22317	0.46148	0.47754	0.73379	0.75751
952	0.72769	0.75284	0.45543	0.4724	0.2104	0.21759	0.2164	0.22359	0.46143	0.4784	0.73369	0.75884
953	0.728	0.75455	0.45565	0.47352	0.21052	0.21814	0.21652	0.22414	0.46165	0.47952	0.734	0.76055
954	0.72871	0.75658	0.45613	0.47485	0.21076	0.21879	0.21676	0.22479	0.46213	0.48085	0.73471	0.76258
955	0.72978	0.75883	0.45684	0.47634	0.21111	0.21952	0.21711	0.22552	0.46284	0.48234	0.73578	0.76483
956	0.73118	0.76122	0.45776	0.4779	0.21157	0.22029	0.21757	0.22629	0.46376	0.4839	0.73718	0.76722
958	0.73283	0.76366	0.45886	0.47951	0.21211	0.22107	0.21811	0.22707	0.46486	0.48551	0.73883	0.76966
959	0.73469	0.76605	0.46008	0.48107	0.2127	0.22181	0.2187	0.22781	0.46608	0.48707	0.74069	0.77205
960	0.73667	0.76833	0.46138	0.48254	0.21334	0.2225	0.21934	0.2285	0.46738	0.48854	0.74267	0.77433
961	0.73872	0.77044	0.46272	0.48389	0.21399	0.22312	0.21999	0.22912	0.46872	0.48989	0.74472	0.77644
962	0.74077	0.77233	0.46406	0.48509	0.21464	0.22365	0.22064	0.22965	0.47006	0.49109	0.74677	0.77833
963	0.74277	0.77398	0.46536	0.48612	0.21527	0.22408	0.22127	0.23008	0.47136	0.49212	0.74877	0.77998
964	0.74466	0.77537	0.4666	0.48698	0.21587	0.22442	0.22187	0.23042	0.4726	0.49298	0.75066	0.78137
965	0.7464	0.77649	0.46773	0.48766	0.21642	0.22467	0.22242	0.23067	0.47373	0.49366	0.7524	0.78249
966	0.74798	0.77736	0.46876	0.48817	0.21692	0.22485	0.22292	0.23085	0.47476	0.49417	0.75398	0.78336
967	0.74936	0.77798	0.46965	0.48853	0.21735	0.22495	0.22335	0.23095	0.47565	0.49453	0.75536	0.78398
968	0.75053	0.77835	0.47041	0.48873	0.21771	0.225	0.22371	0.231	0.47641	0.49473	0.75653	0.78435
969	0.75149	0.77849	0.47103	0.4888	0.21801	0.225	0.22401	0.231	0.47703	0.4948	0.75749	0.78449
970	0.75223	0.77839	0.47151	0.48872	0.21824	0.22495	0.22424	0.23095	0.47751	0.49472	0.75823	0.78439
971	0.75275	0.77806	0.47185	0.48851	0.21839	0.22485	0.22439	0.23085	0.47785	0.49451	0.75875	0.78406
972	0.75305	0.77747	0.47204	0.48815	0.21847	0.22471	0.22447	0.23071	0.47804	0.49415	0.75905	0.78347
973	0.75312	0.77662	0.47208	0.48764	0.21848	0.22451	0.22448	0.23051	0.47808	0.49364	0.75912	0.78262
974	0.75296	0.77549	0.47198	0.48695	0.21842	0.22425	0.22442	0.23025	0.47798	0.49295	0.75896	0.78149
975	0.75257	0.77408	0.47173	0.48609	0.21828	0.22392	0.22428	0.22992	0.47773	0.49209	0.75857	0.78008
976	0.75194	0.77237	0.47132	0.48504	0.21807	0.22351	0.22407	0.22951	0.47732	0.49104	0.75794	0.77837
977	0.75108	0.77038	0.47077	0.48381	0.21778	0.22302	0.22378	0.22902	0.47677	0.48981	0.75708	0.77638
979	0.75	0.76813	0.47007	0.48241	0.21743	0.22244	0.22343	0.22844	0.47607	0.48841	0.756	0.77413
980	0.74869	0.76564	0.46923	0.48084	0.217	0.22178	0.223	0.22778	0.47523	0.48684	0.75469	0.77164
981	0.74718	0.76296	0.46825	0.47914	0.21651	0.22105	0.22251	0.22705	0.47425	0.48514	0.75318	0.76896
982	0.74549	0.76018	0.46717	0.47736	0.21597	0.22026	0.22197	0.22626	0.47317	0.48336	0.75149	0.76618
983	0.74367	0.75736	0.466	0.47555	0.21539	0.21944	0.22139	0.22544	0.472	0.48155	0.74967	0.76336
984	0.74177	0.75461	0.46477	0.47376	0.21479	0.21862	0.22079	0.22462	0.47077	0.47976	0.74777	0.76061
985	0.73985	0.75202	0.46353	0.47207	0.21419	0.21783	0.22019	0.22383	0.46953	0.47807	0.74585	0.75802
986	0.73796	0.74969	0.46232	0.47055	0.21361	0.2171	0.21961	0.2231	0.46832	0.47655	0.74396	0.75569
987	0.73618	0.74772	0.46118	0.46925	0.21306	0.21647	0.21906	0.22247	0.46718	0.47525	0.74218	0.75372
988	0.73457	0.74619	0.46015	0.46823	0.21258	0.21596	0.21858	0.22196	0.46615	0.47423	0.74057	0.75219
989	0.73321	0.74517	0.45929	0.46754	0.21218	0.21561	0.21818	0.22161	0.46529	0.47354	0.73921	0.75117
990	0.73216	0.7447	0.45862	0.46721	0.21189	0.21543	0.21789	0.22143	0.46462	0.47321	0.73816	0.7507
991	0.73146	0.74481	0.45819	0.46725	0.21171	0.21543	0.21771	0.22143	0.46419	0.47325	0.73746	0.75081
992	0.73114	0.74549	0.45801	0.46767	0.21165	0.21561	0.21765	0.22161	0.46401	0.47367	0.73714	0.75149
993	0.73123	0.7467	0.4581	0.46844	0.21173	0.21597	0.21773	0.22197	0.4641	0.47444	0.73723	0.7527
994	0.73173	0.74841	0.45845	0.46954	0.21194	0.21648	0.21794	0.22248	0.46445	0.47554	0.73773	0.75441
995	0.73262	0.75054	0.45906	0.47091	0.21227	0.21713	0.21827	0.22313	0.46506	0.47691	0.73862	0.75654
996	0.73386	0.75299	0.4599	0.4725	0.21271	0.21788	0.21871	0.22388	0.4659	0.4785	0.73986	0.75899
997	0.7354	0.75567	0.46094	0.47423	0.21325	0.21871	0.21925	0.22471	0.46694	0.48023	0.7414	0.76167
998	0.73719	0.75848	0.46213	0.47605	0.21386	0.21957	0.21986	0.22557	0.46813	0.48205	0.74319	0.76448
1000	0.73914	0.76132	0.46344	0.47788	0.21452	0.22045	0.22052	0.22645	0.46944	0.48388	0.74514	0.76732
