	--	
1	0.91933	0.9108
2	0.91996	0.91079
3	0.9205	0.91079
4	0.92096	0.90922
5	0.92133	0.90922
6	0.92163	0.90922
7	0.92184	0.90922
8	0.92198	0.90922
9	0.92202	0.9076
10	0.92196	0.90621
11	0.92187	0.90479
12	0.92176	0.9034
13	0.92165	0.90327
14	0.92152	0.90326
15	0.92137	0.90438
16	0.92119	0.90544
17	0.92095	0.90653
18	0.92063	0.90757
19	0.92022	0.90852
20	0.91969	0.9093
21	0.91904	0.91001
22	0.91827	0.91055
23	0.91738	0.9109
24	0.91641	0.91118
25	0.9154	0.91118
26	0.91439	0.91118
27	0.91344	0.91118
28	0.91258	0.91118
29	0.91188	0.91118
30	0.91137	0.91118
31	0.9111	0.91118
32	0.91108	0.91118
33	0.91133	0.91118
34	0.91184	0.91118
35	0.91258	0.91117
36	0.91352	0.91117
37	0.91463	0.91117
38	0.91584	0.91109
39	0.91709	0.91076
40	0.91832	0.9103
41	0.91949	0.90961
42	0.92054	0.90868
43	0.92144	0.90751
44	0.92216	0.9059
45	0.9227	0.90427
46	0.92305	0.90235
47	0.92322	0.90034
48	0.92325	0.8995
49	0.92314	0.8995
50	0.92293	0.90061
51	0.92265	0.90192
52	0.92229	0.90333
53	0.92189	0.90481
54	0.92144	0.90633
55	0.92095	0.90794
56	0.92041	0.9095
57	0.9198	0.91101
58	0.91912	0.91246
59	0.91834	0.91386
60	0.91747	0.91515
61	0.9165	0.91631
62	0.91544	0.91734
63	0.91432	0.91826
64	0.91317	0.91896
65	0.91202	0.91952
66	0.91092	0.9199
67	0.90994	0.92006
68	0.9091	0.92006
69	0.90846	0.92006
70	0.90804	0.92005
71	0.90785	0.92004
72	0.90786	0.92003
73	0.90815	0.92003
74	0.90882	0.92003
75	0.90992	0.92003
76	0.91139	0.92001
77	0.9131	0.92
78	0.91486	0.91999
79	0.91653	0.91998
80	0.91798	0.91995
81	0.91907	0.9197
82	0.91973	0.91913
83	0.91994	0.91837
84	0.91974	0.91738
85	0.91927	0.91618
86	0.91871	0.91455
87	0.91814	0.91298
88	0.91752	0.90968
89	0.91685	0.90968
90	0.91612	0.91072
91	0.91533	0.91175
92	0.91448	0.91281
93	0.91356	0.91389
94	0.91255	0.91492
95	0.91146	0.91587
96	0.91028	0.91681
97	0.90901	0.91764
98	0.90766	0.91841
99	0.90628	0.91901
100	0.9049	0.91957
101	0.90356	0.92001
102	0.90232	0.92035
103	0.90122	0.92053
104	0.90032	0.92058
105	0.89965	0.92058
106	0.89924	0.92056
107	0.89911	0.92055
108	0.89928	0.92055
109	0.89974	0.92055
110	0.90049	0.92053
111	0.90149	0.92053
112	0.9027	0.92052
113	0.90408	0.92051
114	0.90555	0.9205
115	0.90707	0.92048
116	0.90856	0.92046
117	0.90997	0.9204
118	0.91125	0.9202
119	0.91237	0.91983
120	0.91331	0.91925
121	0.91407	0.91852
122	0.91464	0.91761
123	0.91505	0.91658
124	0.9153	0.91545
125	0.91542	0.91411
126	0.91541	0.91261
127	0.91529	0.91101
128	0.91508	0.90957
129	0.91476	0.90817
130	0.91436	0.90661
131	0.91387	0.9066
132	0.91329	0.90715
133	0.91261	0.90804
134	0.91185	0.90899
135	0.91098	0.90975
136	0.91003	0.91058
137	0.909	0.91131
138	0.90791	0.91191
139	0.9068	0.9125
140	0.90571	0.91297
141	0.90467	0.91335
142	0.90373	0.91375
143	0.90294	0.914
144	0.90232	0.91411
145	0.90193	0.91412
146	0.90177	0.91412
147	0.90188	0.9141
148	0.90226	0.9141
149	0.90293	0.91408
150	0.90387	0.91408
151	0.90506	0.91408
152	0.90645	0.91404
153	0.90802	0.91404
154	0.90969	0.91403
155	0.91141	0.91401
156	0.91312	0.91396
157	0.91477	0.91389
158	0.91631	0.91379
159	0.9177	0.91363
160	0.91893	0.9133
161	0.91999	0.91293
162	0.92087	0.91246
163	0.92157	0.91188
164	0.9221	0.91112
165	0.92247	0.91041
166	0.9227	0.90967
167	0.92279	0.90892
168	0.9228	0.9082
169	0.92278	0.90742
170	0.92264	0.90742
171	0.92226	0.90845
172	0.92153	0.90945
173	0.92044	0.91053
174	0.91904	0.91163
175	0.91745	0.91271
176	0.91578	0.91377
177	0.91417	0.91474
178	0.91273	0.91571
179	0.91162	0.91658
180	0.91091	0.91742
181	0.91063	0.91817
182	0.91071	0.91884
183	0.91101	0.91931
184	0.91145	0.91973
185	0.91207	0.92004
186	0.91287	0.92013
187	0.91382	0.92015
188	0.9149	0.92018
189	0.91607	0.92018
190	0.91728	0.92018
191	0.91848	0.92017
192	0.91963	0.92017
193	0.92072	0.92014
194	0.92172	0.92014
195	0.92257	0.92014
196	0.92323	0.9201
197	0.92371	0.92006
198	0.92402	0.92
199	0.92422	0.91995
200	0.9243	0.91983
201	0.92429	0.91959
202	0.92417	0.91918
203	0.92396	0.91871
204	0.92365	0.91815
205	0.92325	0.91757
206	0.92272	0.91698
207	0.92203	0.91642
208	0.92118	0.91588
209	0.92018	0.91537
210	0.9191	0.91488
211	0.91795	0.91446
212	0.91674	0.91404
213	0.91548	0.91377
214	0.91421	0.91367
215	0.91295	0.9137
216	0.91174	0.91385
217	0.91061	0.91409
218	0.9096	0.91437
219	0.90874	0.91447
220	0.90806	0.91469
221	0.90759	0.91471
222	0.90735	0.91473
223	0.90736	0.91471
224	0.90762	0.91468
225	0.90814	0.91468
226	0.90899	0.91466
227	0.91021	0.91466
228	0.91135	0.91466
229	0.91217	0.91464
230	0.91275	0.91464
231	0.9133	0.91456
232	0.914	0.91451
233	0.91494	0.91445
234	0.91608	0.91437
235	0.91737	0.91427
236	0.91883	0.91403
237	0.92042	0.91366
238	0.92202	0.91326
239	0.92341	0.91279
240	0.92432	0.91228
241	0.92453	0.91162
242	0.92418	0.91092
243	0.92376	0.91002
244	0.92331	0.90936
245	0.9228	0.90867
246	0.92227	0.90797
247	0.92171	0.9074
248	0.92112	0.90687
249	0.92049	0.90638
250	0.91983	0.90594
251	0.91907	0.90561
252	0.91826	0.90526
253	0.91736	0.90498
254	0.9161	0.90473
255	0.91442	0.90461
256	0.91256	0.9043
257	0.91071	0.90415
258	0.90905	0.90398
259	0.9077	0.90365
260	0.90669	0.90342
261	0.90605	0.9033
262	0.90581	0.90329
263	0.90591	0.90339
264	0.90625	0.90414
265	0.90678	0.90447
266	0.90746	0.90485
267	0.90831	0.90542
268	0.90946	0.90583
269	0.91111	0.90612
270	0.91307	0.90633
271	0.91511	0.9065
272	0.91708	0.90668
273	0.91883	0.90685
274	0.9202	0.90696
275	0.92109	0.9071
276	0.92153	0.90734
277	0.92166	0.90757
278	0.92161	0.90785
279	0.92147	0.90805
280	0.92117	0.90829
281	0.92072	0.90869
282	0.92011	0.90908
283	0.91936	0.90945
284	0.9185	0.90981
285	0.91754	0.91018
286	0.91648	0.91054
287	0.91534	0.91079
288	0.91413	0.91112
289	0.91285	0.91137
290	0.91151	0.91162
291	0.91016	0.91176
292	0.9089	0.91186
293	0.90748	0.91189
294	0.90574	0.91195
295	0.90377	0.912
296	0.90182	0.91205
297	0.90017	0.91203
298	0.89899	0.91202
299	0.89834	0.912
300	0.8982	0.91199
301	0.8986	0.91197
302	0.89951	0.9119
303	0.90082	0.91186
304	0.9023	0.91176
305	0.90371	0.91173
306	0.90485	0.91168
307	0.90582	0.91162
308	0.9069	0.91148
309	0.90812	0.91137
310	0.90936	0.91125
311	0.91056	0.91107
312	0.9117	0.91097
313	0.91274	0.91079
314	0.91366	0.91035
315	0.91444	0.91018
316	0.91509	0.90999
317	0.91559	0.90986
318	0.91594	0.90965
319	0.91616	0.90956
320	0.91626	0.90946
321	0.91627	0.90928
322	0.91613	0.90928
323	0.91577	0.90946
324	0.9164	0.90958
325	0.9186	0.90961
326	0.91794	0.90962
327	0.91229	0.90968
328	0.903	0.90972
329	0.89292	0.90977
330	0.8845	0.90981
331	0.879	0.90985
332	0.87647	0.90983
333	0.87658	0.90978
334	0.87968	0.90977
335	0.88572	0.90969
336	0.89359	0.90969
337	0.90096	0.90967
338	0.90502	0.90966
339	0.90441	0.90961
340	0.90127	0.90939
341	0.90011	0.90908
342	0.90039	0.90868
343	0.90092	0.90817
344	0.90168	0.90765
345	0.90268	0.907
346	0.90387	0.90639
347	0.90523	0.90565
348	0.90671	0.90487
349	0.90827	0.90409
350	0.90987	0.9032
351	0.91145	0.90241
352	0.91298	0.90152
353	0.91442	0.90059
354	0.91571	0.89969
355	0.91684	0.89881
356	0.91779	0.89794
357	0.91857	0.89715
358	0.91916	0.89658
359	0.91959	0.89658
360	0.91984	0.8973
361	0.91993	0.89806
362	0.91987	0.89881
363	0.91967	0.89954
364	0.9193	0.90024
365	0.91876	0.90105
366	0.91802	0.90175
367	0.9171	0.90242
368	0.91599	0.90299
369	0.9147	0.90351
370	0.91325	0.90386
371	0.91165	0.90419
372	0.90993	0.90444
373	0.90812	0.90458
374	0.90628	0.90468
375	0.90446	0.90478
376	0.90269	0.90485
377	0.90105	0.90485
378	0.89959	0.90484
379	0.89838	0.90483
380	0.89749	0.90483
381	0.89695	0.90481
382	0.89679	0.90479
383	0.89702	0.90479
384	0.89762	0.90478
385	0.89857	0.90469
386	0.89984	0.90453
387	0.90138	0.90434
388	0.90315	0.9041
389	0.90509	0.9038
390	0.90714	0.90347
391	0.90923	0.90307
392	0.91132	0.90263
393	0.91332	0.9022
394	0.91521	0.90189
395	0.91692	0.90156
396	0.91843	0.90129
397	0.91971	0.90098
398	0.92076	0.90061
399	0.92157	0.9004
400	0.92215	0.90018
401	0.92251	0.90021
402	0.92266	0.9029
403	0.92259	0.90701
404	0.92231	0.90873
405	0.92181	0.90999
406	0.92108	0.91072
407	0.92008	0.91147
408	0.9188	0.91207
409	0.91725	0.9125
410	0.91543	0.91276
411	0.91339	0.91299
412	0.91116	0.9132
413	0.90881	0.91337
414	0.9064	0.9135
415	0.904	0.91347
416	0.90169	0.91347
417	0.89955	0.91345
418	0.89766	0.91343
419	0.89607	0.91342
420	0.89484	0.91342
421	0.89402	0.91342
422	0.89367	0.91334
423	0.89379	0.91317
424	0.89437	0.91287
425	0.89538	0.91249
426	0.89677	0.91198
427	0.89851	0.9114
428	0.90052	0.91076
429	0.90274	0.91002
430	0.90509	0.90931
431	0.90749	0.90848
432	0.90986	0.90766
433	0.91214	0.90677
434	0.91424	0.9059
435	0.91612	0.90512
436	0.91774	0.90446
437	0.91906	0.90377
438	0.9201	0.90318
439	0.92085	0.90258
440	0.92134	0.90206
441	0.92159	0.90161
442	0.92161	0.90131
443	0.92142	0.90106
444	0.92102	0.90107
445	0.92041	0.90114
446	0.91956	0.90134
447	0.91845	0.90157
448	0.91706	0.90176
449	0.91539	0.90241
450	0.91346	0.90628
451	0.91128	0.90657
452	0.90891	0.9067
453	0.90639	0.90677
454	0.9038	0.90676
455	0.90122	0.90675
456	0.89872	0.90675
457	0.89636	0.90673
458	0.89424	0.90673
459	0.8925	0.90672
460	0.89128	0.90672
461	0.89066	0.90659
462	0.89069	0.90641
463	0.89134	0.90621
464	0.89256	0.90598
465	0.89426	0.90549
466	0.89634	0.90494
467	0.89866	0.90426
468	0.90109	0.90349
469	0.90351	0.90266
470	0.90585	0.90175
471	0.9081	0.90082
472	0.9102	0.89997
473	0.91211	0.89931
474	0.91377	0.89863
475	0.91516	0.89863
476	0.91627	0.89894
477	0.91713	0.89982
478	0.91774	0.90077
479	0.91813	0.90175
480	0.91832	0.90266
481	0.91833	0.90379
482	0.91839	0.90484
483	0.9187	0.90577
484	0.91838	0.90661
485	0.91653	0.90723
486	0.91322	0.9076
487	0.90913	0.90812
488	0.90487	0.90847
489	0.90088	0.90879
490	0.89737	0.90906
491	0.89442	0.90931
492	0.89221	0.90947
493	0.89091	0.90946
494	0.89039	0.90945
495	0.89015	0.90945
496	0.88948	0.90941
497	0.88793	0.90939
498	0.88581	0.90933
499	0.88422	0.90931
500	0.88341	0.87323
501	0.8831	0.90482
502	0.88323	0.90427
503	0.88391	0.90381
504	0.88507	0.9022
505	0.88665	0.90176
506	0.88861	0.90134
507	0.89088	0.90102
508	0.89335	0.90102
509	0.89593	0.89953
510	0.89854	0.89851
511	0.90109	0.89748
512	0.90349	0.89645
513	0.90567	0.89636
514	0.90758	0.89635
515	0.9092	0.89715
516	0.91051	0.89789
517	0.91152	0.89881
518	0.91226	0.89983
519	0.91277	0.90085
520	0.91308	0.90177
521	0.9132	0.90268
522	0.91315	0.90344
523	0.91293	0.90405
524	0.91246	0.9046
525	0.91169	0.90493
526	0.9106	0.9052
527	0.9092	0.9054
528	0.90752	0.9054
529	0.90558	0.9054
530	0.90337	0.90538
531	0.90101	0.90534
532	0.89855	0.90513
533	0.89559	0.90513
534	0.89201	0.90511
535	0.8881	0.90506
536	0.88429	0.90479
537	0.88096	0.90447
538	0.87837	0.90403
539	0.87753	0.90338
540	0.87881	0.90264
541	0.87901	0.90172
542	0.87652	0.90063
543	0.8721	0.89938
544	0.86748	0.89786
545	0.8641	0.8964
546	0.86268	0.8947
547	0.86345	0.89327
548	0.86656	0.89267
549	0.87214	0.89266
550	0.87995	0.89342
551	0.88901	0.89433
552	0.89749	0.8953
553	0.90327	0.89634
554	0.90531	0.89743
555	0.90513	0.89887
556	0.90592	0.90032
557	0.90731	0.9018
558	0.90846	0.90328
559	0.90937	0.90475
560	0.91009	0.90615
561	0.91068	0.90748
562	0.9111	0.90872
563	0.91122	0.90987
564	0.91092	0.91062
565	0.91013	0.91146
566	0.90881	0.91214
567	0.90699	0.9126
568	0.90473	0.9129
569	0.9021	0.91313
570	0.89925	0.91313
571	0.89636	0.91311
572	0.89351	0.91309
573	0.89081	0.91308
574	0.88835	0.91308
575	0.88617	0.91306
576	0.88431	0.91305
577	0.88286	0.91274
578	0.88188	0.91235
579	0.88136	0.91192
580	0.88133	0.91143
581	0.88182	0.91078
582	0.88284	0.90987
583	0.88424	0.90889
584	0.88589	0.90777
585	0.88778	0.90661
586	0.88993	0.90515
587	0.89236	0.90403
588	0.89498	0.90174
589	0.89764	0.90173
590	0.90025	0.90246
591	0.90274	0.90317
592	0.90504	0.9039
593	0.90711	0.90463
594	0.90891	0.9055
595	0.91039	0.90646
596	0.91152	0.90745
597	0.91232	0.90838
598	0.91285	0.90927
599	0.91315	0.91005
600	0.91324	0.91081
601	0.91316	0.91146
602	0.91292	0.91202
603	0.9125	0.91247
604	0.91185	0.91278
605	0.91096	0.91299
606	0.90982	0.91318
607	0.90839	0.91318
608	0.90666	0.91317
609	0.9046	0.91314
610	0.90224	0.91311
611	0.89971	0.9131
612	0.89716	0.91309
613	0.89467	0.91308
614	0.89231	0.91286
615	0.89015	0.91257
616	0.88827	0.91221
617	0.88673	0.91178
618	0.88557	0.91124
619	0.88484	0.91052
620	0.88454	0.90965
621	0.88468	0.90863
622	0.88523	0.90754
623	0.88616	0.90636
624	0.88742	0.9051
625	0.88896	0.9038
626	0.89081	0.90244
627	0.89293	0.90115
628	0.89494	0.90016
629	0.89662	0.8992
630	0.89797	0.89812
631	0.89912	0.89811
632	0.90023	0.89846
633	0.90139	0.89906
634	0.90259	0.89969
635	0.90382	0.90045
636	0.90512	0.90129
637	0.90648	0.90211
638	0.90786	0.90289
639	0.90906	0.90361
640	0.90988	0.9043
641	0.91016	0.90484
642	0.91002	0.90538
643	0.90975	0.90581
644	0.90931	0.90608
645	0.90861	0.90631
646	0.90764	0.90646
647	0.90638	0.90646
648	0.90484	0.90645
649	0.90306	0.90645
650	0.90108	0.90645
651	0.89894	0.90644
652	0.89669	0.90642
653	0.89439	0.90642
654	0.89211	0.90635
655	0.88991	0.90617
656	0.88791	0.90595
657	0.8862	0.90565
658	0.88489	0.90535
659	0.88404	0.90497
660	0.88372	0.90448
661	0.88392	0.90396
662	0.8846	0.90337
663	0.88567	0.90272
664	0.88707	0.90203
665	0.88872	0.90135
666	0.89054	0.90086
667	0.89247	0.90035
668	0.89446	0.89983
669	0.89647	0.89929
670	0.89844	0.89928
671	0.90034	0.89998
672	0.90213	0.90068
673	0.90376	0.9015
674	0.90519	0.90248
675	0.90641	0.90348
676	0.90743	0.90455
677	0.90828	0.90562
678	0.90896	0.90668
679	0.90945	0.90767
680	0.90975	0.90865
681	0.90983	0.90954
682	0.90968	0.91039
683	0.90928	0.91105
684	0.90861	0.91167
685	0.90767	0.91213
686	0.90646	0.91249
687	0.905	0.91273
688	0.90332	0.9127
689	0.90145	0.9127
690	0.89945	0.9127
691	0.89738	0.91269
692	0.8953	0.91268
693	0.89328	0.91268
694	0.89138	0.91266
695	0.88967	0.91266
696	0.88819	0.91244
697	0.88699	0.91219
698	0.88612	0.91193
699	0.88559	0.91165
700	0.88541	0.91132
701	0.88558	0.91093
702	0.88608	0.91043
703	0.88688	0.90991
704	0.88795	0.90934
705	0.88924	0.90882
706	0.8907	0.90838
707	0.89229	0.90798
708	0.89395	0.90761
709	0.89563	0.90726
710	0.8973	0.90693
711	0.8989	0.90666
712	0.90041	0.90642
713	0.90179	0.90623
714	0.90303	0.90632
715	0.9041	0.90643
716	0.905	0.90662
717	0.90572	0.90693
718	0.90625	0.90723
719	0.90659	0.90743
720	0.90674	0.90769
721	0.90668	0.90779
722	0.90642	0.90788
723	0.90593	0.90788
724	0.9052	0.90784
725	0.90422	0.90782
726	0.90299	0.90782
727	0.90152	0.90781
728	0.89982	0.90781
729	0.89793	0.90781
730	0.89588	0.9078
731	0.89373	0.90764
732	0.89153	0.9074
733	0.88936	0.90715
734	0.88728	0.90688
735	0.88536	0.90654
736	0.88366	0.90608
737	0.88223	0.90559
738	0.88112	0.90506
739	0.88035	0.90446
740	0.87994	0.90385
741	0.87988	0.90318
742	0.88016	0.9025
743	0.88077	0.90184
744	0.88165	0.90122
745	0.88278	0.90067
746	0.8841	0.9001
747	0.88558	0.8997
748	0.88717	0.89933
749	0.88881	0.89899
750	0.89042	0.89869
751	0.89202	0.89847
752	0.89364	0.89823
753	0.89528	0.89804
754	0.8969	0.89784
755	0.89843	0.89782
756	0.89977	0.89764
757	0.90088	0.89754
758	0.90169	0.89745
759	0.90214	0.89728
760	0.90221	0.89713
761	0.90186	0.89709
762	0.90114	0.89712
763	0.90011	0.89725
764	0.89885	0.8978
765	0.89741	0.89809
766	0.89579	0.8984
767	0.894	0.89884
768	0.89209	0.89919
769	0.89012	0.89942
770	0.88814	0.8997
771	0.88624	0.89983
772	0.88448	0.89994
773	0.88293	0.90009
774	0.88164	0.90021
775	0.88066	0.90033
776	0.88003	0.9005
777	0.87976	0.90065
778	0.87985	0.90083
779	0.8803	0.90104
780	0.88108	0.90118
781	0.88216	0.90146
782	0.8835	0.90177
783	0.88506	0.90208
784	0.8868	0.90243
785	0.88867	0.90276
786	0.89062	0.90311
787	0.8926	0.90343
788	0.89457	0.90373
789	0.89647	0.90405
790	0.89828	0.90439
791	0.89994	0.90465
792	0.90146	0.90489
793	0.9028	0.90507
794	0.90395	0.90526
795	0.90492	0.90543
796	0.9057	0.90557
797	0.90627	0.90568
798	0.90665	0.9057
799	0.9068	0.90569
800	0.90671	0.90567
801	0.90636	0.90565
802	0.90573	0.90564
803	0.9048	0.90563
804	0.90359	0.90559
805	0.9021	0.90557
806	0.90034	0.90546
807	0.89838	0.90536
808	0.89624	0.90507
809	0.89401	0.90487
810	0.89174	0.90466
811	0.88952	0.9044
812	0.88741	0.90415
813	0.88549	0.90391
814	0.88381	0.90344
815	0.88244	0.90313
816	0.88141	0.90281
817	0.88075	0.90257
818	0.88047	0.9023
819	0.88057	0.90224
820	0.88104	0.90217
821	0.88185	0.90202
822	0.88298	0.90202
823	0.88438	0.90213
824	0.88601	0.90222
825	0.88782	0.9022
826	0.88976	0.90226
827	0.89176	0.90237
828	0.89376	0.90248
829	0.89572	0.90264
830	0.89757	0.90278
831	0.89928	0.90289
832	0.90082	0.90288
833	0.90215	0.90286
834	0.90327	0.90284
835	0.90417	0.90283
836	0.90485	0.90282
837	0.90532	0.90281
838	0.90557	0.90279
839	0.90557	0.90272
840	0.90533	0.90245
841	0.90481	0.90206
842	0.90398	0.9016
843	0.90283	0.90104
844	0.90134	0.90046
845	0.89952	0.89977
846	0.89739	0.89906
847	0.89498	0.89822
848	0.89237	0.89733
849	0.88964	0.89642
850	0.88684	0.89545
851	0.88402	0.89454
852	0.88134	0.8936
853	0.87898	0.89265
854	0.87717	0.89178
855	0.87605	0.89095
856	0.8757	0.89028
857	0.87614	0.88979
858	0.8773	0.88943
859	0.87911	0.88942
860	0.8814	0.88989
861	0.884	0.89041
862	0.88671	0.89092
863	0.88939	0.89141
864	0.89195	0.89214
865	0.89441	0.89296
866	0.89675	0.89374
867	0.89892	0.89453
868	0.90086	0.89525
869	0.90256	0.89595
870	0.90398	0.8965
871	0.90513	0.89705
872	0.90602	0.89748
873	0.90665	0.89784
874	0.90702	0.89813
875	0.90713	0.8984
876	0.90696	0.89858
877	0.90648	0.89857
878	0.90567	0.89856
879	0.9045	0.89855
880	0.90294	0.89854
881	0.90101	0.89853
882	0.89871	0.89851
883	0.89609	0.89851
884	0.89321	0.89848
885	0.89015	0.89828
886	0.88702	0.89803
887	0.88392	0.8977
888	0.88097	0.89734
889	0.87828	0.8969
890	0.87593	0.89645
891	0.87401	0.89595
892	0.87257	0.89543
893	0.87165	0.89493
894	0.87126	0.89473
895	0.87139	0.89449
896	0.87202	0.8943
897	0.87313	0.89409
898	0.87467	0.89383
899	0.87659	0.89369
900	0.87882	0.89355
901	0.88131	0.89363
902	0.88396	0.89571
903	0.88669	0.89882
904	0.88944	0.90043
905	0.8921	0.90167
906	0.89462	0.90263
907	0.89693	0.90364
908	0.89898	0.90448
909	0.90076	0.90519
910	0.90224	0.90579
911	0.90345	0.90632
912	0.9044	0.90676
913	0.90511	0.90715
914	0.90558	0.90745
915	0.90581	0.90744
916	0.9058	0.90742
917	0.90552	0.90739
918	0.90493	0.90738
919	0.90398	0.90738
920	0.90266	0.90736
921	0.90093	0.90736
922	0.8988	0.90725
923	0.89631	0.90692
924	0.8935	0.9065
925	0.89046	0.90596
926	0.88727	0.90534
927	0.88407	0.90461
928	0.88096	0.90382
929	0.87806	0.90297
930	0.87548	0.90211
931	0.87329	0.90118
932	0.87157	0.90033
933	0.87036	0.89941
934	0.86969	0.8985
935	0.86957	0.89773
936	0.86998	0.89728
937	0.8709	0.89682
938	0.87231	0.8964
939	0.87415	0.89599
940	0.87636	0.89564
941	0.87888	0.89532
942	0.88162	0.89511
943	0.88449	0.8951
944	0.88738	0.89539
945	0.89022	0.89572
946	0.8929	0.89616
947	0.89543	0.89667
948	0.89781	0.89702
949	0.89973	0.89775
950	0.90107	0.90065
951	0.90191	0.90111
952	0.90242	0.90136
953	0.90275	0.90153
954	0.90296	0.90153
955	0.90302	0.90152
956	0.90287	0.90151
957	0.90249	0.90151
958	0.90185	0.9015
959	0.90087	0.90149
960	0.89942	0.90148
961	0.89738	0.90122
962	0.89472	0.90088
963	0.89151	0.90047
964	0.88789	0.89999
965	0.88437	0.89931
966	0.88166	0.89856
967	0.8803	0.89769
968	0.88037	0.89673
969	0.88153	0.89573
970	0.88329	0.89471
971	0.88513	0.89374
972	0.88661	0.89284
973	0.88727	0.89236
974	0.88671	0.89191
975	0.88477	0.89189
976	0.88171	0.89209
977	0.87817	0.8927
978	0.87498	0.89335
979	0.87262	0.89399
980	0.87089	0.8946
981	0.86968	0.89572
982	0.86901	0.89686
983	0.86889	0.89798
984	0.86932	0.89904
985	0.87026	0.89996
986	0.87169	0.90072
987	0.87355	0.90156
988	0.87579	0.90225
989	0.87834	0.90287
990	0.88111	0.90342
991	0.884	0.9039
992	0.88693	0.90423
993	0.88979	0.90422
994	0.89249	0.90421
995	0.89505	0.90421
996	0.89745	0.9042
997	0.89938	0.9042
998	0.90072	0.90419
999	0.90155	0.8991
1000	0.90205	0.89814
1001	0.90236	0.89727
1002	0.90255	0.89562
1003	0.90259	0.89479
1004	0.90242	0.89402
1005	0.90202	0.89342
1006	0.90136	0.89341
1007	0.90037	0.89206
1008	0.89892	0.89136
1009	0.89686	0.89066
1010	0.89419	0.88997
1011	0.89099	0.8899
1012	0.88746	0.88989
1013	0.88392	0.89043
1014	0.88092	0.89093
1015	0.87901	0.89171
1016	0.87846	0.89271
1017	0.87928	0.89383
1018	0.88125	0.89488
1019	0.88408	0.89594
1020	0.88743	0.8969
1021	0.89088	0.89777
1022	0.89394	0.89855
1023	0.89625	0.89916
1024	0.89767	0.89966
1025	0.89842	0.9001
1026	0.89892	0.90009
1027	0.89948	0.90008
1028	0.89997	0.90007
1029	0.9003	0.90006
1030	0.90048	0.90006
1031	0.90051	0.90005
1032	0.90038	0.90004
1033	0.90008	0.89996
1034	0.8996	0.89947
1035	0.89892	0.89889
1036	0.89804	0.89818
1037	0.89694	0.89732
1038	0.89563	0.89633
1039	0.89412	0.89524
1040	0.89246	0.89403
1041	0.89069	0.89273
1042	0.88886	0.89127
1043	0.88703	0.88995
1044	0.88529	0.88844
1045	0.88368	0.88748
1046	0.88228	0.88707
1047	0.88114	0.88707
1048	0.88029	0.88759
1049	0.87978	0.88819
1050	0.87962	0.88885
1051	0.87982	0.88954
1052	0.88037	0.8903
1053	0.88125	0.8916
1054	0.88245	0.89298
1055	0.88393	0.89445
1056	0.88559	0.89595
1057	0.88735	0.89748
1058	0.88917	0.89899
1059	0.891	0.90047
1060	0.89281	0.90187
1061	0.89456	0.90319
1062	0.89619	0.90433
1063	0.89767	0.90536
1064	0.89897	0.90625
1065	0.90008	0.90695
1066	0.90099	0.90749
1067	0.90167	0.9079
1068	0.90211	0.9079
1069	0.9023	0.90789
1070	0.90228	0.90787
1071	0.9021	0.90787
1072	0.90173	0.90785
1073	0.90116	0.90784
1074	0.90039	0.90783
1075	0.8994	0.90731
1076	0.89818	0.90665
1077	0.89673	0.90592
1078	0.89508	0.90506
1079	0.89326	0.90414
1080	0.89131	0.90278
1081	0.88928	0.90166
1082	0.88725	0.90047
1083	0.88527	0.89932
1084	0.88341	0.898
1085	0.88175	0.89726
1086	0.88035	0.89572
1087	0.87923	0.89571
1088	0.87845	0.89618
1089	0.87797	0.89665
1090	0.87775	0.89712
1091	0.8779	0.89761
1092	0.8786	0.89837
1093	0.87998	0.89935
1094	0.88199	0.90035
1095	0.88449	0.90134
1096	0.88724	0.90235
1097	0.89004	0.90329
1098	0.89269	0.90419
1099	0.89498	0.90501
1100	0.89674	0.90575
1101	0.89787	0.90637
1102	0.89839	0.90686
1103	0.89849	0.90722
1104	0.8984	0.90756
1105	0.89828	0.90755
1106	0.89804	0.90754
1107	0.89764	0.90753
1108	0.89708	0.90752
1109	0.89635	0.90751
1110	0.89542	0.90751
1111	0.89428	0.9075
1112	0.89292	0.90718
1113	0.89133	0.90669
1114	0.88955	0.90609
1115	0.88761	0.90542
1116	0.88557	0.90462
1117	0.88348	0.90365
1118	0.8814	0.90252
1119	0.8794	0.90128
1120	0.87756	0.90004
1121	0.87593	0.89877
1122	0.87456	0.89745
1123	0.87352	0.89616
1124	0.87282	0.89488
1125	0.87249	0.89384
1126	0.87254	0.89316
1127	0.87298	0.89251
1128	0.87377	0.89178
1129	0.87491	0.89177
1130	0.87633	0.89201
1131	0.878	0.89241
1132	0.87985	0.89283
1133	0.88182	0.89359
1134	0.88382	0.89445
1135	0.8858	0.89536
1136	0.8877	0.89625
1137	0.88947	0.89709
1138	0.89107	0.89791
1139	0.89247	0.89856
1140	0.89367	0.89925
1141	0.89467	0.8998
1142	0.89546	0.90019
1143	0.89605	0.90054
1144	0.89646	0.9008
1145	0.89669	0.90079
1146	0.89675	0.90078
1147	0.89664	0.90077
1148	0.89636	0.90075
1149	0.8959	0.90074
1150	0.89525	0.90073
1151	0.8944	0.90073
1152	0.89335	0.90063
1153	0.8921	0.90033
1154	0.89067	0.89996
1155	0.88909	0.89955
1156	0.8874	0.89907
1157	0.88566	0.89852
1158	0.88391	0.89789
1159	0.88222	0.89726
1160	0.88066	0.89658
1161	0.87927	0.89585
1162	0.87811	0.89513
1163	0.87723	0.89449
1164	0.87665	0.89416
1165	0.8764	0.89383
1166	0.8765	0.89348
1167	0.87697	0.89313
1168	0.87778	0.89312
1169	0.87892	0.89357
1170	0.88035	0.89404
1171	0.88202	0.89468
1172	0.88389	0.8956
1173	0.88588	0.89656
1174	0.88794	0.89765
1175	0.89	0.89879
1176	0.89201	0.89993
1177	0.89391	0.90105
1178	0.89567	0.90214
1179	0.89725	0.90317
1180	0.89864	0.90414
1181	0.89983	0.90495
1182	0.90081	0.9057
1183	0.90159	0.90632
1184	0.90217	0.90681
1185	0.90256	0.90721
1186	0.90282	0.90746
1187	0.90303	0.90745
1188	0.90305	0.90744
1189	0.90264	0.90743
1190	0.90163	0.90742
1191	0.89997	0.90741
1192	0.89778	0.90739
1193	0.89523	0.90738
1194	0.89252	0.90705
1195	0.88985	0.90667
1196	0.88745	0.90626
1197	0.88552	0.90583
1198	0.88421	0.90535
1199	0.88357	0.90485
1200	0.88344	0.90429
1201	0.88362	0.90375
1202	0.88398	0.9032
1203	0.88458	0.90271
1204	0.88545	0.90237
1205	0.88657	0.90211
1206	0.8879	0.90186
1207	0.88938	0.90163
1208	0.89098	0.9014
1209	0.89263	0.90122
1210	0.89429	0.90107
1211	0.89597	0.90094
1212	0.89768	0.90111
1213	0.89911	0.9013
1214	0.90011	0.90152
1215	0.90074	0.90191
1216	0.90116	0.90225
1217	0.9015	0.90253
1218	0.90183	0.90281
1219	0.90215	0.90297
1220	0.90245	0.90313
1221	0.90274	0.90312
1222	0.90301	0.90311
1223	0.9032	0.90311
1224	0.90315	0.90311
1225	0.9027	0.9031
1226	0.90176	0.90309
1227	0.90045	0.90308
1228	0.89906	0.90305
1229	0.89756	0.90278
1230	0.89591	0.90248
1231	0.89416	0.9021
1232	0.89234	0.90169
1233	0.89051	0.9012
1234	0.88873	0.90059
1235	0.88704	0.89999
1236	0.8855	0.89935
1237	0.88416	0.89868
1238	0.88306	0.89799
1239	0.88225	0.89732
1240	0.88174	0.89666
1241	0.88157	0.89604
1242	0.88174	0.89547
1243	0.88225	0.895
1244	0.88354	0.89452
1245	0.88576	0.89424
1246	0.88713	0.89399
1247	0.88677	0.89377
1248	0.88517	0.89356
1249	0.88341	0.89342
1250	0.88239	0.89326
1251	0.88253	0.89313
1252	0.8838	0.89301
1253	0.88602	0.89307
1254	0.88929	0.89295
1255	0.89356	0.8929
1256	0.89835	0.89288
1257	0.90279	0.89282
1258	0.90576	0.89273
1259	0.90626	0.89275
1260	0.90495	0.89281
1261	0.90377	0.89292
1262	0.90282	0.89333
1263	0.90189	0.89359
1264	0.90111	0.89382
1265	0.90047	0.8942
1266	0.89995	0.8945
1267	0.89958	0.89471
1268	0.89935	0.89498
1269	0.89911	0.89507
1270	0.89887	0.89519
1271	0.89849	0.8953
1272	0.89684	0.89538
1273	0.89371	0.89547
1274	0.88991	0.89559
1275	0.88609	0.8957
1276	0.88277	0.89583
1277	0.88028	0.89597
1278	0.87871	0.89608
1279	0.87801	0.89627
1280	0.87825	0.89649
1281	0.87938	0.89675
1282	0.88108	0.89706
1283	0.88291	0.89741
1284	0.88442	0.89774
1285	0.88541	0.89812
1286	0.88639	0.89854
1287	0.88832	0.89891
1288	0.89088	0.89931
1289	0.8936	0.89965
1290	0.89629	0.89999
1291	0.89874	0.90027
1292	0.90074	0.90058
1293	0.90216	0.90084
1294	0.90301	0.90106
1295	0.90349	0.90124
1296	0.90377	0.90126
1297	0.90392	0.90126
1298	0.90387	0.90125
1299	0.90359	0.90124
1300	0.90307	0.90123
1301	0.90233	0.90123
1302	0.9014	0.90123
1303	0.90028	0.90123
1304	0.89901	0.90106
1305	0.89761	0.90095
1306	0.8961	0.90057
1307	0.8945	0.90031
1308	0.89279	0.90003
1309	0.89095	0.89971
1310	0.88899	0.89936
1311	0.88695	0.89906
1312	0.88492	0.89858
1313	0.88299	0.89817
1314	0.88127	0.89778
1315	0.87985	0.89748
1316	0.8788	0.89715
1317	0.87813	0.89712
1318	0.87787	0.89708
1319	0.87799	0.897
1320	0.87843	0.89699
1321	0.87913	0.89706
1322	0.88004	0.89711
1323	0.88114	0.89713
1324	0.88241	0.89721
1325	0.88383	0.89742
1326	0.88538	0.89761
1327	0.88701	0.89785
1328	0.88868	0.89806
1329	0.89034	0.89821
1330	0.89194	0.89821
1331	0.89346	0.89821
1332	0.89485	0.89821
1333	0.89609	0.8982
1334	0.89716	0.89819
1335	0.89804	0.89818
1336	0.89874	0.89817
1337	0.89925	0.8981
1338	0.89962	0.89778
1339	0.89991	0.89736
1340	0.89994	0.89686
1341	0.89949	0.89627
1342	0.90195	0.89563
1343	0.90888	0.89491
1344	0.90801	0.89412
1345	0.89344	0.89322
1346	0.86899	0.89226
1347	0.8426	0.8913
1348	0.82104	0.89025
1349	0.80767	0.88926
1350	0.80261	0.88831
1351	0.80482	0.88736
1352	0.81522	0.88653
1353	0.83366	0.88573
1354	0.8569	0.8852
1355	0.87844	0.88487
1356	0.89049	0.88462
1357	0.88927	0.88461
1358	0.88075	0.88492
1359	0.8774	0.88528
1360	0.87769	0.88561
1361	0.87824	0.88594
1362	0.87905	0.88668
1363	0.88019	0.88751
1364	0.88162	0.88834
1365	0.8833	0.88922
1366	0.88517	0.89006
1367	0.88719	0.89089
1368	0.8893	0.89157
1369	0.89143	0.89228
1370	0.89354	0.89287
1371	0.89554	0.89338
1372	0.89739	0.8938
1373	0.89901	0.89418
1374	0.9004	0.89444
1375	0.90157	0.89443
1376	0.90251	0.89443
1377	0.90322	0.89442
1378	0.90369	0.89442
1379	0.90394	0.89442
1380	0.90398	0.89442
1381	0.9038	0.89441
1382	0.9034	0.89437
1383	0.90279	0.89409
1384	0.90192	0.89376
1385	0.90077	0.89333
1386	0.89935	0.89289
1387	0.89767	0.89235
1388	0.89577	0.89182
1389	0.89368	0.89124
1390	0.89144	0.89061
1391	0.88911	0.89009
1392	0.88675	0.88996
1393	0.88444	0.8898
1394	0.88225	0.88967
1395	0.88025	0.88953
1396	0.87849	0.88935
1397	0.87705	0.88926
1398	0.87599	0.88916
1399	0.87537	0.88927
1400	0.87521	0.89096
1401	0.87552	0.89339
1402	0.87628	0.89489
1403	0.87747	0.89613
1404	0.87904	0.89723
1405	0.88096	0.89841
1406	0.88316	0.89943
1407	0.88558	0.90036
1408	0.88816	0.90117
1409	0.8908	0.90191
1410	0.89345	0.90251
1411	0.89601	0.90305
1412	0.89843	0.90347
1413	0.90064	0.90346
1414	0.9026	0.90346
1415	0.90427	0.90345
1416	0.90565	0.90345
1417	0.90672	0.90344
1418	0.9075	0.90344
1419	0.908	0.90343
1420	0.90823	0.90329
1421	0.90819	0.90287
1422	0.90787	0.90237
1423	0.90728	0.90173
1424	0.90638	0.90102
1425	0.90517	0.90019
1426	0.90362	0.89929
1427	0.90174	0.89837
1428	0.89955	0.89742
1429	0.89708	0.89641
1430	0.89438	0.8955
1431	0.89153	0.89455
1432	0.8886	0.89368
1433	0.88569	0.89292
1434	0.88289	0.89263
1435	0.88031	0.89231
1436	0.87804	0.89204
1437	0.87616	0.89176
1438	0.87472	0.89152
1439	0.87379	0.89131
1440	0.87339	0.89118
1441	0.87353	0.89133
1442	0.8742	0.89176
1443	0.87537	0.89228
1444	0.877	0.89286
1445	0.87905	0.89358
1446	0.88144	0.89402
1447	0.8841	0.89481
1448	0.88696	0.89707
1449	0.88992	0.89764
1450	0.89288	0.89799
1451	0.89574	0.89824
1452	0.89842	0.89824
1453	0.90085	0.89823
1454	0.90295	0.89823
1455	0.90471	0.89823
1456	0.9061	0.89822
1457	0.90713	0.89822
1458	0.90783	0.89821
1459	0.90821	0.89787
1460	0.9083	0.89742
1461	0.90811	0.89687
1462	0.90765	0.89624
1463	0.90691	0.89544
1464	0.90586	0.89456
1465	0.90449	0.89355
1466	0.90277	0.89248
1467	0.90071	0.89139
1468	0.89831	0.89028
1469	0.89562	0.88924
1470	0.89268	0.88831
1471	0.88958	0.88797
1472	0.88641	0.88767
1473	0.88327	0.88767
1474	0.88024	0.8878
1475	0.87741	0.88821
1476	0.87489	0.88865
1477	0.87285	0.88891
1478	0.87144	0.88933
1479	0.87076	0.89042
1480	0.87085	0.89159
1481	0.87167	0.89282
1482	0.87318	0.89402
1483	0.87529	0.89515
1484	0.87786	0.89615
1485	0.88074	0.89722
1486	0.88378	0.89814
1487	0.88685	0.89897
1488	0.88985	0.8997
1489	0.89275	0.90035
1490	0.89549	0.90079
1491	0.89801	0.90078
1492	0.90021	0.90078
1493	0.90208	0.90078
1494	0.90359	0.90078
1495	0.90475	0.90077
1496	0.90559	0.90077
1497	0.90613	0.90076
1498	0.9064	0.87092
1499	0.90641	0.89526
1500	0.90626	0.894
1501	0.9062	0.89287
1502	0.90594	0.89121
1503	0.9044	0.89012
1504	0.90125	0.88913
1505	0.89692	0.88836
1506	0.89205	0.88835
1507	0.88727	0.88709
1508	0.88292	0.88663
1509	0.87914	0.88615
1510	0.87605	0.88568
1511	0.87384	0.88563
1512	0.87252	0.88563
1513	0.87179	0.88599
1514	0.87102	0.88633
1515	0.86963	0.88704
1516	0.86755	0.88804
1517	0.86556	0.88922
1518	0.86447	0.89035
1519	0.86412	0.89154
1520	0.86438	0.89262
1521	0.86528	0.89365
1522	0.86676	0.89459
1523	0.86875	0.89538
1524	0.87119	0.89603
1525	0.874	0.89661
1526	0.87708	0.89661
1527	0.88032	0.8966
1528	0.88361	0.8966
1529	0.88685	0.89658
1530	0.88991	0.89657
1531	0.89272	0.89656
1532	0.89519	0.89656
1533	0.89728	0.89647
1534	0.89897	0.89566
1535	0.90028	0.89492
1536	0.90122	0.89404
1537	0.90185	0.89302
1538	0.9022	0.89191
1539	0.9023	0.89069
1540	0.90217	0.8894
1541	0.9018	0.88807
1542	0.90116	0.88667
1543	0.90021	0.88544
1544	0.89891	0.88405
1545	0.89725	0.8834
1546	0.89524	0.88312
1547	0.89294	0.8831
1548	0.8903	0.88346
1549	0.88725	0.88387
1550	0.88383	0.88432
1551	0.88018	0.8848
1552	0.8765	0.88534
1553	0.873	0.88656
1554	0.86984	0.88788
1555	0.86715	0.88935
1556	0.86504	0.89089
1557	0.86518	0.89246
1558	0.86829	0.89403
1559	0.86839	0.8956
1560	0.86255	0.8971
1561	0.85242	0.89853
1562	0.84172	0.89979
1563	0.83377	0.90098
1564	0.83016	0.90203
1565	0.83091	0.90288
1566	0.83546	0.90357
1567	0.84419	0.9041
1568	0.85694	0.9041
1569	0.872	0.90409
1570	0.88604	0.90408
1571	0.89521	0.90408
1572	0.89765	0.90408
1573	0.89613	0.90407
1574	0.89656	0.90407
1575	0.89822	0.9034
1576	0.89955	0.90258
1577	0.90057	0.90165
1578	0.90134	0.90057
1579	0.90194	0.89947
1580	0.9023	0.89812
1581	0.90229	0.89693
1582	0.90176	0.89568
1583	0.90063	0.89454
1584	0.89887	0.8933
1585	0.89653	0.89279
1586	0.8937	0.89174
1587	0.89048	0.89174
1588	0.88707	0.89205
1589	0.88367	0.89237
1590	0.88038	0.89271
1591	0.87728	0.89302
1592	0.87447	0.89373
1593	0.87201	0.89471
1594	0.86992	0.89575
1595	0.86831	0.89679
1596	0.86724	0.89786
1597	0.86666	0.89889
1598	0.8666	0.89988
1599	0.86715	0.9008
1600	0.86833	0.90165
1601	0.86993	0.90237
1602	0.87179	0.90298
1603	0.87389	0.90345
1604	0.87634	0.90387
1605	0.87922	0.90386
1606	0.8824	0.90386
1607	0.88568	0.90385
1608	0.88892	0.90385
1609	0.89203	0.90384
1610	0.89491	0.90383
1611	0.8975	0.90382
1612	0.89975	0.90343
1613	0.90156	0.90282
1614	0.9029	0.90209
1615	0.90376	0.90125
1616	0.90426	0.90029
1617	0.90444	0.89915
1618	0.90434	0.89788
1619	0.90404	0.8965
1620	0.90357	0.89518
1621	0.90289	0.89385
1622	0.90198	0.89247
1623	0.90081	0.89122
1624	0.89938	0.88999
1625	0.89765	0.8891
1626	0.89559	0.88864
1627	0.89314	0.88819
1628	0.89035	0.88771
1629	0.88736	0.8877
1630	0.88442	0.88786
1631	0.8816	0.88813
1632	0.87896	0.88842
1633	0.87657	0.88919
1634	0.87453	0.89006
1635	0.87288	0.89101
1636	0.87167	0.89199
1637	0.87094	0.89289
1638	0.87071	0.89381
1639	0.87097	0.89453
1640	0.87171	0.89529
1641	0.87289	0.89592
1642	0.87446	0.89639
1643	0.87636	0.89681
1644	0.87856	0.89714
1645	0.88098	0.89713
1646	0.88347	0.89711
1647	0.88588	0.8971
1648	0.88815	0.8971
1649	0.89021	0.89709
1650	0.89211	0.89708
1651	0.89386	0.89708
1652	0.89546	0.89696
1653	0.89687	0.8966
1654	0.89813	0.89615
1655	0.89926	0.89564
1656	0.90025	0.89505
1657	0.90106	0.89441
1658	0.90162	0.8937
1659	0.90184	0.893
1660	0.90174	0.89226
1661	0.90137	0.8915
1662	0.90071	0.89077
1663	0.89977	0.89014
1664	0.89853	0.88991
1665	0.89695	0.88969
1666	0.89507	0.88945
1667	0.89295	0.8892
1668	0.89063	0.8892
1669	0.88816	0.88952
1670	0.88561	0.88983
1671	0.88303	0.89037
1672	0.88048	0.89124
1673	0.87807	0.89217
1674	0.8759	0.89329
1675	0.8741	0.89447
1676	0.87275	0.89566
1677	0.87194	0.89684
1678	0.87173	0.89802
1679	0.87214	0.8991
1680	0.87307	0.90015
1681	0.87442	0.90105
1682	0.87612	0.9017
1683	0.8781	0.9024
1684	0.88028	0.903
1685	0.8826	0.9035
1686	0.88499	0.90382
1687	0.88741	0.90381
1688	0.88978	0.90381
1689	0.89207	0.9038
1690	0.89421	0.90379
1691	0.89612	0.90378
1692	0.89777	0.90378
1693	0.89911	0.90377
1694	0.90018	0.90337
1695	0.90104	0.90291
1696	0.90169	0.90241
1697	0.9021	0.90189
1698	0.90227	0.90133
1699	0.9022	0.90076
1700	0.90188	0.90017
1701	0.90127	0.89961
1702	0.90038	0.89907
1703	0.89921	0.8986
1704	0.89775	0.89832
1705	0.89603	0.89815
1706	0.89409	0.89797
1707	0.89198	0.89781
1708	0.88975	0.89765
1709	0.88747	0.89753
1710	0.88521	0.89743
1711	0.88304	0.89734
1712	0.88103	0.89756
1713	0.87924	0.89779
1714	0.87773	0.89802
1715	0.87653	0.89844
1716	0.8757	0.89881
1717	0.87524	0.89913
1718	0.87517	0.89943
1719	0.87549	0.89964
1720	0.87618	0.89984
1721	0.8772	0.89983
1722	0.87853	0.89983
1723	0.8801	0.89983
1724	0.88187	0.89982
1725	0.88378	0.89982
1726	0.88577	0.89981
1727	0.88778	0.8998
1728	0.88976	0.89978
1729	0.89166	0.89947
1730	0.89343	0.8991
1731	0.89505	0.89864
1732	0.89648	0.89815
1733	0.89769	0.89756
1734	0.89869	0.89687
1735	0.89947	0.89619
1736	0.90001	0.8955
1737	0.90032	0.89478
1738	0.9004	0.89405
1739	0.90025	0.89337
1740	0.89986	0.89271
1741	0.89922	0.8921
1742	0.89832	0.89157
1743	0.89715	0.89115
1744	0.89572	0.89072
1745	0.89404	0.89052
1746	0.89213	0.89034
1747	0.89002	0.89018
1748	0.88777	0.89005
1749	0.88542	0.88994
1750	0.88306	0.88982
1751	0.88074	0.88974
1752	0.87853	0.88967
1753	0.87651	0.88977
1754	0.87474	0.88971
1755	0.87328	0.88968
1756	0.87216	0.88971
1757	0.87141	0.88971
1758	0.87105	0.88966
1759	0.87108	0.88972
1760	0.87149	0.8898
1761	0.87224	0.8899
1762	0.87331	0.89023
1763	0.87465	0.89047
1764	0.8762	0.89066
1765	0.87793	0.89099
1766	0.87977	0.89126
1767	0.88167	0.89146
1768	0.88354	0.89173
1769	0.88539	0.89179
1770	0.88724	0.89189
1771	0.88906	0.89199
1772	0.89081	0.89204
1773	0.8924	0.89211
1774	0.89376	0.8922
1775	0.89481	0.89228
1776	0.89551	0.89237
1777	0.89582	0.89248
1778	0.8957	0.89256
1779	0.89516	0.89269
1780	0.89424	0.89289
1781	0.893	0.89313
1782	0.89153	0.89342
1783	0.88988	0.89375
1784	0.88805	0.89407
1785	0.88605	0.89447
1786	0.88394	0.89491
1787	0.88179	0.89532
1788	0.87965	0.89577
1789	0.87762	0.89617
1790	0.87575	0.89657
1791	0.87412	0.8969
1792	0.87279	0.89726
1793	0.87181	0.89757
1794	0.87121	0.89785
1795	0.871	0.89806
1796	0.87119	0.89811
1797	0.87177	0.8981
1798	0.87272	0.8981
1799	0.87399	0.89809
1800	0.87555	0.89809
1801	0.87735	0.89808
1802	0.87935	0.89808
1803	0.88148	0.89807
1804	0.8837	0.89788
1805	0.88594	0.89773
1806	0.88814	0.89729
1807	0.89026	0.89698
1808	0.89224	0.89666
1809	0.89405	0.89631
1810	0.89567	0.89589
1811	0.89708	0.89555
1812	0.89826	0.89506
1813	0.89922	0.89459
1814	0.89994	0.89415
1815	0.90043	0.8938
1816	0.90068	0.89345
1817	0.90068	0.89343
1818	0.90042	0.8934
1819	0.8999	0.89334
1820	0.89908	0.89334
1821	0.89797	0.8934
1822	0.89656	0.89343
1823	0.89488	0.89343
1824	0.89294	0.89354
1825	0.89079	0.89379
1826	0.88848	0.89402
1827	0.88608	0.8943
1828	0.88367	0.89456
1829	0.88132	0.89476
1830	0.87911	0.89476
1831	0.87711	0.89475
1832	0.8754	0.89475
1833	0.87401	0.89475
1834	0.873	0.89474
1835	0.87239	0.89474
1836	0.87219	0.89473
1837	0.8724	0.89464
1838	0.87301	0.89432
1839	0.87399	0.89386
1840	0.87532	0.89316
1841	0.87694	0.89256
1842	0.87881	0.89188
1843	0.88087	0.89113
1844	0.88306	0.8903
1845	0.88531	0.88936
1846	0.88756	0.88836
1847	0.88974	0.88734
1848	0.8918	0.88625
1849	0.89367	0.88522
1850	0.89533	0.88425
1851	0.89674	0.88328
1852	0.89791	0.88248
1853	0.89882	0.88169
1854	0.89948	0.88125
1855	0.89989	0.88103
1856	0.90006	0.88086
1857	0.89997	0.88085
1858	0.8996	0.88106
1859	0.89893	0.8813
1860	0.89795	0.88151
1861	0.89663	0.88173
1862	0.89495	0.88247
1863	0.89294	0.88328
1864	0.8906	0.88415
1865	0.888	0.88507
1866	0.88519	0.88597
1867	0.88227	0.88688
1868	0.87931	0.88748
1869	0.87634	0.88828
1870	0.87352	0.88897
1871	0.87108	0.88958
1872	0.86923	0.89008
1873	0.86813	0.89054
1874	0.86788	0.89085
1875	0.86846	0.89085
1876	0.86982	0.89085
1877	0.87186	0.89084
1878	0.87442	0.89084
1879	0.87729	0.89083
1880	0.88027	0.89083
1881	0.8832	0.89083
1882	0.886	0.8908
1883	0.88867	0.89047
1884	0.89121	0.89009
1885	0.89355	0.88959
1886	0.89563	0.88909
1887	0.89742	0.88848
1888	0.8989	0.88791
1889	0.90007	0.88726
1890	0.90094	0.88658
1891	0.90153	0.88603
1892	0.90183	0.88594
1893	0.90185	0.88583
1894	0.90156	0.88575
1895	0.90096	0.88564
1896	0.89999	0.88553
1897	0.89865	0.88546
1898	0.89691	0.88541
1899	0.89477	0.88553
1900	0.89226	0.88694
1901	0.88942	0.88888
1902	0.88633	0.89029
1903	0.88307	0.89151
1904	0.87976	0.89269
1905	0.87651	0.89397
1906	0.87343	0.89511
1907	0.87064	0.89619
1908	0.86823	0.89716
1909	0.86627	0.89803
1910	0.86483	0.89874
1911	0.86393	0.89938
1912	0.8636	0.89989
1913	0.86382	0.89988
1914	0.86458	0.89988
1915	0.86584	0.89988
1916	0.86756	0.89988
1917	0.86969	0.89988
1918	0.87217	0.89988
1919	0.87492	0.89987
1920	0.87785	0.89971
1921	0.88087	0.89921
1922	0.8839	0.89866
1923	0.88683	0.89795
1924	0.88958	0.89718
1925	0.89209	0.89628
1926	0.8943	0.89531
1927	0.89618	0.89434
1928	0.89773	0.89334
1929	0.89897	0.89229
1930	0.89991	0.89133
1931	0.90057	0.89037
1932	0.90097	0.8895
1933	0.90111	0.88875
1934	0.90099	0.88855
1935	0.90057	0.88835
1936	0.89983	0.88816
1937	0.89871	0.88798
1938	0.89718	0.88782
1939	0.89524	0.88768
1940	0.89289	0.88759
1941	0.89017	0.88785
1942	0.88713	0.8884
1943	0.88387	0.88905
1944	0.88049	0.88974
1945	0.87711	0.89059
1946	0.87385	0.89112
1947	0.87083	0.89197
1948	0.86815	0.89377
1949	0.86591	0.89442
1950	0.86416	0.89483
1951	0.86296	0.89512
1952	0.86233	0.89512
1953	0.86228	0.89512
1954	0.86281	0.89511
1955	0.86388	0.89511
1956	0.86547	0.89511
1957	0.86752	0.8951
1958	0.86998	0.8951
1959	0.87276	0.8947
1960	0.87579	0.89417
1961	0.87895	0.89354
1962	0.88214	0.8928
1963	0.88526	0.89192
1964	0.88821	0.89095
1965	0.89099	0.88986
1966	0.8936	0.8887
1967	0.89568	0.88754
1968	0.89703	0.88637
1969	0.89777	0.88528
1970	0.89811	0.88434
1971	0.89825	0.88408
1972	0.89826	0.88388
1973	0.89812	0.88388
1974	0.89779	0.88397
1975	0.89725	0.88425
1976	0.89649	0.88453
1977	0.8954	0.88482
1978	0.89383	0.8851
1979	0.89161	0.88617
1980	0.88871	0.88735
1981	0.8852	0.88864
1982	0.8813	0.88995
1983	0.87755	0.89123
1984	0.87468	0.8924
1985	0.87328	0.89362
1986	0.8734	0.8947
1987	0.8747	0.89569
1988	0.87664	0.89654
1989	0.87866	0.8973
1990	0.88028	0.89782
1991	0.88103	0.89782
1992	0.88048	0.89781
1993	0.87847	0.89781
1994	0.87526	0.89781
1995	0.87156	0.89781
1996	0.86824	0.89202
1997	0.86581	0.89055
1998	0.86407	0.88923
1999	0.86287	0.88757
2000	0.86224	0.8863
2001	0.8622	0.88515
2002	0.86272	0.88424
2003	0.8638	0.88423
2004	0.86539	0.88304
2005	0.86744	0.88273
2006	0.8699	0.88242
2007	0.87269	0.88212
2008	0.87571	0.88208
2009	0.87888	0.88208
2010	0.88208	0.88232
2011	0.8852	0.88255
2012	0.88814	0.88318
2013	0.89093	0.88419
2014	0.89355	0.88541
2015	0.89562	0.88661
2016	0.89697	0.88787
2017	0.89771	0.88905
2018	0.89805	0.89019
2019	0.89818	0.89125
2020	0.89819	0.89218
2021	0.89806	0.89294
2022	0.89772	0.89361
2023	0.89718	0.89361
2024	0.89641	0.8936
2025	0.89532	0.8936
2026	0.89376	0.89359
2027	0.89153	0.89359
2028	0.88863	0.89359
2029	0.88515	0.89358
2030	0.88137	0.89348
2031	0.87761	0.89275
2032	0.87444	0.89189
2033	0.87246	0.89088
2034	0.87193	0.88976
2035	0.87285	0.88854
2036	0.875	0.88725
2037	0.87806	0.88589
2038	0.88169	0.88454
2039	0.88541	0.88319
2040	0.88874	0.88203
2041	0.89127	0.88072
2042	0.89286	0.88029
2043	0.89373	0.88011
2044	0.89434	0.88011
2045	0.89501	0.88034
2046	0.89559	0.88062
2047	0.89599	0.88091
2048	0.89622	0.88122
2049	0.89627	0.8816
2050	0.89615	0.88276
2051	0.89585	0.88406
2052	0.89534	0.88551
2053	0.89461	0.88705
2054	0.89365	0.88866
2055	0.89246	0.89028
2056	0.89104	0.89193
2057	0.88941	0.8935
2058	0.88763	0.89501
2059	0.88572	0.89636
2060	0.88376	0.89765
2061	0.88182	0.89879
2062	0.87997	0.89976
2063	0.87827	0.90056
2064	0.87678	0.90117
2065	0.87557	0.90117
2066	0.87467	0.90116
2067	0.87412	0.90116
2068	0.87394	0.90116
2069	0.87414	0.90115
2070	0.87471	0.90115
2071	0.87562	0.90115
2072	0.87688	0.90036
2073	0.87843	0.89942
2074	0.88018	0.89835
2075	0.88203	0.8971
2076	0.88395	0.89586
2077	0.88589	0.89439
2078	0.88783	0.89312
2079	0.88971	0.89183
2080	0.89149	0.8907
2081	0.89313	0.88953
2082	0.89458	0.8892
2083	0.89584	0.88851
2084	0.89688	0.88851
2085	0.89769	0.88872
2086	0.89823	0.88893
2087	0.89849	0.88915
2088	0.89852	0.88936
2089	0.89837	0.89002
2090	0.89802	0.891
2091	0.89746	0.89206
2092	0.89666	0.89314
2093	0.89562	0.89425
2094	0.89434	0.89536
2095	0.89281	0.89641
2096	0.89105	0.89741
2097	0.88911	0.89833
2098	0.88703	0.89914
2099	0.88487	0.89983
2100	0.88271	0.90037
2101	0.88061	0.90086
2102	0.87865	0.90086
2103	0.87689	0.90085
2104	0.8754	0.90085
2105	0.87421	0.90085
2106	0.87338	0.90084
2107	0.87286	0.90084
2108	0.87261	0.90084
2109	0.87274	0.90039
2110	0.87346	0.8997
2111	0.87489	0.89887
2112	0.877	0.8979
2113	0.87962	0.89682
2114	0.88254	0.89556
2115	0.88551	0.89417
2116	0.88834	0.8927
2117	0.89081	0.8913
2118	0.89274	0.88993
2119	0.89399	0.88852
2120	0.89461	0.88728
2121	0.89479	0.88611
2122	0.89477	0.88533
2123	0.8947	0.88504
2124	0.89452	0.88476
2125	0.89416	0.88443
2126	0.89363	0.88442
2127	0.89291	0.88453
2128	0.89198	0.88471
2129	0.89082	0.8849
2130	0.88941	0.88567
2131	0.88776	0.88656
2132	0.88589	0.88755
2133	0.88386	0.88858
2134	0.88172	0.88954
2135	0.87952	0.89052
2136	0.87734	0.8913
2137	0.87525	0.89211
2138	0.87331	0.8928
2139	0.8716	0.89333
2140	0.87017	0.8938
2141	0.86906	0.89418
2142	0.86832	0.89417
2143	0.86796	0.89417
2144	0.868	0.89415
2145	0.86843	0.89415
2146	0.86924	0.89414
2147	0.87039	0.89414
2148	0.87186	0.89414
2149	0.87358	0.894
2150	0.87549	0.89359
2151	0.87753	0.89309
2152	0.87961	0.89251
2153	0.88168	0.89184
2154	0.88368	0.89112
2155	0.88554	0.89034
2156	0.88724	0.88958
2157	0.88875	0.8888
2158	0.89004	0.88801
2159	0.89112	0.88728
2160	0.89198	0.88666
2161	0.89264	0.88652
2162	0.89311	0.88636
2163	0.89338	0.88621
2164	0.89348	0.88604
2165	0.8934	0.88604
2166	0.89313	0.88624
2167	0.89267	0.88644
2168	0.89201	0.88689
2169	0.89113	0.88775
2170	0.89003	0.88866
2171	0.88873	0.88979
2172	0.88723	0.891
2173	0.88558	0.89223
2174	0.8838	0.89346
2175	0.88196	0.89467
2176	0.88012	0.89581
2177	0.87834	0.89692
2178	0.87668	0.89789
2179	0.87521	0.8988
2180	0.87397	0.89956
2181	0.87302	0.90023
2182	0.87238	0.90079
2183	0.87208	0.90115
2184	0.87216	0.90115
2185	0.87259	0.90114
2186	0.87339	0.90114
2187	0.87453	0.90113
2188	0.87598	0.90113
2189	0.87768	0.90113
2190	0.87959	0.90112
2191	0.88163	0.90067
2192	0.88375	0.90015
2193	0.88588	0.89958
2194	0.88796	0.89899
2195	0.88994	0.89837
2196	0.89177	0.89775
2197	0.89343	0.89713
2198	0.89489	0.89655
2199	0.89615	0.896
2200	0.89719	0.89556
2201	0.89803	0.89533
2202	0.89866	0.89522
2203	0.8991	0.89512
2204	0.8994	0.89501
2205	0.89964	0.89491
2206	0.89968	0.89483
2207	0.89928	0.89476
2208	0.89823	0.89471
2209	0.8965	0.89495
2210	0.8942	0.89522
2211	0.89152	0.89545
2212	0.88866	0.8959
2213	0.88585	0.89628
2214	0.8833	0.89663
2215	0.88125	0.89695
2216	0.87987	0.89717
2217	0.87917	0.89739
2218	0.87902	0.89739
2219	0.87918	0.89739
2220	0.87953	0.89738
2221	0.88014	0.89738
2222	0.88102	0.89737
2223	0.88217	0.89737
2224	0.88353	0.89736
2225	0.88507	0.89734
2226	0.88672	0.89698
2227	0.88844	0.89657
2228	0.89016	0.89605
2229	0.89193	0.8955
2230	0.89375	0.89483
2231	0.89526	0.89407
2232	0.89629	0.89333
2233	0.89693	0.89258
2234	0.89734	0.89183
2235	0.89768	0.89106
2236	0.89803	0.89038
2237	0.8984	0.88973
2238	0.89876	0.88913
2239	0.89913	0.88863
2240	0.89951	0.88825
2241	0.8998	0.88787
2242	0.89985	0.88774
2243	0.89944	0.88763
2244	0.89848	0.88752
2245	0.89713	0.88744
2246	0.89568	0.88737
2247	0.89414	0.8873
2248	0.89243	0.88725
2249	0.89062	0.8872
2250	0.88873	0.88734
2251	0.88683	0.88732
2252	0.88497	0.88731
2253	0.8832	0.88737
2254	0.8816	0.88742
2255	0.88019	0.88741
2256	0.87903	0.88749
2257	0.87817	0.88758
2258	0.87763	0.88767
2259	0.87743	0.88794
2260	0.87758	0.88817
2261	0.87808	0.88833
2262	0.87945	0.88862
2263	0.88187	0.88888
2264	0.88327	0.88907
2265	0.88265	0.88933
2266	0.88059	0.88938
2267	0.87834	0.88947
2268	0.87694	0.88955
2269	0.87689	0.88959
2270	0.87815	0.88964
2271	0.88052	0.8897
2272	0.88413	0.88977
2273	0.88891	0.88983
2274	0.89431	0.88991
2275	0.89934	0.88997
2276	0.9027	0.89007
2277	0.90325	0.89023
2278	0.90174	0.89045
2279	0.90039	0.89073
2280	0.89933	0.89106
2281	0.8983	0.89137
2282	0.89746	0.8918
2283	0.89679	0.89226
2284	0.89628	0.8927
2285	0.89595	0.89318
2286	0.8958	0.89362
2287	0.89567	0.89407
2288	0.89556	0.89444
2289	0.89532	0.89485
2290	0.89361	0.8952
2291	0.8902	0.89553
2292	0.88602	0.89576
2293	0.88182	0.89582
2294	0.87818	0.89582
2295	0.87549	0.89582
2296	0.87381	0.89582
2297	0.87311	0.89581
2298	0.87346	0.89581
2299	0.87481	0.89581
2300	0.8768	0.89581
2301	0.8789	0.8956
2302	0.88057	0.89545
2303	0.88158	0.89497
2304	0.88251	0.89464
2305	0.88446	0.89429
2306	0.88712	0.89392
2307	0.88995	0.89345
2308	0.89275	0.89309
2309	0.89531	0.8926
2310	0.89741	0.89208
2311	0.8989	0.89161
2312	0.89981	0.89123
2313	0.90034	0.89086
2314	0.90067	0.89085
2315	0.90087	0.89083
2316	0.90086	0.8908
2317	0.9006	0.8908
2318	0.9001	0.89083
2319	0.89936	0.89085
2320	0.89841	0.89086
2321	0.89728	0.89099
2322	0.89597	0.89127
2323	0.89453	0.89153
2324	0.89297	0.89185
2325	0.89133	0.89215
2326	0.88957	0.89236
2327	0.88766	0.89236
2328	0.8856	0.89236
2329	0.88347	0.89236
2330	0.88139	0.89236
2331	0.87944	0.89236
2332	0.87772	0.89235
2333	0.87631	0.89235
2334	0.87526	0.89226
2335	0.87459	0.89192
2336	0.87432	0.89144
2337	0.87441	0.89089
2338	0.87481	0.89027
2339	0.87545	0.88957
2340	0.8763	0.88882
2341	0.87738	0.88797
2342	0.87866	0.887
2343	0.88014	0.88597
2344	0.88175	0.88492
2345	0.88345	0.88378
2346	0.88519	0.88273
2347	0.88692	0.88174
2348	0.8886	0.88077
2349	0.89019	0.87999
2350	0.89165	0.87922
2351	0.89296	0.87883
2352	0.89409	0.87869
2353	0.89503	0.87858
2354	0.89578	0.87858
2355	0.89633	0.87872
2356	0.89674	0.87888
2357	0.89707	0.87902
2358	0.89713	0.87916
2359	0.89667	0.8799
2360	0.89949	0.88072
2361	0.90739	0.88163
2362	0.90649	0.88261
2363	0.89014	0.88357
2364	0.86266	0.88453
2365	0.833	0.88537
2366	0.8088	0.88624
2367	0.79387	0.887
2368	0.78832	0.88767
2369	0.79099	0.88823
2370	0.80289	0.88874
2371	0.82386	0.88909
2372	0.85023	0.88908
2373	0.87467	0.88908
2374	0.88837	0.88908
2375	0.88705	0.88908
2376	0.87747	0.88908
2377	0.87368	0.88908
2378	0.87398	0.88908
2379	0.87453	0.88905
2380	0.87535	0.8887
2381	0.8765	0.88829
2382	0.87797	0.88774
2383	0.87969	0.88721
2384	0.88161	0.88654
2385	0.8837	0.88593
2386	0.88588	0.88526
2387	0.8881	0.88454
2388	0.89028	0.88398
2389	0.89237	0.88391
2390	0.89429	0.88385
2391	0.89598	0.88379
2392	0.89743	0.88372
2393	0.89865	0.88365
2394	0.89963	0.88361
2395	0.90037	0.88357
2396	0.90088	0.88372
2397	0.90115	0.88495
2398	0.9012	0.88659
2399	0.90103	0.88796
2400	0.90063	0.88919
2401	0.90001	0.89043
2402	0.89912	0.89178
2403	0.89794	0.893
2404	0.89647	0.89417
2405	0.89473	0.89524
2406	0.89277	0.89621
2407	0.8906	0.89698
2408	0.88829	0.89769
2409	0.88588	0.89824
2410	0.88345	0.89824
2411	0.88108	0.89824
2412	0.87882	0.89823
2413	0.87677	0.89823
2414	0.87497	0.89822
2415	0.87349	0.89821
2416	0.87239	0.89821
2417	0.87176	0.89803
2418	0.8716	0.89749
2419	0.87192	0.8969
2420	0.87271	0.89616
2421	0.87394	0.89535
2422	0.87556	0.89441
2423	0.87754	0.89339
2424	0.8798	0.89237
2425	0.8823	0.89132
2426	0.88495	0.89025
2427	0.88767	0.88927
2428	0.8904	0.88829
2429	0.89305	0.88741
2430	0.89555	0.88668
2431	0.89784	0.88655
2432	0.89987	0.88641
2433	0.9016	0.88629
2434	0.90302	0.88616
2435	0.90413	0.88606
2436	0.90494	0.88597
2437	0.90546	0.8859
2438	0.9057	0.88624
2439	0.90566	0.88686
2440	0.90534	0.8876
2441	0.90473	0.88837
2442	0.90382	0.8893
2443	0.90257	0.88988
2444	0.90099	0.89075
2445	0.89906	0.89226
2446	0.89682	0.89297
2447	0.89428	0.89342
2448	0.89152	0.89375
2449	0.88859	0.89375
2450	0.88559	0.89375
2451	0.8826	0.89375
2452	0.87974	0.89375
2453	0.8771	0.89375
2454	0.87478	0.89375
2455	0.87285	0.89374
2456	0.87139	0.89331
2457	0.87044	0.89274
2458	0.87004	0.89204
2459	0.87018	0.89124
2460	0.87086	0.89031
2461	0.87206	0.88929
2462	0.87373	0.88815
2463	0.87582	0.88694
2464	0.87827	0.88574
2465	0.881	0.88452
2466	0.88394	0.88342
2467	0.88697	0.88246
2468	0.89002	0.88227
2469	0.89297	0.88213
2470	0.89574	0.88213
2471	0.89824	0.8822
2472	0.90042	0.88238
2473	0.90223	0.88257
2474	0.90367	0.88277
2475	0.90474	0.88296
2476	0.90547	0.88401
2477	0.90586	0.88522
2478	0.90597	0.88655
2479	0.90578	0.88791
2480	0.90532	0.88929
2481	0.90456	0.89058
2482	0.90349	0.8919
2483	0.90208	0.89308
2484	0.90033	0.89415
2485	0.89821	0.89509
2486	0.89576	0.89592
2487	0.89299	0.89648
2488	0.88998	0.89648
2489	0.8868	0.89648
2490	0.88355	0.89648
2491	0.88032	0.89648
2492	0.87723	0.89647
2493	0.87432	0.89647
2494	0.87175	0.89646
2495	0.86967	0.89646
2496	0.86824	0.8905
2497	0.86755	0.8889
2498	0.86764	0.88746
2499	0.86849	0.88579
2500	0.87004	0.88442
2501	0.8722	0.88315
2502	0.87484	0.88217
2503	0.87781	0.88217
2504	0.88093	0.88102
2505	0.88408	0.88082
2506	0.88718	0.88061
2507	0.89016	0.8804
2508	0.893	0.88038
2509	0.89559	0.88037
2510	0.89787	0.88054
2511	0.8998	0.8807
2512	0.90136	0.88129
2513	0.90256	0.88229
2514	0.90343	0.88352
2515	0.90398	0.88476
2516	0.90426	0.88607
2517	0.90427	0.8873
2518	0.90404	0.88851
2519	0.9038	0.88964
2520	0.90355	0.89066
2521	0.90229	0.89149
2522	0.89953	0.89222
2523	0.89553	0.89222
2524	0.89089	0.89221
2525	0.88619	0.89221
2526	0.88182	0.89221
2527	0.87792	0.8922
2528	0.87455	0.8922
2529	0.87192	0.89219
2530	0.87011	0.89208
2531	0.86894	0.8913
2532	0.86795	0.89036
2533	0.86657	0.88927
2534	0.86458	0.88808
2535	0.86252	0.8868
2536	0.86136	0.88544
2537	0.86101	0.88406
2538	0.86131	0.88269
2539	0.86225	0.88135
2540	0.86377	0.88023
2541	0.86582	0.87896
2542	0.86834	0.87867
2543	0.87123	0.87855
2544	0.87439	0.87854
2545	0.87773	0.8787
2546	0.88112	0.87889
2547	0.88445	0.87909
2548	0.8876	0.8793
2549	0.89049	0.87958
2550	0.89304	0.8807
2551	0.89519	0.88198
2552	0.89694	0.88343
2553	0.89829	0.88498
2554	0.89926	0.88661
2555	0.89991	0.88826
2556	0.90026	0.88995
2557	0.90037	0.89159
2558	0.90023	0.89315
2559	0.89985	0.89458
2560	0.89919	0.89593
2561	0.89822	0.89714
2562	0.89689	0.89817
2563	0.8952	0.89905
2564	0.89315	0.89971
2565	0.89081	0.89971
2566	0.8881	0.89971
2567	0.88495	0.89971
2568	0.8814	0.89971
2569	0.87765	0.89971
2570	0.87393	0.89971
2571	0.87044	0.8997
2572	0.86732	0.89886
2573	0.86469	0.89784
2574	0.86262	0.89667
2575	0.86293	0.89533
2576	0.86638	0.89401
2577	0.86651	0.89247
2578	0.8601	0.89116
2579	0.84898	0.88985
2580	0.83724	0.88872
2581	0.82847	0.8876
2582	0.82445	0.88738
2583	0.82514	0.88691
2584	0.82993	0.88691
2585	0.83922	0.88705
2586	0.85285	0.8872
2587	0.869	0.88733
2588	0.88405	0.88748
2589	0.89382	0.8881
2590	0.8963	0.88908
2591	0.89452	0.89016
2592	0.89486	0.89126
2593	0.89656	0.89241
2594	0.89792	0.89356
2595	0.89895	0.89465
2596	0.89973	0.89569
2597	0.90033	0.89667
2598	0.90069	0.89752
2599	0.90067	0.89827
2600	0.90011	0.89885
2601	0.89893	0.89938
2602	0.89711	0.89938
2603	0.89471	0.89938
2604	0.8918	0.89937
2605	0.8885	0.89937
2606	0.88501	0.89937
2607	0.88155	0.89937
2608	0.87819	0.89937
2609	0.87503	0.89889
2610	0.87216	0.89815
2611	0.86966	0.89725
2612	0.86753	0.8962
2613	0.8659	0.89505
2614	0.86481	0.89372
2615	0.86421	0.89227
2616	0.86415	0.89073
2617	0.86471	0.88929
2618	0.86592	0.88789
2619	0.86754	0.88646
2620	0.86943	0.88524
2621	0.87156	0.8841
2622	0.87405	0.8834
2623	0.87699	0.8832
2624	0.88026	0.883
2625	0.88364	0.88277
2626	0.88697	0.88277
2627	0.89018	0.88284
2628	0.89314	0.88296
2629	0.89582	0.8831
2630	0.89813	0.88386
2631	0.89998	0.88476
2632	0.90136	0.88577
2633	0.90223	0.88683
2634	0.90272	0.88783
2635	0.90288	0.88884
2636	0.90275	0.88966
2637	0.90242	0.8905
2638	0.90192	0.89123
2639	0.90121	0.89179
2640	0.90026	0.89231
2641	0.89906	0.89272
2642	0.8976	0.89272
2643	0.89584	0.89271
2644	0.89374	0.89271
2645	0.89124	0.89271
2646	0.88839	0.89271
2647	0.88534	0.89271
2648	0.88234	0.89271
2649	0.87947	0.89257
2650	0.87679	0.89212
2651	0.87437	0.89159
2652	0.8723	0.89096
2653	0.87063	0.89006
2654	0.86942	0.8893
2655	0.8687	0.88849
2656	0.86848	0.8877
2657	0.86876	0.88689
2658	0.86953	0.88608
2659	0.87074	0.88535
2660	0.87236	0.88474
2661	0.87431	0.88464
2662	0.87653	0.88453
2663	0.87896	0.88442
2664	0.88151	0.88431
2665	0.88409	0.88431
2666	0.88657	0.88445
2667	0.88888	0.8846
2668	0.89098	0.885
2669	0.89287	0.88584
2670	0.89453	0.88674
2671	0.89596	0.88787
2672	0.89716	0.8891
2673	0.89816	0.89034
2674	0.89898	0.89161
2675	0.89964	0.89286
2676	0.9001	0.89404
2677	0.90031	0.89518
2678	0.90025	0.89618
2679	0.89988	0.89713
2680	0.89921	0.89793
2681	0.89824	0.89863
2682	0.89696	0.89924
2683	0.89534	0.89963
2684	0.89341	0.89963
2685	0.89124	0.89963
2686	0.88887	0.89963
2687	0.88636	0.89963
2688	0.88376	0.89963
2689	0.88114	0.89962
2690	0.87856	0.89962
2691	0.87611	0.89914
2692	0.87392	0.89858
2693	0.87209	0.89797
2694	0.87074	0.89734
2695	0.86994	0.89668
2696	0.86974	0.89603
2697	0.87017	0.8954
2698	0.87114	0.89483
2699	0.87253	0.89429
2700	0.87428	0.89385
2701	0.8763	0.89365
2702	0.87852	0.89357
2703	0.8809	0.89349
2704	0.88335	0.89341
2705	0.88582	0.89335
2706	0.88825	0.8933
2707	0.89059	0.89325
2708	0.89278	0.8932
2709	0.89474	0.89348
2710	0.89641	0.89376
2711	0.89778	0.894
2712	0.89885	0.89448
2713	0.89971	0.89486
2714	0.90035	0.89523
2715	0.90075	0.89555
2716	0.90091	0.8958
2717	0.90082	0.89604
2718	0.90047	0.89604
2719	0.89983	0.89603
2720	0.89891	0.89603
2721	0.8977	0.89603
2722	0.89621	0.89603
2723	0.89445	0.89603
2724	0.89248	0.89602
2725	0.89034	0.89599
2726	0.88808	0.89562
2727	0.88577	0.89518
2728	0.88349	0.89463
2729	0.8813	0.89405
2730	0.87927	0.89334
2731	0.87747	0.89254
2732	0.87595	0.89178
2733	0.87475	0.891
2734	0.87392	0.89023
2735	0.87347	0.88946
2736	0.87342	0.88876
2737	0.87376	0.88811
2738	0.87447	0.88753
2739	0.87553	0.88704
2740	0.87689	0.88667
2741	0.8785	0.88632
2742	0.88031	0.88621
2743	0.88227	0.88613
2744	0.88431	0.88606
2745	0.88637	0.886
2746	0.88839	0.88596
2747	0.89033	0.88591
2748	0.89214	0.88587
2749	0.89379	0.88583
2750	0.89524	0.88599
2751	0.89648	0.886
2752	0.89749	0.886
2753	0.89827	0.88608
2754	0.89881	0.88616
2755	0.89912	0.88616
2756	0.8992	0.88608
2757	0.89903	0.88617
2758	0.89863	0.88626
2759	0.89796	0.8865
2760	0.89704	0.88672
2761	0.89585	0.88686
2762	0.89439	0.88714
2763	0.89268	0.88738
2764	0.89073	0.88757
2765	0.8886	0.88783
2766	0.88631	0.88786
2767	0.88394	0.88795
2768	0.88154	0.88803
2769	0.8792	0.88806
2770	0.87698	0.88809
2771	0.87495	0.88815
2772	0.87317	0.88821
2773	0.87169	0.88825
2774	0.87057	0.88832
2775	0.86983	0.88836
2776	0.86948	0.88842
2777	0.86953	0.88857
2778	0.86995	0.88877
2779	0.87073	0.88905
2780	0.87183	0.88938
2781	0.87319	0.88969
2782	0.87479	0.89014
2783	0.87655	0.8906
2784	0.87843	0.89107
2785	0.88036	0.89156
2786	0.88228	0.89203
2787	0.88416	0.8925
2788	0.88604	0.89291
2789	0.88789	0.89334
2790	0.88965	0.89372
2791	0.89125	0.89406
2792	0.89261	0.89431
2793	0.89365	0.89437
2794	0.89434	0.89436
2795	0.89462	0.89436
2796	0.89448	0.89436
2797	0.89392	0.89436
2798	0.89296	0.89435
2799	0.89169	0.89435
2800	0.8902	0.89435
2801	0.88851	0.89412
2802	0.88665	0.89396
2803	0.88462	0.89345
2804	0.88249	0.89311
2805	0.8803	0.89275
2806	0.87815	0.89236
2807	0.87609	0.89187
2808	0.87421	0.89149
2809	0.87257	0.89099
2810	0.87124	0.89045
2811	0.87025	0.88995
2812	0.86966	0.88956
2813	0.86946	0.88919
2814	0.86966	0.88917
2815	0.87026	0.88915
2816	0.87123	0.88912
2817	0.87252	0.88912
2818	0.87411	0.88914
2819	0.87595	0.88916
2820	0.87798	0.88917
2821	0.88016	0.8893
2822	0.88241	0.8896
2823	0.88468	0.88988
2824	0.88692	0.89022
2825	0.88908	0.89054
2826	0.89109	0.89076
2827	0.89292	0.89076
2828	0.89455	0.89076
2829	0.89596	0.89076
2830	0.89715	0.89076
2831	0.8981	0.89076
2832	0.89883	0.89076
2833	0.89933	0.89076
2834	0.89959	0.89066
2835	0.89961	0.89031
2836	0.89937	0.88982
2837	0.89885	0.88926
2838	0.89804	0.88864
2839	0.89692	0.88792
2840	0.8955	0.88715
2841	0.89379	0.88629
2842	0.89182	0.8853
2843	0.88964	0.88425
2844	0.8873	0.88317
2845	0.88487	0.88203
2846	0.88243	0.88096
2847	0.88006	0.87996
2848	0.87784	0.87899
2849	0.87583	0.87822
2850	0.87411	0.87746
2851	0.87273	0.87711
2852	0.87172	0.877
2853	0.87111	0.87693
2854	0.87092	0.87693
2855	0.87115	0.87702
2856	0.87178	0.87712
2857	0.87279	0.87722
2858	0.87414	0.87732
2859	0.87579	0.87806
2860	0.87769	0.87889
2861	0.87979	0.87981
2862	0.88202	0.8808
2863	0.88431	0.8818
2864	0.8866	0.8828
2865	0.88881	0.88368
2866	0.89089	0.88459
2867	0.89279	0.88539
2868	0.89446	0.8861
2869	0.89589	0.8867
2870	0.89706	0.88724
2871	0.89797	0.88761
2872	0.89863	0.8876
2873	0.89904	0.8876
2874	0.89919	0.8876
2875	0.89909	0.8876
2876	0.89871	0.8876
2877	0.89802	0.8876
2878	0.89702	0.8876
2879	0.89567	0.88757
2880	0.89397	0.88719
2881	0.89193	0.88676
2882	0.88956	0.88618
2883	0.88693	0.88563
2884	0.8841	0.88495
2885	0.88115	0.88431
2886	0.87816	0.88361
2887	0.87517	0.88286
2888	0.87234	0.88229
2889	0.86988	0.88207
2890	0.86802	0.88202
2891	0.86693	0.88199
2892	0.86669	0.88195
2893	0.86729	0.88189
2894	0.86868	0.88186
2895	0.87076	0.88183
2896	0.87335	0.88198
2897	0.87627	0.8831
2898	0.87929	0.88454
2899	0.88226	0.88587
2900	0.88509	0.8871
2901	0.8878	0.88838
2902	0.89037	0.88978
2903	0.89274	0.89105
2904	0.89484	0.89227
2905	0.89664	0.8934
2906	0.89812	0.89443
2907	0.8993	0.89527
2908	0.90017	0.89602
2909	0.90075	0.8966
2910	0.90104	0.8966
2911	0.90105	0.8966
2912	0.90075	0.8966
2913	0.90013	0.8966
2914	0.89915	0.8966
2915	0.89778	0.8966
2916	0.89602	0.89659
2917	0.89385	0.89641
2918	0.89132	0.89583
2919	0.88845	0.89522
2920	0.88532	0.89444
2921	0.88204	0.89362
2922	0.8787	0.89264
2923	0.87542	0.8916
2924	0.87233	0.89057
2925	0.86952	0.8895
2926	0.8671	0.88841
2927	0.86514	0.88741
2928	0.8637	0.88643
2929	0.8628	0.88555
2930	0.86248	0.88483
2931	0.86271	0.88474
2932	0.86348	0.88464
2933	0.86476	0.88456
2934	0.86651	0.88447
2935	0.86867	0.8844
2936	0.87118	0.88433
2937	0.87397	0.88429
2938	0.87694	0.88467
2939	0.88	0.88534
2940	0.88306	0.88613
2941	0.88603	0.88694
2942	0.88881	0.88792
2943	0.89135	0.88853
2944	0.89358	0.88942
2945	0.89548	0.89075
2946	0.89705	0.89148
2947	0.89829	0.89196
2948	0.89922	0.89231
2949	0.89988	0.8923
2950	0.90027	0.8923
2951	0.9004	0.8923
2952	0.90026	0.8923
2953	0.89982	0.89229
2954	0.89905	0.89229
2955	0.89791	0.89229
2956	0.89636	0.89182
2957	0.89439	0.89121
2958	0.892	0.89048
2959	0.88925	0.88963
2960	0.88617	0.88866
2961	0.88288	0.8876
2962	0.87947	0.88642
2963	0.87606	0.88518
2964	0.87278	0.88395
2965	0.86974	0.88271
2966	0.86705	0.88158
2967	0.8648	0.88062
2968	0.86305	0.88046
2969	0.86185	0.88037
2970	0.86122	0.88037
2971	0.86119	0.88042
2972	0.86173	0.88054
2973	0.86282	0.88067
2974	0.86443	0.88081
2975	0.86652	0.88094
2976	0.86901	0.88199
2977	0.87183	0.88321
2978	0.8749	0.88456
2979	0.87811	0.88596
2980	0.88134	0.8874
2981	0.8845	0.88877
2982	0.88748	0.89015
2983	0.89031	0.89141
2984	0.89296	0.89254
2985	0.89505	0.89352
2986	0.8964	0.8944
2987	0.89712	0.895
2988	0.89743	0.895
2989	0.89753	0.89499
2990	0.89751	0.89499
2991	0.89735	0.89499
2992	0.89715	0.89499
2993	0.89648	0.89498
2994	0.89542	0.89498
2995	0.89402	0.86885
2996	0.89228	0.8889
2997	0.8902	0.88721
2998	0.88775	0.8857
2999	0.88492	0.88402
3000	0.88171	0.88257
	--	
	--	
	--	
	--	
	--	
	--	
	--	
		
		
		
		
		
		
		
		
		
		
		
		
		
		
		
		
		
		
		
		
		
		
		
		
		
		
		
		
		
		
		
		
		
		
		
		
		
		
		
		
		
		
		
		
		
		
		
		
		
		
		
		
		
		
		
		
		
		
		
		
		
		
		
		
		
		
		
		
		
		
		
		
		
		
		
		
		
		
		
		
		
		
		
		
		
		
		
		
		
		
		
		
		
		
		
		
		
		
		
		
		
		
		
		
		
		
		
		
		
		
		
		
		
		
		
		
		
		
		
		
		
		
		
		
		
		
		
		
		
		
		
		
		
		
		
		
		
		
		
		
		
		
		
		
		
		
		
		
		
		
		
		
		
		
		
		
		
		
		
		
		
		
		
		
		
		
		
		
		
		
		
		
		
		
		
		
		
		
		
		
		
		
		
		
		
		
		
		
		
		
		
		
		
		
		
		
		
		
		
		
		
		
		
		
		
		
		
		
		
		
		
		
		
		
		
		
		
		
		
		
		
		
		
		
		
		
		
		
		
		
		
		
		
		
		
		
		
		
		
		
		
		
		
		
		
		
		
		
		
		
		
		
		
		
		
		
		
		
		
		
		
		
		
		
		
		
		
		
		
		
		
		
		
		
		
		
		
		
		
		
		
		
		
		
		
		
		
		
		
		
		
		
		
		
		
		
		
		
		
		
		
		
		
		
		
		
		
		
		
		
		
		
		
		
		
		
		
		
		
		
		
		
		
		
		
		
		
		
		
		
		
		
		
		
		
		
		
		
		
		
		
		
		
		
		
		
		
		
		
		
		
		
		
		
		
		
		
		
		
		
		
		
		
		
		
		
		
		
		
		
		
		
		
		
		
		
		
		
		
		
		
		
		
		
		
		
		
		
		
		
		
		
		
		
		
		
		
		
		
		
		
		
		
		
		
		
		
		
		
		
		
		
		
		
		
		
		
		
		
		
		
		
		
		
		
		
		
		
		
		
		
		
		
		
		
		
		
		
		
		
		
		
		
		
		
		
		
		
		
		
		
		
		
		
		
		
		
		
		
		
		
		
		
		
		
		
		
		
		
		
		
		
		
		
		
		
		
		
		
		
		
		
		
		
		
		
		
		
		
		
		
		
		
		
		
		
		
		
		
		
		
		
		
		
		
		
		
		
		
		
		
		
		
		
		
		
		
		
		
		
		
		
		
		
		
		
		
		
		
		
		
		
		
		
		
		
		
		
		
		
		
		
		
		
		
		
		
		
		
		
		
		
		
		
		
		
		
		
		
		
		
		
		
		
		
		
		
		
		
		
		
		
		
		
		
		
		
		
		
		
		
		
		
		
		
		
		
		
		
		
		
		
		
		
		
		
		
		
		
		
		
		
		
		
		
		
		
		
		
		
		
		
		
		
		
		
		
		
		
		
		
		
		
		
		
		
		
		
		
		
		
		
		
		
		
		
		
		
		
		
		
		
		
		
		
		
		
		
		
		
		
		
		
		
		
		
		
		
		
		
		
		
		
		
		
		
		
		
		
		
		
		
		
		
		
		
		
		
		
		
		
		
		
		
		
		
		
		
		
		
		
		
		
		
		
		
		
		
		
		
		
		
		
		
		
		
		
		
		
		
		
		
		
		
		
		
		
		
		
		
		
		
		
		
		
		
		
		
		
		
		
		
		
		
		
		
		
		
		
		
		
		
		
		
		
		
		
		
		
		
		
		
		
		
		
		
		
		
		
		
		
		
		
		
		
		
		
		
		
		
		
		
		
		
		
		
		
		
		
		
		
		
		
		
		
		
		
		
		
		
		
		
		
		
		
		
		
		
		
		
		
		
		
		
		
		
		
		
		
		
		
		
		
		
		
		
		
		
		
		
		
		
		
		
		
		
		
		
		
		
		
		
		
		
		
		
		
		
		
		
		
		
		
		
		
		
		
		
		
		
		
		
		
		
		
		
		
		
		
		
		
		
		
		
		
		
		
		
		
		
		
		
		
		
		
		
		
		
		
		
		
		
		
		
		
		
		
		
		
		
		
		
		
		
		
		
		
		
		
		
		
		
		
		
		
		
		
		
		
		
		
		
		
		
		
		
		
		
		
		
		
		
		
		
		
		
		
		
		
		
		
		
		
		
		
		
		
		
		
		
		
		
		
		
		
		
		
		
		
		
		
		
		
		
		
		
		
		
		
		
		
		
		
		
		
		
		
		
		
		
		
		
		
		
		
		
		
		
		
		
		
		
		
		
		
		
		
		
		
		
		
		
		
		
		
		
		
		
		
		
		
		
		
		
		
		
		
		
		
		
		
		
		
		
		
		
		
		
		
		
		
		
		
		
		
		
		
		
		
		
		
		
		
		
		
		
		
		
		
		
		
		
		
		
		
		
		
		
		
		
		
		
		
		
		
		
		
		
		
		
		
		
		
		
		
		
		
		
		
		
		
		
		
		
		
		
		
		
		
		
		
		
		
		
		
		
		
		
		
		
		
		
		
		
		
		
		
		
		
		
		
		
		
		
		
		
		
		
		
		
		
		
		
		
		
		
		
		
		
		
		
		
		
		
		
		
		
		
		
		
		
		
		
		
		
		
		
		
		
		
		
		
		
		
		
		
		
		
		
		
		
		
		
		
		
		
		
		
		
		
		
		
		
		
		
		
		
		
		
		
		
		
		
		
		
		
		
		
		
		
		
		
		
		
		
		
		
		
		
		
		
		
		
		
		
		
		
		
		
		
		
		
		
		
		
		
		
		
		
		
		
		
		
		
		
		
		
		
		
		
		
		
		
		
		
		
		
		
		
		
		
		
		
		
		
		
		
		
		
		
		
		
		
		
		
		
		
		
		
		
		
		
		
		
		
		
		
		
		
		
		
		
		
		
		
		
		
		
		
		
		
		
		
		
		
		
		
		
		
		
		
		
		
		
		
		
		
		
		
		
		
		
		
		
		
		
		
		
		
		
		
		
		
		
		
		
		
		
		
		
		
		
		
		
		
		
		
		
		
		
		
		
		
		
		
		
		
		
		
		
		
		
		
		
		
		
		
		
		
		
		
		
		
		
		
		
		
		
		
		
		
		
		
		
		
		
		
		
		
		
		
		
		
		
		
		
		
		
		
		
		
		
		
		
		
		
		
		
		
		
		
		
		
		
		
		
		
		
		
		
		
		
		
		
		
		
		
		
		
		
		
		
		
		
		
		
		
		
		
		
		
		
		
		
		
		
		
		
		
		
		
		
		
		
		
		
		
		
		
		
		
		
		
		
		
		
		
		
		
		
		
		
		
		
		
		
		
		
		
		
		
		
		
		
		
		
		
		
		
		
		
		
		
		
		
		
		
		
		
		
		
		
		
		
		
		
		
		
		
		
		
		
		
		
		
		
		
		
		
		
		
		
		
		
		
		
		
		
		
		
		
		
		
		
		
		
		
		
		
		
		
		
		
		
		
		
		
		
		
		
		
		
		
		
		
		
		
		
		
		
		
		
		
		
		
		
		
		
		
		
		
		
		
		
		
		
		
		
		
		
		
		
		
		
		
		
		
		
		
		
		
		
		
		
		
		
		
		
		
		
		
		
		
		
		
		
		
		
		
		
		
		
		
		
		
		
		
		
		
		
		
		
		
		
		
		
		
		
		
		
		
		
		
		
		
		
		
		
		
		
		
		
		
		
		
		
		
		
		
		
		
		
		
		
		
		
		
		
		
		
		
		
		
		
		
		
		
		
		
		
		
		
		
		
		
		
		
		
		
		
		
		
		
		
		
		
		
		
		
		
		
		
		
		
		
		
		
		
		
		
		
		
		
		
		
		
		
		
		
		
		
		
		
		
		
		
		
		
		
		
		
		
		
		
		
		
		
		
		
		
		
		
		
		
		
		
		
		
		
		
		
		
		
		
		
		
		
		
		
		
		
		
		
		
		
		
		
		
		
		
		
		
		
		
		
		
		
		
		
		
		
		
		
		
		
		
		
		
		
		
		
		
		
		
		
		
		
		
		
		
		
		
		
		
		
		
		
		
		
		
		
		
		
		
		
		
		
		
		
		
		
		
		
		
		
		
		
		
		
		
		
		
		
		
		
		
		
		
		
		
		
		
		
		
		
		
		
		
		
		
		
		
		
		
		
		
		
		
		
		
		
		
		
		
		
		
		
		
		
		
		
		
		
		
		
		
		
		
		
		
		
		
		
		
		
		
		
		
		
		
		
		
		
		
		
		
		
		
		
		
		
		
		
		
		
		
		
		
		
		
		
		
		
		
		
		
		
		
		
		
		
		
		
		
		
		
		
		
		
		
		
		
		
		
		
		
		
		
		
		
		
		
		
		
		
		
		
		
		
		
		
		
		
		
		
		
		
		
		
		
		
		
		
		
		
		
		
		
		
		
		
		
		
		
		
		
		
		
		
		
		
		
		
		
		
		
		
		
		
		
		
		
		
		
		
		
		
		
		
		
		
		
		
		
		
		
		
		
		
		
		
		
		
		
		
		
		
		
		
		
		
		
		
		
		
		
		
		
		
		
		
		
		
		
		
		
		
		
		
		
		
		
		
		
		
		
		
		
		
		
		
		
		
		
		
		
		
		
		
		
		
		
		
		
		
		
		
		
		
		
		
		
		
		
		
		
		
		
		
		
		
		
		
		
		
		
		
		
		
		
		
		
		
		
		
		
		
		
		
		
		
		
		
		
		
		
		
		
		
		
		
		
		
		
		
		
		
		
		
		
		
		
		
		
		
		
		
		
		
		
		
		
		
		
		
		
		
		
		
		
		
		
		
		
		
		
		
		
		
		
		
		
		
		
		
		
		
		
		
		
		
		
		
		
		
		
		
		
		
		
		
		
		
		
		
		
		
		
		
		
		
		
		
		
		
		
		
		
		
		
		
		
		
		
		
		
		
		
		
		
		
		
		
		
		
		
		
		
		
		
		
		
		
		
		
		
		
		
		
		
		
		
		
		
		
		
		
		
		
		
		
		
		
		
		
		
		
		
		
		
		
		
		
		
		
		
		
		
		
		
		
		
		
		
		
		
		
		
		
		
		
		
		
		
		
		
		
		
		
		
		
		
		
		
		
		
		
		
		
		
		
		
		
		
		
		
		
		
		
		
		
		
		
		
		
		
		
		
		
		
		
		
		
		
		
		
		
		
		
		
		
		
		
		
		
		
		
		
		
		
		
		
		
		
		
		
		
		
		
		
		
		
		
		
		
		
		
		
		
		
		
		
		
		
		
		
		
		
		
		
		
		
		
		
		
		
		
		
		
		
		
		
		
		
		
		
		
		
		
		
		
		
		
		
		
		
		
		
		
		
		
		
		
		
		
		
		
		
		
		
		
		
		
		
		
		
		
		
		
		
		
		
		
		
		
		
		
		
		
		
		
		
		
		
		
		
		
		
		
		
		
		
		
		
		
		
		
		
		
		
		
		
		
		
		
		
		
		
		
		
		
		
		
		
		
		
		
		
		
		
		
		
		
		
		
		
		
		
		
		
		
		
		
		
		
		
		
		
		
		
		
		
		
		
		
		
		
		
		
		
		
		
		
		
		
		
		
		
		
		
		
		
		
		
		
		
		
		
		
		
		
		
		
		
		
		
		
		
		
		
		
		
		
		
		
		
		
		
		
		
		
		
		
		
		
		
		
		
		
		
		
		
		
		
		
		
		
		
		
		
		
		
		
		
		
		
		
		
		
		
		
		
		
		
		
		
		
		
		
		
		
		
		
		
		
		
		
		
		
		
		
		
		
		
		
		
		
		
		
		
		
		
		
		
		
		
		
		
		
		
		
		
		
		
		
		
		
		
		
		
		
		
		
		
		
		
		
		
		
		
		
		
		
		
		
		
		
		
		
		
		
		
		
		
		
		
		
		
		
		
		
		
		
		
		
		
		
		
		
		
		
		
		
		
		
		
		
		
		
		
		
		
		
		
		
		
		
		
		
		
		
		
		
		
		
		
		
		
		
		
		
		
		
		
		
		
		
		
		
		
		
		
		
		
		
		
		
		
		
		
		
		
		
		
		
		
		
		
		
		
		
		
		
		
		
		
		
		
		
		
		
		
		
		
		
		
		
		
		
		
		
		
		
		
		
		
		
		
		
		
		
		
		
		
		
		
		
		
		
		
		
		
		
		
		
		
		
		
		
		
		
		
		
		
		
		
		
		
		
		
		
		
		
		
		
		
		
		
		
		
		
		
		
		
		
		
		
		
		
		
		
		
		
		
		
		
		
		
		
		
		
		
		
		
		
		
		
		
		
		
		
		
		
		
		
		
		
		
		
		
		
		
		
		
		
		
		
		
		
		
		
		
		
		
		
		
		
		
		
		
		
		
		
		
		
		
		
		
		
		
		
		
		
		
		
		
		
		
		
		
		
		
		
		
		
		
		
		
		
		
		
		
		
		
		
		
		
		
		
		
		
		
		
		
		
		
		
		
		
		
		
		
		
		
		
		
		
		
		
		
		
		
		
		
		
		
		
		
		
		
		
		
		
		
		
		
		
		
		
		
		
		
		
		
		
		
		
		
		
		
		
		
		
		
		
		
		
		
		
		
		
		
		
		
		
		
		
		
		
		
		
		
		
		
		
		
		
		
		
		
		
		
		
		
		
		
		
		
		
		
		
		
		
		
		
		
		
		
		
		
		
		
		
		
		
		
		
		
		
		
		
		
		
		
		
		
		
		
		
		
		
		
		
		
		
		
		
		
		
		
		
		
		
		
		
		
		
		
		
		
		
		
		
		
		
		
		
		
		
		
		
		
		
		
		
		
		
		
		
		
		
		
		
