#t	--
0	0.71586
1	0.70236
2	0.68084
3	0.65362
4	0.62148
5	0.58764
6	0.56415
7	0.53857
8	0.52819
9	0.52382
10	0.53359
11	0.55269
12	0.58454
13	0.61427
14	0.62362
15	0.62635
16	0.59601
17	0.56184
18	0.52583
19	0.48846
20	0.45626
21	0.43844
22	0.42934
23	0.42541
24	0.42755
25	0.43254
26	0.44535
27	0.44847
28	0.45381
29	0.46634
30	0.47482
31	0.4836
32	0.4914
33	0.49986
34	0.50696
35	0.51228
36	0.51835
37	0.52214
38	0.53033
39	0.53559
40	0.54228
41	0.55124
42	0.56318
43	0.56677
44	0.58783
45	0.60426
46	0.62212
47	0.6376
48	0.65802
49	0.67865
50	0.6878
51	0.69306
52	0.68716
53	0.66943
54	0.64485
55	0.60104
56	0.57161
57	0.5464
58	0.5262
59	0.52974
60	0.53616
61	0.54331
62	0.56415
63	0.58397
64	0.60234
65	0.62013
66	0.63655
67	0.65021
68	0.66197
69	0.67454
70	0.68129
71	0.69212
72	0.69712
73	0.70365
74	0.70752
75	0.7056
76	0.70601
77	0.69667
78	0.53375
79	0.47714
80	0.41035
81	0.35772
82	0.31312
83	0.27901
84	0.24352
85	0.21962
86	0.19969
87	0.18526
88	0.17821
89	0.17407
90	0.17202
91	0.16831
92	0.17059
93	0.17573
94	0.17659
95	0.18145
96	0.18813
97	0.19754
98	0.21815
99	0.24159
100	0.26903
101	0.29912
102	0.32674
103	0.35488
104	0.37853
105	0.38552
106	0.39956
107	0.40756
108	0.41571
109	0.415
110	0.40973
111	0.39981
112	0.38848
113	0.36585
114	0.34344
115	0.31549
116	0.28008
117	0.24765
118	0.2137
119	0.18697
120	0.15524
121	0.12613
122	0.10339
123	0.08529
124	0.07112
125	0.06121
126	0.05579
127	0.04389
128	0.03693
129	0.02089
130	0.00544
131	-0.01852
132	-0.04061
133	-0.09016
134	-0.10827
135	-0.13832
136	-0.16887
137	-0.17546
138	-0.16913
139	-0.11857
140	-0.03543
141	0.01867
142	0.16309
143	0.26723
144	0.3125
145	0.36342
146	0.40323
147	0.43575
148	0.45267
149	0.47063
150	0.48272
151	0.47579
152	0.47738
153	0.47227
154	0.46366
155	0.44809
156	0.43341
157	0.41376
158	0.39074
159	0.36501
160	0.33757
161	0.31494
162	0.29158
163	0.27863
164	0.27341
165	0.27682
166	0.28593
167	0.28287
168	0.25826
169	0.20394
170	0.07438
171	0.04359
172	-0.04954
173	-0.02705
174	-0.02641
175	0.11098
176	0.11707
177	0.15491
178	0.17302
179	0.18216
180	0.18922
181	0.1954
182	0.20078
183	0.20175
184	0.19423
185	0.19487
186	0.1891
187	0.18212
188	0.17348
189	0.16183
190	0.14858
191	0.13378
192	0.11718
193	0.10039
194	0.08447
195	0.06914
196	0.05553
197	0.03713
198	0.02535
199	0.00715
200	-0.00518
201	-0.01278
202	-0.0213
203	-0.02689
204	-0.03046
205	-0.03104
206	-0.01363
207	0.00176
208	0.01552
209	0.03285
210	0.06681
211	0.09498
212	0.11997
213	0.14422
214	0.16729
215	0.1891
216	0.20886
217	0.22415
218	0.2373
219	0.24611
220	0.25133
221	0.2503
222	0.2483
223	0.24111
224	0.23116
225	0.21649
226	0.19784
227	0.17609
228	0.15283
229	0.12709
230	0.10116
231	0.07548
232	0.06977
233	0.04621
234	-0.01971
235	-0.03968
236	-0.05662
237	-0.07289
238	-0.08724
239	-0.0998
240	-0.11181
241	-0.1241
242	-0.12771
243	-0.13211
244	-0.09633
245	-0.09191
246	0.00508
247	0.13011
248	0.19315
249	0.20902
250	0.2392
251	0.24589
252	0.25552
253	0.26309
254	0.27731
255	0.28694
256	0.2953
257	0.30749
258	0.31896
259	0.33563
260	0.35045
261	0.35749
262	0.36509
263	0.36511
264	0.3585
265	0.34437
266	0.32091
267	0.30492
268	0.27138
269	0.23375
270	0.01581
271	-0.01178
272	-0.03538
273	-0.05577
274	-0.07419
275	-0.08709
276	-0.09761
277	-0.10606
278	-0.10433
279	-0.10171
280	-0.08928
281	-0.0693
282	-0.04329
283	0.03449
284	0.05941
285	0.09312
286	0.12385
287	0.1471
288	0.16917
289	0.18168
290	0.19265
291	0.20173
292	0.20892
293	0.2163
294	0.22508
295	0.22962
296	0.23352
297	0.24743
298	0.19349
299	0.24556
300	0.19467
301	0.18433
302	0.17274
303	0.15455
304	0.13239
305	0.10588
306	0.07678
307	0.04616
308	0.01295
309	-0.01815
310	-0.04912
311	-0.07673
312	-0.102
313	-0.12547
314	-0.14391
315	-0.16168
316	-0.17621
317	-0.18659
318	-0.1981
319	-0.20332
320	-0.20485
321	-0.19934
322	-0.18393
323	-0.12528
324	-0.07679
325	0.00732
326	0.06852
327	0.12201
328	0.16387
329	0.20001
330	0.22171
331	0.23176
332	0.11609
333	0.11747
334	0.11904
335	0.12246
336	0.14032
337	0.16092
338	0.16355
339	0.16544
340	0.16648
341	0.16667
342	0.16847
343	0.16462
344	0.16377
345	0.16021
346	0.14644
347	0.08438
348	-0.07997
349	-0.17268
350	-0.19326
351	-0.19632
352	-0.19998
353	-0.20347
354	-0.20252
355	-0.20336
356	-0.20206
357	-0.19885
358	-0.19601
359	-0.18991
360	-0.18078
361	-0.16695
362	-0.14911
363	-0.12305
364	-0.09303
365	-0.08475
366	-0.05271
367	-0.03496
368	-0.01095
369	0.00686
370	0.0819
371	0.09642
372	0.04315
373	0.05081
374	0.05743
375	0.06291
376	0.07707
377	0.08279
378	0.10473
379	0.10431
380	0.1029
381	0.08975
382	0.08308
383	0.05558
384	0.0338
385	0.01306
386	-0.00877
387	-0.03149
388	-0.05897
389	-0.07613
390	-0.0971
391	-0.12056
392	-0.13194
393	-0.14453
394	-0.14716
395	-0.14798
396	-0.14571
397	-0.14664
398	-0.14585
399	-0.14236
400	-0.13565
401	-0.1253
402	-0.11162
403	-0.09668
404	-0.07791
405	-0.06179
406	-0.06695
407	-0.05488
408	-0.03631
409	-0.01653
410	0.07029
411	0.09052
412	0.11399
413	0.07481
414	0.10076
415	0.10943
416	0.08591
417	0.06875
418	0.06699
419	0.0666
420	0.06142
421	0.06668
422	0.06592
423	0.06312
424	0.05726
425	0.04614
426	0.02292
427	-0.01963
428	-0.08072
429	-0.12682
430	-0.14687
431	-0.15375
432	-0.15664
433	-0.15377
434	-0.15168
435	-0.14513
436	-0.14228
437	-0.13849
438	-0.13571
439	-0.1342
440	-0.128
441	-0.12311
442	-0.11471
443	-0.10587
444	-0.0935
445	-0.08084
446	-0.06618
447	-0.07906
448	-0.0623
449	-0.05185
450	-0.03536
451	-0.01936
452	-0.00476
453	0.00858
454	0.02112
455	0.03208
456	0.04162
457	0.05031
458	0.06809
459	0.05094
460	0.06258
461	0.05681
462	0.04923
463	0.00746
464	-0.01125
465	-0.03115
466	-0.05117
467	-0.07001
468	-0.08548
469	-0.09974
470	-0.1096
471	-0.11829
472	-0.12433
473	-0.12978
474	-0.13533
475	-0.13977
476	-0.14494
477	-0.14654
478	-0.1523
479	-0.15141
480	-0.15207
481	-0.14714
482	-0.14112
483	-0.13251
484	-0.12633
485	-0.14161
486	-0.12533
487	-0.10838
488	-0.01938
489	0.00228
490	0.02182
491	0.03814
492	0.05179
493	0.06041
494	0.06929
495	0.07361
496	0.00956
497	0.00982
498	0.009
499	0.00493
500	-0.0016
501	-0.00901
502	-0.01953
503	-0.03351
504	-0.04803
505	-0.06534
506	-0.08377
507	-0.10315
508	-0.11901
509	-0.10974
510	-0.12085
511	-0.13049
512	-0.13804
513	-0.14672
514	-0.15755
515	-0.17017
516	-0.18408
517	-0.18894
518	-0.20991
519	-0.20877
520	-0.19518
521	-0.15808
522	-0.13551
523	-0.11847
524	-0.10534
525	-0.09248
526	-0.10344
527	-0.08743
528	-0.061
529	0.02567
530	0.03955
531	0.02948
532	0.02359
533	0.03055
534	0.03738
535	0.0422
536	0.04551
537	0.04707
538	0.04535
539	-0.0172
540	-0.02086
541	-0.02543
542	-0.03453
543	0.01986
544	-0.03384
545	-0.04195
546	-0.05369
547	-0.0658
548	-0.07593
549	-0.08566
550	-0.09301
551	-0.0998
552	-0.10702
553	-0.11623
554	-0.12847
555	-0.14491
556	-0.16823
557	-0.18974
558	-0.19841
559	-0.20559
560	-0.19767
561	-0.18398
562	-0.16389
563	-0.14321
564	-0.12442
565	-0.10724
566	-0.09228
567	-0.02263
568	-0.01251
569	-0.00408
570	0.00332
571	0.00972
572	0.015
573	0.01941
574	0.02346
575	0.03271
576	0.04891
577	0.05364
578	0.05152
579	0.04663
580	0.04
581	0.03141
582	0.02111
583	0.01016
584	-9.62009E-4
585	-0.0119
586	-0.02137
587	-0.02935
588	-0.11036
589	-0.12057
590	-0.1245
591	-0.13133
592	-0.07169
593	-0.1471
594	-0.15424
595	-0.1608
596	-0.16836
597	-0.17131
598	-0.1735
599	-0.17302
600	-0.16773
601	-0.08198
602	-0.0743
603	-0.07944
604	-0.09171
605	-0.08021
606	-0.06885
607	-0.05867
608	-0.04793
609	-0.0408
610	-0.03243
611	-0.02559
612	-0.02082
613	-0.01736
614	-0.01482
615	0.01484
616	0.01033
617	0.01543
618	0.00875
619	0.00311
620	-0.00548
621	-0.01467
622	-0.02394
623	-0.03381
624	-0.04411
625	-0.05531
626	-0.06734
627	-0.07892
628	-0.0913
629	-0.10308
630	-0.11426
631	-0.2091
632	-0.13103
633	-0.16099
634	-0.16713
635	-0.17302
636	-0.17699
637	-0.17643
638	-0.17614
639	-0.15058
640	-0.13283
641	-0.10871
642	-0.08709
643	-0.05405
644	-0.06903
645	-0.05963
646	-0.05489
647	-0.05857
648	-0.06007
649	-0.06696
650	-0.06582
651	-0.0641
652	-0.03045
653	-0.02244
654	-0.01808
655	-0.01584
656	-0.01487
657	-0.01687
658	-0.01745
659	-0.02687
660	-0.0383
661	-0.03713
662	-0.04553
663	-0.05222
664	-0.05494
665	-0.06348
666	-0.07047
667	-0.08524
668	-0.08704
669	-0.08874
670	-0.0928
671	-0.08517
672	-0.07616
673	-0.06134
674	-0.04299
675	-0.02842
676	-0.01706
677	-0.00949
678	-0.00249
679	0.00441
680	0.0095
681	0.01713
682	-0.01756
683	-0.01154
684	-0.00592
685	-0.00113
686	0.00229
687	0.00567
688	0.00845
689	0.0096
690	0.00996
691	0.00845
692	0.00681
693	0.00414
694	0.00183
695	-4.87735E-4
696	-0.00297
697	-0.00412
698	0.01651
699	0.00369
700	0.02321
701	-0.00692
702	0.01517
703	0.01813
704	0.01685
705	0.01424
706	0.01188
707	0.00981
708	0.00921
709	0.00999
710	0.01273
711	0.01171
712	0.01577
713	0.01905
714	0.0221
715	0.02595
716	0.02773
717	0.02963
718	0.03246
719	0.03433
720	0.03674
721	-0.0045
722	-0.00146
723	0.00144
724	0.00193
725	0.00354
726	0.00469
727	0.00454
728	0.00259
729	-0.00564
730	-0.01556
731	-0.03446
732	-0.03504
733	-0.03909
734	-0.03581
735	-5.66979E-4
736	-0.00188
737	-0.00416
738	-0.00577
739	-0.00811
740	-0.01045
741	-0.01301
742	-0.01516
743	-0.01863
744	-0.0211
745	-0.0225
746	-0.02655
747	-0.03096
748	-0.03182
749	-0.03589
750	-0.03493
751	-0.03514
752	-0.02884
753	-0.02756
754	-0.02727
755	-0.0204
756	0.0173
757	0.02098
758	0.02357
759	0.01904
760	-0.02166
761	-0.0347
762	-0.04396
763	-0.05321
764	-0.05739
765	-0.01225
766	-0.01036
767	-0.00854
768	-0.00564
769	-0.00211
770	-0.00131
771	6.64059E-4
772	0.00139
773	1.03939E-5
774	-4.47858E-4
775	-0.00242
776	-0.00459
777	-0.00589
778	-0.0089
779	-0.01094
780	-0.01601
781	-0.01426
782	-0.0158
783	-0.01664
784	-0.01731
785	-0.01769
786	-0.01772
787	-0.01555
788	-0.01384
789	-0.00775
790	-0.00847
791	0.00385
792	0.01322
793	0.02487
794	0.03805
795	0.04393
796	0.05085
797	0.0567
798	0.06066
799	0.0085
800	0.01255
801	0.01466
802	0.01675
803	0.01529
804	0.01456
805	0.01055
806	0.01874
807	0.06532
808	0.06576
809	0.06564
810	0.06685
811	0.06749
812	0.06824
813	0.06823
814	0.06791
815	0.06918
816	0.06461
817	0.0644
818	0.05933
819	0.05496
820	0.05063
821	0.04623
822	0.04286
823	0.03949
824	0.03728
825	0.03579
826	0.03701
827	0.03927
828	0.04282
829	0.05856
830	0.06056
831	0.06956
832	0.07587
833	0.07953
834	0.08143
835	0.08314
836	0.02822
837	0.02991
838	0.03124
839	0.03352
840	0.03587
841	0.03874
842	0.04214
843	0.04456
844	0.04783
845	0.05058
846	0.05183
847	0.05239
848	0.05298
849	0.04999
850	0.10224
851	0.10126
852	0.10113
853	0.10019
854	0.0993
855	0.0981
856	0.09448
857	0.07575
858	0.07327
859	0.07212
860	0.07174
861	0.0732
862	0.07154
863	0.07787
864	0.08214
865	0.08623
866	0.08895
867	0.09183
868	0.09372
869	0.09501
870	0.09631
871	0.04058
872	0.04024
873	0.03995
874	0.03986
875	0.03926
876	0.03915
877	0.03946
878	0.04063
879	0.04193
880	0.04331
881	0.04394
882	0.0444
883	0.04265
884	0.04078
885	0.03872
886	0.03818
887	0.03886
888	0.0389
889	0.03984
890	0.04056
891	0.04028
892	0.0393
893	0.03807
894	0.03882
895	0.03521
896	0.03411
897	0.03394
898	0.03308
899	0.03213
900	0.03164
901	0.03105
902	0.03132
903	0.0321
904	0.03247
905	0.08742
906	0.08851
907	0.08946
908	0.0905
909	0.09151
910	0.0922
911	0.03903
912	0.03919
913	0.04003
914	0.03938
915	0.04117
916	0.04115
917	0.03985
918	0.03616
919	0.03058
920	0.0239
921	0.01876
922	0.01635
923	0.01677
924	0.0175
925	0.01977
926	0.0223
927	0.02512
928	0.02673
929	0.02831
930	0.02917
931	0.02869
932	0.02773
933	0.02619
934	0.02379
935	0.02135
936	0.02066
937	0.01905
938	0.01778
939	0.0165
940	0.01577
941	0.0145
942	0.01407
943	0.01317
944	0.01328
945	0.01315
946	0.01532
947	0.01442
948	0.06869
949	0.02664
950	0.05919
951	0.02696
952	0.02138
953	0.01951
954	0.01797
955	0.00985
956	0.00935
957	0.00761
958	0.00696
959	0.00689
960	0.00896
961	0.01588
962	0.02015
963	0.02452
964	0.02966
965	0.03384
966	0.03613
967	0.03762
968	0.03725
969	0.03545
970	0.03247
