0	0.75032	0.73863	0.46987	0.46065	0.21644	0.2113	0.2163	0.22144	0.46565	0.47487	0.74363	0.75532
1	0.74974	0.73691	0.46952	0.45955	0.21629	0.21083	0.21583	0.22129	0.46455	0.47452	0.74191	0.75474
2	0.74944	0.73525	0.46935	0.45849	0.21623	0.21038	0.21538	0.22123	0.46349	0.47435	0.74025	0.75444
3	0.74946	0.73369	0.46938	0.4575	0.21626	0.20996	0.21496	0.22126	0.4625	0.47438	0.73869	0.75446
4	0.7498	0.73229	0.46962	0.4566	0.2164	0.20959	0.21459	0.2214	0.4616	0.47462	0.73729	0.7548
5	0.75047	0.73108	0.47008	0.45583	0.21663	0.20928	0.21428	0.22163	0.46083	0.47508	0.73608	0.75547
6	0.75146	0.73009	0.47074	0.4552	0.21697	0.20903	0.21403	0.22197	0.4602	0.47574	0.73509	0.75646
7	0.75275	0.72937	0.47159	0.45475	0.21739	0.20886	0.21386	0.22239	0.45975	0.47659	0.73437	0.75775
8	0.75429	0.72894	0.4726	0.45447	0.2179	0.20877	0.21377	0.2229	0.45947	0.4776	0.73394	0.75929
9	0.75603	0.72881	0.47374	0.45438	0.21846	0.20877	0.21377	0.22346	0.45938	0.47874	0.73381	0.76103
10	0.75792	0.72898	0.47498	0.45449	0.21907	0.20885	0.21385	0.22407	0.45949	0.47998	0.73398	0.76292
11	0.7599	0.72945	0.47628	0.45479	0.21971	0.20901	0.21401	0.22471	0.45979	0.48128	0.73445	0.7649
13	0.76192	0.73021	0.4776	0.45528	0.22036	0.20927	0.21427	0.22536	0.46028	0.4826	0.73521	0.76692
14	0.76389	0.73123	0.47889	0.45594	0.22099	0.2096	0.2146	0.22599	0.46094	0.48389	0.73623	0.76889
15	0.76577	0.73249	0.48012	0.45675	0.22159	0.21	0.215	0.22659	0.46175	0.48512	0.73749	0.77077
16	0.76752	0.73395	0.48126	0.45769	0.22214	0.21047	0.21547	0.22714	0.46269	0.48626	0.73895	0.77252
17	0.76909	0.73556	0.48229	0.45874	0.22264	0.21099	0.21599	0.22764	0.46374	0.48729	0.74056	0.77409
18	0.77047	0.73728	0.48319	0.45985	0.22307	0.21154	0.21654	0.22807	0.46485	0.48819	0.74228	0.77547
19	0.77162	0.73906	0.48394	0.46101	0.22343	0.21213	0.21713	0.22843	0.46601	0.48894	0.74406	0.77662
20	0.77253	0.74084	0.48454	0.46217	0.22371	0.21272	0.21772	0.22871	0.46717	0.48954	0.74584	0.77753
21	0.77321	0.74259	0.48498	0.46332	0.22391	0.21331	0.21831	0.22891	0.46832	0.48998	0.74759	0.77821
22	0.77364	0.74425	0.48527	0.46441	0.22404	0.21387	0.21887	0.22904	0.46941	0.49027	0.74925	0.77864
23	0.77384	0.7458	0.4854	0.46542	0.22408	0.21441	0.21941	0.22908	0.47042	0.4904	0.7508	0.77884
24	0.7738	0.74719	0.48538	0.46634	0.22405	0.21489	0.21989	0.22905	0.47134	0.49038	0.75219	0.7788
25	0.77354	0.7484	0.48521	0.46713	0.22395	0.21531	0.22031	0.22895	0.47213	0.49021	0.7534	0.77854
26	0.77305	0.74941	0.48489	0.46779	0.22378	0.21566	0.22066	0.22878	0.47279	0.48989	0.75441	0.77805
27	0.77234	0.7502	0.48443	0.4683	0.22353	0.21594	0.22094	0.22853	0.4733	0.48943	0.7552	0.77734
28	0.77141	0.75077	0.48383	0.46866	0.22323	0.21614	0.22114	0.22823	0.47366	0.48883	0.75577	0.77641
29	0.77028	0.7511	0.4831	0.46887	0.22286	0.21625	0.22125	0.22786	0.47387	0.4881	0.7561	0.77528
30	0.76895	0.7512	0.48224	0.46891	0.22243	0.21628	0.22128	0.22743	0.47391	0.48724	0.7562	0.77395
31	0.76745	0.75106	0.48127	0.46881	0.22194	0.21622	0.22122	0.22694	0.47381	0.48627	0.75606	0.77245
32	0.76579	0.7507	0.48019	0.46855	0.22141	0.21609	0.22109	0.22641	0.47355	0.48519	0.7557	0.77079
34	0.76401	0.75012	0.47905	0.46816	0.22085	0.21588	0.22088	0.22585	0.47316	0.48405	0.75512	0.76901
35	0.76213	0.74934	0.47783	0.46762	0.22026	0.21561	0.22061	0.22526	0.47262	0.48283	0.75434	0.76713
36	0.76021	0.74835	0.47659	0.46696	0.21965	0.21527	0.22027	0.22465	0.47196	0.48159	0.75335	0.76521
37	0.7583	0.74718	0.47536	0.46617	0.21906	0.21488	0.21988	0.22406	0.47117	0.48036	0.75218	0.7633
38	0.75646	0.74585	0.47418	0.46529	0.21848	0.21444	0.21944	0.22348	0.47029	0.47918	0.75085	0.76146
39	0.75474	0.74438	0.47308	0.46432	0.21795	0.21397	0.21897	0.22295	0.46932	0.47808	0.74938	0.75974
40	0.75322	0.7428	0.4721	0.46327	0.21748	0.21346	0.21846	0.22248	0.46827	0.4771	0.7478	0.75822
41	0.75193	0.74113	0.47128	0.46217	0.2171	0.21294	0.21794	0.2221	0.46717	0.47628	0.74613	0.75693
42	0.75094	0.73941	0.47066	0.46104	0.2168	0.21241	0.21741	0.2218	0.46604	0.47566	0.74441	0.75594
43	0.75027	0.73767	0.47025	0.4599	0.21662	0.21188	0.21688	0.22162	0.4649	0.47525	0.74267	0.75527
44	0.74996	0.73597	0.47007	0.45879	0.21655	0.21136	0.21636	0.22155	0.46379	0.47507	0.74097	0.75496
45	0.75001	0.73433	0.47013	0.45771	0.21659	0.21087	0.21587	0.22159	0.46271	0.47513	0.73933	0.75501
46	0.75042	0.7328	0.47042	0.45671	0.21675	0.21041	0.21541	0.22175	0.46171	0.47542	0.7378	0.75542
47	0.75118	0.73142	0.47094	0.4558	0.21702	0.20999	0.21499	0.22202	0.4608	0.47594	0.73642	0.75618
48	0.75226	0.73024	0.47167	0.45502	0.21739	0.20963	0.21463	0.22239	0.46002	0.47667	0.73524	0.75726
49	0.75362	0.72927	0.47257	0.45438	0.21784	0.20933	0.21433	0.22284	0.45938	0.47757	0.73427	0.75862
50	0.7552	0.72856	0.47361	0.4539	0.21836	0.2091	0.2141	0.22336	0.4589	0.47861	0.73356	0.7602
51	0.75697	0.72811	0.47477	0.45359	0.21893	0.20895	0.21395	0.22393	0.45859	0.47977	0.73311	0.76197
52	0.75885	0.72795	0.47601	0.45347	0.21953	0.20888	0.21388	0.22453	0.45847	0.48101	0.73295	0.76385
53	0.76081	0.72807	0.47728	0.45353	0.22014	0.2089	0.2139	0.22514	0.45853	0.48228	0.73307	0.76581
55	0.76279	0.72847	0.47857	0.45377	0.22076	0.209	0.214	0.22576	0.45877	0.48357	0.73347	0.76779
56	0.76472	0.72912	0.47982	0.45418	0.22136	0.20917	0.21417	0.22636	0.45918	0.48482	0.73412	0.76972
57	0.76656	0.73001	0.48101	0.45473	0.22192	0.20942	0.21442	0.22692	0.45973	0.48601	0.73501	0.77156
58	0.76827	0.7311	0.48212	0.45542	0.22245	0.20973	0.21473	0.22745	0.46042	0.48712	0.7361	0.77327
59	0.76982	0.73234	0.48311	0.45621	0.22292	0.21009	0.21509	0.22792	0.46121	0.48811	0.73734	0.77482
60	0.77115	0.7337	0.48398	0.45709	0.22333	0.2105	0.2155	0.22833	0.46209	0.48898	0.7387	0.77615
61	0.77225	0.73513	0.48469	0.458	0.22367	0.21093	0.21593	0.22867	0.463	0.48969	0.74013	0.77725
62	0.77307	0.73658	0.48524	0.45893	0.22394	0.21137	0.21637	0.22894	0.46393	0.49024	0.74158	0.77807
63	0.7736	0.73799	0.48559	0.45985	0.22412	0.2118	0.2168	0.22912	0.46485	0.49059	0.74299	0.7786
64	0.7738	0.73934	0.48575	0.46071	0.2242	0.21222	0.21722	0.2292	0.46571	0.49075	0.74434	0.7788
65	0.77367	0.74056	0.48568	0.4615	0.22419	0.2126	0.2176	0.22919	0.4665	0.49068	0.74556	0.77867
66	0.77319	0.74161	0.4854	0.46219	0.22406	0.21294	0.21794	0.22906	0.46719	0.4904	0.74661	0.77819
67	0.77235	0.74248	0.48488	0.46275	0.22383	0.21321	0.21821	0.22883	0.46775	0.48988	0.74748	0.77735
68	0.77116	0.74311	0.48414	0.46316	0.22349	0.21342	0.21842	0.22849	0.46816	0.48914	0.74811	0.77616
69	0.76963	0.7435	0.48318	0.46342	0.22304	0.21355	0.21855	0.22804	0.46842	0.48818	0.7485	0.77463
70	0.76781	0.74363	0.48202	0.4635	0.22248	0.2136	0.2186	0.22748	0.4685	0.48702	0.74863	0.77281
71	0.76572	0.74348	0.48068	0.46341	0.22184	0.21357	0.21857	0.22684	0.46841	0.48568	0.74848	0.77072
72	0.76343	0.74307	0.47921	0.46314	0.22112	0.21345	0.21845	0.22612	0.46814	0.48421	0.74807	0.76843
73	0.761	0.74239	0.47765	0.4627	0.22035	0.21325	0.21825	0.22535	0.4677	0.48265	0.74739	0.766
74	0.75852	0.74146	0.47604	0.4621	0.21955	0.21297	0.21797	0.22455	0.4671	0.48104	0.74646	0.76352
76	0.75607	0.7403	0.47445	0.46136	0.21876	0.21262	0.21762	0.22376	0.46636	0.47945	0.7453	0.76107
77	0.75372	0.73894	0.47293	0.46048	0.21799	0.2122	0.2172	0.22299	0.46548	0.47793	0.74394	0.75872
78	0.75156	0.73742	0.47153	0.45949	0.21728	0.21173	0.21673	0.22228	0.46449	0.47653	0.74242	0.75656
79	0.74968	0.73577	0.4703	0.45842	0.21666	0.21123	0.21623	0.22166	0.46342	0.4753	0.74077	0.75468
80	0.74814	0.73405	0.46931	0.4573	0.21616	0.2107	0.2157	0.22116	0.4623	0.47431	0.73905	0.75314
81	0.74699	0.73229	0.46858	0.45616	0.2158	0.21016	0.21516	0.2208	0.46116	0.47358	0.73729	0.75199
82	0.74628	0.73056	0.46813	0.45503	0.21558	0.20963	0.21463	0.22058	0.46003	0.47313	0.73556	0.75128
83	0.74602	0.72889	0.46799	0.45396	0.21552	0.20912	0.21412	0.22052	0.45896	0.47299	0.73389	0.75102
84	0.74621	0.72735	0.46814	0.45296	0.21562	0.20866	0.21366	0.22062	0.45796	0.47314	0.73235	0.75121
85	0.74683	0.72598	0.46858	0.45207	0.21587	0.20825	0.21325	0.22087	0.45707	0.47358	0.73098	0.75183
86	0.74783	0.72481	0.46928	0.45132	0.21626	0.20791	0.21291	0.22126	0.45632	0.47428	0.72981	0.75283
87	0.74917	0.72389	0.47021	0.45073	0.21676	0.20765	0.21265	0.22176	0.45573	0.47521	0.72889	0.75417
88	0.75078	0.72325	0.47131	0.45032	0.21736	0.20747	0.21247	0.22236	0.45532	0.47631	0.72825	0.75578
89	0.7526	0.7229	0.47255	0.45011	0.21803	0.20739	0.21239	0.22303	0.45511	0.47755	0.7279	0.7576
90	0.75454	0.72284	0.47387	0.45009	0.21875	0.2074	0.2124	0.22375	0.45509	0.47887	0.72784	0.75954
91	0.75653	0.72309	0.47522	0.45026	0.21947	0.20751	0.21251	0.22447	0.45526	0.48022	0.72809	0.76153
92	0.75852	0.72362	0.47657	0.45062	0.22019	0.2077	0.2127	0.22519	0.45562	0.48157	0.72862	0.76352
93	0.76043	0.72442	0.47786	0.45116	0.22088	0.20797	0.21297	0.22588	0.45616	0.48286	0.72942	0.76543
94	0.76221	0.72546	0.47907	0.45184	0.22152	0.2083	0.2133	0.22652	0.45684	0.48407	0.73046	0.76721
95	0.76383	0.7267	0.48016	0.45265	0.22211	0.20869	0.21369	0.22711	0.45765	0.48516	0.7317	0.76883
97	0.76528	0.7281	0.48113	0.45357	0.22262	0.20912	0.21412	0.22762	0.45857	0.48613	0.7331	0.77028
98	0.76649	0.72962	0.48195	0.45455	0.22305	0.20958	0.21458	0.22805	0.45955	0.48695	0.73462	0.77149
99	0.76746	0.7312	0.48262	0.45557	0.22341	0.21004	0.21504	0.22841	0.46057	0.48762	0.7362	0.77246
100	0.76821	0.73281	0.48313	0.4566	0.22368	0.2105	0.2155	0.22868	0.4616	0.48813	0.73781	0.77321
101	0.76872	0.73441	0.48348	0.45761	0.22387	0.21095	0.21595	0.22887	0.46261	0.48848	0.73941	0.77372
102	0.76899	0.73594	0.48368	0.45858	0.22399	0.21137	0.21637	0.22899	0.46358	0.48868	0.74094	0.77399
103	0.76902	0.73739	0.48372	0.45949	0.22402	0.21175	0.21675	0.22902	0.46449	0.48872	0.74239	0.77402
104	0.76883	0.73871	0.48361	0.46031	0.22398	0.21209	0.21709	0.22898	0.46531	0.48861	0.74371	0.77383
105	0.7684	0.73989	0.48335	0.46104	0.22386	0.21239	0.21739	0.22886	0.46604	0.48835	0.74489	0.7734
106	0.76775	0.7409	0.48294	0.46167	0.22367	0.21264	0.21764	0.22867	0.46667	0.48794	0.7459	0.77275
107	0.76689	0.74174	0.48238	0.46218	0.2234	0.21285	0.21785	0.2284	0.46718	0.48738	0.74674	0.77189
108	0.7658	0.74239	0.48168	0.46258	0.22306	0.213	0.218	0.22806	0.46758	0.48668	0.74739	0.7708
109	0.76451	0.74285	0.48084	0.46286	0.22264	0.21311	0.21811	0.22764	0.46786	0.48584	0.74785	0.76951
110	0.76303	0.74311	0.47987	0.46302	0.22216	0.21317	0.21817	0.22716	0.46802	0.48487	0.74811	0.76803
111	0.76138	0.74317	0.47878	0.46306	0.22162	0.21318	0.21818	0.22662	0.46806	0.48378	0.74817	0.76638
112	0.75959	0.74304	0.4776	0.46298	0.22102	0.21314	0.21814	0.22602	0.46798	0.4826	0.74804	0.76459
113	0.7577	0.74271	0.47634	0.46278	0.22039	0.21305	0.21805	0.22539	0.46778	0.48134	0.74771	0.7627
114	0.75574	0.74218	0.47504	0.46246	0.21974	0.21292	0.21792	0.22474	0.46746	0.48004	0.74718	0.76074
115	0.75377	0.74146	0.47373	0.46203	0.21908	0.21273	0.21773	0.22408	0.46703	0.47873	0.74646	0.75877
116	0.75184	0.74056	0.47244	0.46148	0.21843	0.2125	0.2175	0.22343	0.46648	0.47744	0.74556	0.75684
118	0.75002	0.73949	0.47124	0.46083	0.21783	0.21222	0.21722	0.22283	0.46583	0.47624	0.74449	0.75502
119	0.74834	0.73826	0.47012	0.46007	0.21728	0.21189	0.21689	0.22228	0.46507	0.47512	0.74326	0.75334
120	0.74687	0.73689	0.46915	0.45922	0.2168	0.21152	0.21652	0.2218	0.46422	0.47415	0.74189	0.75187
121	0.74566	0.73539	0.46835	0.45829	0.21642	0.21111	0.21611	0.22142	0.46329	0.47335	0.74039	0.75066
122	0.74475	0.73382	0.46775	0.45731	0.21614	0.21067	0.21567	0.22114	0.46231	0.47275	0.73882	0.74975
123	0.74418	0.73219	0.46738	0.45629	0.21598	0.21022	0.21522	0.22098	0.46129	0.47238	0.73719	0.74918
124	0.74395	0.73055	0.46723	0.45526	0.21593	0.20976	0.21476	0.22093	0.46026	0.47223	0.73555	0.74895
125	0.74409	0.72896	0.46733	0.45425	0.21601	0.2093	0.2143	0.22101	0.45925	0.47233	0.73396	0.74909
126	0.74458	0.72744	0.46766	0.4533	0.2162	0.20887	0.21387	0.2212	0.4583	0.47266	0.73244	0.74958
127	0.7454	0.72606	0.46821	0.45242	0.2165	0.20848	0.21348	0.2215	0.45742	0.47321	0.73106	0.7504
128	0.74653	0.72485	0.46896	0.45166	0.2169	0.20814	0.21314	0.2219	0.45666	0.47396	0.72985	0.75153
129	0.74792	0.72386	0.46988	0.45104	0.21737	0.20786	0.21286	0.22237	0.45604	0.47488	0.72886	0.75292
130	0.74953	0.72313	0.47093	0.45059	0.21791	0.20765	0.21265	0.22291	0.45559	0.47593	0.72813	0.75453
131	0.7513	0.72267	0.47208	0.45031	0.21849	0.20752	0.21252	0.22349	0.45531	0.47708	0.72767	0.7563
132	0.75317	0.72251	0.4733	0.45022	0.2191	0.20748	0.21248	0.2241	0.45522	0.4783	0.72751	0.75817
133	0.75509	0.72265	0.47454	0.45033	0.21971	0.20753	0.21253	0.22471	0.45533	0.47954	0.72765	0.76009
134	0.75701	0.72308	0.47578	0.45062	0.22031	0.20766	0.21266	0.22531	0.45562	0.48078	0.72808	0.76201
135	0.75887	0.72379	0.47697	0.45108	0.22089	0.20786	0.21286	0.22589	0.45608	0.48197	0.72879	0.76387
136	0.76063	0.72474	0.47809	0.45171	0.22143	0.20813	0.21313	0.22643	0.45671	0.48309	0.72974	0.76563
137	0.76226	0.72591	0.47913	0.45246	0.22192	0.20845	0.21345	0.22692	0.45746	0.48413	0.73091	0.76726
139	0.76375	0.72725	0.48007	0.45332	0.22236	0.20882	0.21382	0.22736	0.45832	0.48507	0.73225	0.76875
140	0.76504	0.72871	0.48088	0.45426	0.22274	0.20921	0.21421	0.22774	0.45926	0.48588	0.73371	0.77004
141	0.76613	0.73024	0.48155	0.45524	0.22305	0.20961	0.21461	0.22805	0.46024	0.48655	0.73524	0.77113
142	0.76702	0.73182	0.4821	0.45623	0.2233	0.21002	0.21502	0.2283	0.46123	0.4871	0.73682	0.77202
143	0.76771	0.73338	0.48251	0.45721	0.22348	0.21041	0.21541	0.22848	0.46221	0.48751	0.73838	0.77271
144	0.76818	0.73489	0.48278	0.45816	0.22359	0.21078	0.21578	0.22859	0.46316	0.48778	0.73989	0.77318
145	0.76844	0.73632	0.48292	0.45904	0.22364	0.21112	0.21612	0.22864	0.46404	0.48792	0.74132	0.77344
146	0.76849	0.73764	0.48292	0.45986	0.22362	0.21142	0.21642	0.22862	0.46486	0.48792	0.74264	0.77349
147	0.76834	0.73882	0.48279	0.46059	0.22354	0.21169	0.21669	0.22854	0.46559	0.48779	0.74382	0.77334
148	0.76798	0.73986	0.48252	0.46123	0.22339	0.21192	0.21692	0.22839	0.46623	0.48752	0.74486	0.77298
149	0.76741	0.74073	0.48212	0.46176	0.22317	0.2121	0.2171	0.22817	0.46676	0.48712	0.74573	0.77241
150	0.76664	0.74143	0.48158	0.46219	0.22289	0.21224	0.21724	0.22789	0.46719	0.48658	0.74643	0.77164
151	0.76567	0.74194	0.48091	0.46251	0.22255	0.21234	0.21734	0.22755	0.46751	0.48591	0.74694	0.77067
152	0.76451	0.74226	0.48011	0.46271	0.22214	0.2124	0.2174	0.22714	0.46771	0.48511	0.74726	0.76951
153	0.76317	0.74238	0.47919	0.4628	0.22167	0.21241	0.21741	0.22667	0.4678	0.48419	0.74738	0.76817
154	0.76166	0.74228	0.47816	0.46276	0.22115	0.21238	0.21738	0.22615	0.46776	0.48316	0.74728	0.76666
155	0.76002	0.74197	0.47704	0.46259	0.22058	0.21231	0.21731	0.22558	0.46759	0.48204	0.74697	0.76502
156	0.75829	0.74143	0.47586	0.46229	0.21997	0.2122	0.2172	0.22497	0.46729	0.48086	0.74643	0.76329
157	0.75649	0.74067	0.47463	0.46186	0.21934	0.21204	0.21704	0.22434	0.46686	0.47963	0.74567	0.76149
158	0.75469	0.73969	0.4734	0.46129	0.2187	0.21184	0.21684	0.2237	0.46629	0.4784	0.74469	0.75969
160	0.75295	0.73851	0.47221	0.46061	0.21808	0.21159	0.21659	0.22308	0.46561	0.47721	0.74351	0.75795
161	0.75131	0.73713	0.47107	0.45981	0.21748	0.2113	0.2163	0.22248	0.46481	0.47607	0.74213	0.75631
162	0.74983	0.7356	0.47004	0.45892	0.21692	0.21098	0.21598	0.22192	0.46392	0.47504	0.7406	0.75483
163	0.74859	0.73395	0.46916	0.45795	0.21644	0.21063	0.21563	0.22144	0.46295	0.47416	0.73895	0.75359
164	0.74762	0.73223	0.46845	0.45693	0.21604	0.21026	0.21526	0.22104	0.46193	0.47345	0.73723	0.75262
165	0.74698	0.73049	0.46796	0.4559	0.21574	0.20989	0.21489	0.22074	0.4609	0.47296	0.73549	0.75198
166	0.7467	0.7288	0.4677	0.4549	0.21556	0.20952	0.21452	0.22056	0.4599	0.4727	0.7338	0.7517
167	0.74678	0.72722	0.46769	0.45396	0.2155	0.20918	0.21418	0.2205	0.45896	0.47269	0.73222	0.75178
168	0.74725	0.72581	0.46792	0.45313	0.21556	0.20888	0.21388	0.22056	0.45813	0.47292	0.73081	0.75225
169	0.74807	0.72463	0.46838	0.45244	0.21575	0.20863	0.21363	0.22075	0.45744	0.47338	0.72963	0.75307
170	0.74922	0.72373	0.46907	0.45192	0.21605	0.20846	0.21346	0.22105	0.45692	0.47407	0.72873	0.75422
171	0.75065	0.72315	0.46994	0.4516	0.21644	0.20836	0.21336	0.22144	0.4566	0.47494	0.72815	0.75565
172	0.7523	0.72292	0.47096	0.45149	0.21693	0.20835	0.21335	0.22193	0.45649	0.47596	0.72792	0.7573
173	0.75411	0.72305	0.47209	0.45161	0.21747	0.20843	0.21343	0.22247	0.45661	0.47709	0.72805	0.75911
174	0.75601	0.72353	0.47328	0.45194	0.21805	0.2086	0.2136	0.22305	0.45694	0.47828	0.72853	0.76101
175	0.7579	0.72434	0.47448	0.45248	0.21865	0.20885	0.21385	0.22365	0.45748	0.47948	0.72934	0.7629
176	0.75973	0.72544	0.47564	0.4532	0.21923	0.20918	0.21418	0.22423	0.4582	0.48064	0.73044	0.76473
177	0.76142	0.72678	0.47672	0.45407	0.21978	0.20956	0.21456	0.22478	0.45907	0.48172	0.73178	0.76642
178	0.76292	0.72831	0.47768	0.45505	0.22027	0.21	0.215	0.22527	0.46005	0.48268	0.73331	0.76792
179	0.76416	0.72996	0.47847	0.4561	0.22068	0.21046	0.21546	0.22568	0.4611	0.48347	0.73496	0.76916
181	0.76515	0.73167	0.4791	0.45719	0.22101	0.21093	0.21593	0.22601	0.46219	0.4841	0.73667	0.77015
182	0.7658	0.73337	0.47952	0.45827	0.22124	0.21138	0.21638	0.22624	0.46327	0.48452	0.73837	0.7708
183	0.76614	0.73499	0.47973	0.45929	0.22136	0.21181	0.21681	0.22636	0.46429	0.48473	0.73999	0.77114
184	0.76615	0.73649	0.47973	0.46024	0.22138	0.2122	0.2172	0.22638	0.46524	0.48473	0.74149	0.77115
185	0.76585	0.73783	0.47953	0.46108	0.2213	0.21253	0.21753	0.2263	0.46608	0.48453	0.74283	0.77085
186	0.76526	0.73896	0.47913	0.46179	0.22111	0.2128	0.2178	0.22611	0.46679	0.48413	0.74396	0.77026
187	0.7644	0.73988	0.47856	0.46236	0.22084	0.21301	0.21801	0.22584	0.46736	0.48356	0.74488	0.7694
188	0.76331	0.74057	0.47784	0.46278	0.22049	0.21316	0.21816	0.22549	0.46778	0.48284	0.74557	0.76831
189	0.76201	0.74102	0.47697	0.46306	0.22008	0.21324	0.21824	0.22508	0.46806	0.48197	0.74602	0.76701
190	0.76054	0.74123	0.476	0.4632	0.2196	0.21326	0.21826	0.2246	0.4682	0.481	0.74623	0.76554
191	0.75894	0.74122	0.47494	0.4632	0.21908	0.21322	0.21822	0.22408	0.4682	0.47994	0.74622	0.76394
192	0.75724	0.74099	0.47381	0.46306	0.21853	0.21314	0.21814	0.22353	0.46806	0.47881	0.74599	0.76224
193	0.75549	0.74054	0.47265	0.4628	0.21796	0.21301	0.21801	0.22296	0.4678	0.47765	0.74554	0.76049
194	0.75373	0.7399	0.47147	0.46242	0.21739	0.21285	0.21785	0.22239	0.46742	0.47647	0.7449	0.75873
195	0.75199	0.73906	0.47031	0.46193	0.21681	0.21265	0.21765	0.22181	0.46693	0.47531	0.74406	0.75699
196	0.75031	0.73805	0.46919	0.46133	0.21626	0.21242	0.21742	0.22126	0.46633	0.47419	0.74305	0.75531
197	0.74873	0.73687	0.46813	0.46064	0.21574	0.21216	0.21716	0.22074	0.46564	0.47313	0.74187	0.75373
198	0.7473	0.73554	0.46717	0.45985	0.21525	0.21187	0.21687	0.22025	0.46485	0.47217	0.74054	0.7523
199	0.74605	0.73409	0.46633	0.45898	0.21483	0.21155	0.21655	0.21983	0.46398	0.47133	0.73909	0.75105
200	0.74501	0.73253	0.46563	0.45804	0.21447	0.21121	0.21621	0.21947	0.46304	0.47063	0.73753	0.75001
202	0.74423	0.7309	0.46509	0.45706	0.21419	0.21086	0.21586	0.21919	0.46206	0.47009	0.7359	0.74923
203	0.7437	0.72923	0.46473	0.45605	0.214	0.2105	0.2155	0.219	0.46105	0.46973	0.73423	0.7487
204	0.74346	0.72758	0.46455	0.45504	0.21389	0.21013	0.21513	0.21889	0.46004	0.46955	0.73258	0.74846
205	0.74351	0.726	0.46457	0.45407	0.21388	0.20978	0.21478	0.21888	0.45907	0.46957	0.731	0.74851
206	0.74385	0.72455	0.46477	0.45317	0.21397	0.20946	0.21446	0.21897	0.45817	0.46977	0.72955	0.74885
207	0.74448	0.72328	0.46517	0.45239	0.21416	0.20918	0.21418	0.21916	0.45739	0.47017	0.72828	0.74948
208	0.74536	0.72225	0.46573	0.45175	0.21443	0.20896	0.21396	0.21943	0.45675	0.47073	0.72725	0.75036
209	0.74646	0.72152	0.46644	0.4513	0.21478	0.20881	0.21381	0.21978	0.4563	0.47144	0.72652	0.75146
210	0.74776	0.72112	0.46728	0.45106	0.21519	0.20876	0.21376	0.22019	0.45606	0.47228	0.72612	0.75276
211	0.7492	0.7211	0.46821	0.45105	0.21566	0.20881	0.21381	0.22066	0.45605	0.47321	0.7261	0.7542
212	0.75074	0.72146	0.4692	0.4513	0.21616	0.20896	0.21396	0.22116	0.4563	0.4742	0.72646	0.75574
213	0.75232	0.72221	0.47023	0.45179	0.21668	0.20922	0.21422	0.22168	0.45679	0.47523	0.72721	0.75732
214	0.7539	0.72334	0.47125	0.45253	0.2172	0.20959	0.21459	0.2222	0.45753	0.47625	0.72834	0.7589
215	0.75543	0.72482	0.47223	0.45348	0.2177	0.21006	0.21506	0.2227	0.45848	0.47723	0.72982	0.76043
216	0.75687	0.72659	0.47316	0.45463	0.21818	0.2106	0.2156	0.22318	0.45963	0.47816	0.73159	0.76187
217	0.75819	0.7286	0.47401	0.45594	0.21861	0.21122	0.21622	0.22361	0.46094	0.47901	0.7336	0.76319
218	0.75935	0.7308	0.47475	0.45735	0.21899	0.21187	0.21687	0.22399	0.46235	0.47975	0.7358	0.76435
219	0.76035	0.7331	0.47538	0.45883	0.21931	0.21255	0.21755	0.22431	0.46383	0.48038	0.7381	0.76535
220	0.76115	0.73545	0.4759	0.46034	0.21958	0.21323	0.21823	0.22458	0.46534	0.4809	0.74045	0.76615
221	0.76176	0.73777	0.47628	0.46182	0.21977	0.2139	0.2189	0.22477	0.46682	0.48128	0.74277	0.76676
223	0.76218	0.74001	0.47655	0.46324	0.21991	0.21453	0.21953	0.22491	0.46824	0.48155	0.74501	0.76718
224	0.76239	0.74211	0.47668	0.46456	0.21997	0.2151	0.2201	0.22497	0.46956	0.48168	0.74711	0.76739
225	0.76239	0.74404	0.47669	0.46577	0.21998	0.21562	0.22062	0.22498	0.47077	0.48169	0.74904	0.76739
226	0.7622	0.74577	0.47656	0.46684	0.21992	0.21606	0.22106	0.22492	0.47184	0.48156	0.75077	0.7672
227	0.7618	0.74727	0.47632	0.46776	0.2198	0.21645	0.22145	0.2248	0.47276	0.48132	0.75227	0.7668
228	0.76122	0.74855	0.47596	0.46854	0.21962	0.21676	0.22176	0.22462	0.47354	0.48096	0.75355	0.76622
229	0.76045	0.74959	0.47547	0.46918	0.21939	0.21701	0.22201	0.22439	0.47418	0.48047	0.75459	0.76545
230	0.75949	0.7504	0.47487	0.46967	0.2191	0.21721	0.22221	0.2241	0.47467	0.47987	0.7554	0.76449
231	0.75836	0.75099	0.47416	0.47002	0.21877	0.21735	0.22235	0.22377	0.47502	0.47916	0.75599	0.76336
232	0.75707	0.75135	0.47335	0.47025	0.21838	0.21744	0.22244	0.22338	0.47525	0.47835	0.75635	0.76207
233	0.75564	0.7515	0.47243	0.47035	0.21795	0.21749	0.22249	0.22295	0.47535	0.47743	0.7565	0.76064
234	0.75408	0.75143	0.47144	0.47031	0.21748	0.21748	0.22248	0.22248	0.47531	0.47644	0.75643	0.75908
235	0.75243	0.75113	0.47037	0.47015	0.21697	0.21742	0.22242	0.22197	0.47515	0.47537	0.75613	0.75743
236	0.75071	0.75062	0.46926	0.46985	0.21644	0.2173	0.2223	0.22144	0.47485	0.47426	0.75562	0.75571
237	0.74897	0.74987	0.46813	0.46942	0.2159	0.21713	0.22213	0.2209	0.47442	0.47313	0.75487	0.75397
238	0.74725	0.7489	0.467	0.46883	0.21534	0.21688	0.22188	0.22034	0.47383	0.472	0.7539	0.75225
239	0.74559	0.7477	0.4659	0.4681	0.2148	0.21657	0.22157	0.2198	0.4731	0.4709	0.7527	0.75059
240	0.74404	0.74629	0.46486	0.46722	0.21427	0.21618	0.22118	0.21927	0.47222	0.46986	0.75129	0.74904
241	0.74264	0.74468	0.46391	0.46621	0.21378	0.21572	0.22072	0.21878	0.47121	0.46891	0.74968	0.74764
242	0.74143	0.7429	0.46308	0.46508	0.21333	0.2152	0.2202	0.21833	0.47008	0.46808	0.7479	0.74643
244	0.74046	0.74099	0.4624	0.46385	0.21294	0.21463	0.21963	0.21794	0.46885	0.4674	0.74599	0.74546
245	0.73973	0.73901	0.46186	0.46256	0.21261	0.21402	0.21902	0.21761	0.46756	0.46686	0.74401	0.74473
246	0.73926	0.73701	0.4615	0.46124	0.21236	0.21339	0.21839	0.21736	0.46624	0.4665	0.74201	0.74426
247	0.73908	0.73506	0.46133	0.45995	0.21219	0.21278	0.21778	0.21719	0.46495	0.46633	0.74006	0.74408
248	0.73917	0.73323	0.46133	0.45872	0.2121	0.21219	0.21719	0.2171	0.46372	0.46633	0.73823	0.74417
249	0.73953	0.73159	0.46152	0.45762	0.2121	0.21166	0.21666	0.2171	0.46262	0.46652	0.73659	0.74453
250	0.74015	0.73021	0.46187	0.45667	0.21218	0.21122	0.21622	0.21718	0.46167	0.46687	0.73521	0.74515
251	0.741	0.72914	0.46239	0.45593	0.21235	0.21087	0.21587	0.21735	0.46093	0.46739	0.73414	0.746
252	0.74205	0.72844	0.46304	0.45543	0.21259	0.21064	0.21564	0.21759	0.46043	0.46804	0.73344	0.74705
253	0.74327	0.72813	0.46381	0.45518	0.21291	0.21054	0.21554	0.21791	0.46018	0.46881	0.73313	0.74827
254	0.74462	0.72822	0.46468	0.45521	0.21329	0.21056	0.21556	0.21829	0.46021	0.46968	0.73322	0.74962
255	0.74607	0.72873	0.46562	0.4555	0.21373	0.21071	0.21571	0.21873	0.4605	0.47062	0.73373	0.75107
256	0.74758	0.72962	0.46661	0.45606	0.21421	0.21098	0.21598	0.21921	0.46106	0.47161	0.73462	0.75258
257	0.7491	0.73087	0.46762	0.45684	0.21472	0.21135	0.21635	0.21972	0.46184	0.47262	0.73587	0.7541
258	0.75061	0.73243	0.46863	0.45783	0.21525	0.21181	0.21681	0.22025	0.46283	0.47363	0.73743	0.75561
259	0.75206	0.73423	0.46961	0.45898	0.21579	0.21233	0.21733	0.22079	0.46398	0.47461	0.73923	0.75706
260	0.75341	0.73623	0.47053	0.46024	0.21632	0.21289	0.21789	0.22132	0.46524	0.47553	0.74123	0.75841
261	0.75463	0.73834	0.47137	0.46158	0.21683	0.21348	0.21848	0.22183	0.46658	0.47637	0.74334	0.75963
262	0.75568	0.74051	0.47212	0.46295	0.21729	0.21406	0.21906	0.22229	0.46795	0.47712	0.74551	0.76068
263	0.75653	0.74266	0.47273	0.46431	0.21771	0.21463	0.21963	0.22271	0.46931	0.47773	0.74766	0.76153
265	0.75715	0.74475	0.4732	0.46562	0.21805	0.21516	0.22016	0.22305	0.47062	0.4782	0.74975	0.76215
266	0.7575	0.74671	0.47349	0.46685	0.21831	0.21566	0.22066	0.22331	0.47185	0.47849	0.75171	0.7625
267	0.75755	0.7485	0.4736	0.46796	0.21847	0.2161	0.2211	0.22347	0.47296	0.4786	0.7535	0.76255
268	0.75729	0.75008	0.4735	0.46894	0.21852	0.21648	0.22148	0.22352	0.47394	0.4785	0.75508	0.76229
269	0.75671	0.75141	0.47319	0.46978	0.21846	0.21681	0.22181	0.22346	0.47478	0.47819	0.75641	0.76171
270	0.7558	0.75248	0.47267	0.47045	0.21829	0.21707	0.22207	0.22329	0.47545	0.47767	0.75748	0.7608
271	0.75459	0.75327	0.47194	0.47094	0.218	0.21727	0.22227	0.223	0.47594	0.47694	0.75827	0.75959
272	0.75308	0.75375	0.471	0.47126	0.2176	0.21741	0.22241	0.2226	0.47626	0.476	0.75875	0.75808
273	0.75132	0.75392	0.46989	0.47139	0.21709	0.21747	0.22247	0.22209	0.47639	0.47489	0.75892	0.75632
274	0.74934	0.75376	0.46863	0.47133	0.2165	0.21746	0.22246	0.2215	0.47633	0.47363	0.75876	0.75434
275	0.7472	0.75329	0.46724	0.47107	0.21582	0.21738	0.22238	0.22082	0.47607	0.47224	0.75829	0.7522
276	0.74495	0.75249	0.46578	0.47062	0.2151	0.21722	0.22222	0.2201	0.47562	0.47078	0.75749	0.74995
277	0.74268	0.75139	0.46428	0.46998	0.21434	0.21698	0.22198	0.21934	0.47498	0.46928	0.75639	0.74768
278	0.74044	0.74999	0.46278	0.46916	0.21356	0.21666	0.22166	0.21856	0.47416	0.46778	0.75499	0.74544
279	0.73831	0.74834	0.46135	0.46817	0.2128	0.21627	0.22127	0.2178	0.47317	0.46635	0.75334	0.74331
280	0.73636	0.74645	0.46001	0.46703	0.21207	0.2158	0.2208	0.21707	0.47203	0.46501	0.75145	0.74136
281	0.73464	0.74439	0.45883	0.46577	0.2114	0.21527	0.22027	0.2164	0.47077	0.46383	0.74939	0.73964
282	0.73322	0.74221	0.45782	0.46442	0.2108	0.2147	0.2197	0.2158	0.46942	0.46282	0.74721	0.73822
283	0.73213	0.73998	0.45703	0.46302	0.2103	0.21409	0.21909	0.2153	0.46802	0.46203	0.74498	0.73713
284	0.7314	0.73778	0.45647	0.46163	0.20991	0.21348	0.21848	0.21491	0.46663	0.46147	0.74278	0.7364
286	0.73106	0.73568	0.45616	0.46029	0.20964	0.21289	0.21789	0.21464	0.46529	0.46116	0.74068	0.73606
287	0.73107	0.73376	0.4561	0.45905	0.20949	0.21234	0.21734	0.21449	0.46405	0.4611	0.73876	0.73607
288	0.73144	0.7321	0.45628	0.45796	0.20946	0.21185	0.21685	0.21446	0.46296	0.46128	0.7371	0.73644
289	0.73213	0.73076	0.45668	0.45707	0.20956	0.21146	0.21646	0.21456	0.46207	0.46168	0.73576	0.73713
290	0.73312	0.72982	0.45729	0.45643	0.20978	0.21117	0.21617	0.21478	0.46143	0.46229	0.73482	0.73812
291	0.73435	0.7293	0.45808	0.45606	0.2101	0.21101	0.21601	0.2151	0.46106	0.46308	0.7343	0.73935
292	0.73577	0.72923	0.45901	0.45598	0.21052	0.21099	0.21599	0.21552	0.46098	0.46401	0.73423	0.74077
293	0.73733	0.72962	0.46005	0.4562	0.21102	0.21111	0.21611	0.21602	0.4612	0.46505	0.73462	0.74233
294	0.73898	0.73046	0.46116	0.45671	0.21159	0.21136	0.21636	0.21659	0.46171	0.46616	0.73546	0.74398
295	0.74065	0.73172	0.46231	0.4575	0.2122	0.21174	0.21674	0.2172	0.4625	0.46731	0.73672	0.74565
296	0.74231	0.73334	0.46346	0.45853	0.21283	0.21223	0.21723	0.21783	0.46353	0.46846	0.73834	0.74731
297	0.74391	0.73526	0.46457	0.45976	0.21348	0.21281	0.21781	0.21848	0.46476	0.46957	0.74026	0.74891
298	0.7454	0.73741	0.46563	0.46115	0.21412	0.21345	0.21845	0.21912	0.46615	0.47063	0.74241	0.7504
299	0.74677	0.73972	0.4666	0.46264	0.21473	0.21414	0.21914	0.21973	0.46764	0.4716	0.74472	0.75177
300	0.74797	0.74211	0.46748	0.46418	0.21531	0.21485	0.21985	0.22031	0.46918	0.47248	0.74711	0.75297
301	0.749	0.74449	0.46823	0.46573	0.21583	0.21554	0.22054	0.22083	0.47073	0.47323	0.74949	0.754
302	0.74983	0.74681	0.46885	0.46723	0.21629	0.21621	0.22121	0.22129	0.47223	0.47385	0.75181	0.75483
303	0.75045	0.74901	0.46934	0.46864	0.21667	0.21683	0.22183	0.22167	0.47364	0.47434	0.75401	0.75545
304	0.75085	0.75103	0.46968	0.46995	0.21697	0.21739	0.22239	0.22197	0.47495	0.47468	0.75603	0.75585
305	0.75104	0.75285	0.46986	0.47111	0.21719	0.21788	0.22288	0.22219	0.47611	0.47486	0.75785	0.75604
307	0.751	0.75444	0.46991	0.47213	0.21732	0.2183	0.2233	0.22232	0.47713	0.47491	0.75944	0.756
308	0.75072	0.75579	0.46978	0.47298	0.21736	0.21864	0.22364	0.22236	0.47798	0.47478	0.76079	0.75572
309	0.7502	0.7569	0.4695	0.47367	0.2173	0.21891	0.22391	0.2223	0.47867	0.4745	0.7619	0.7552
310	0.74945	0.75776	0.46906	0.47421	0.21715	0.2191	0.2241	0.22215	0.47921	0.47406	0.76276	0.75445
311	0.74847	0.75838	0.46846	0.4746	0.21692	0.21924	0.22424	0.22192	0.4796	0.47346	0.76338	0.75347
312	0.74727	0.75877	0.46772	0.47483	0.21659	0.21931	0.22431	0.22159	0.47983	0.47272	0.76377	0.75227
313	0.74586	0.75892	0.46683	0.47493	0.21619	0.21933	0.22433	0.22119	0.47993	0.47183	0.76392	0.75086
314	0.74426	0.75884	0.46582	0.47488	0.21572	0.21928	0.22428	0.22072	0.47988	0.47082	0.76384	0.74926
315	0.74249	0.75852	0.46469	0.47469	0.21518	0.21919	0.22419	0.22018	0.47969	0.46969	0.76352	0.74749
316	0.7406	0.75796	0.46347	0.47435	0.21458	0.21903	0.22403	0.21958	0.47935	0.46847	0.76296	0.7456
317	0.73862	0.75714	0.46219	0.47386	0.21395	0.21881	0.22381	0.21895	0.47886	0.46719	0.76214	0.74362
318	0.73659	0.75608	0.46087	0.47321	0.21329	0.21852	0.22352	0.21829	0.47821	0.46587	0.76108	0.74159
319	0.73457	0.75476	0.45954	0.4724	0.21262	0.21816	0.22316	0.21762	0.4774	0.46454	0.75976	0.73957
320	0.73261	0.75319	0.45824	0.47143	0.21196	0.21772	0.22272	0.21696	0.47643	0.46324	0.75819	0.73761
321	0.73077	0.75139	0.45702	0.4703	0.21132	0.21721	0.22221	0.21632	0.4753	0.46202	0.75639	0.73577
322	0.72911	0.74939	0.4559	0.46904	0.21073	0.21664	0.22164	0.21573	0.47404	0.4609	0.75439	0.73411
323	0.72766	0.74724	0.45492	0.46767	0.2102	0.216	0.221	0.2152	0.47267	0.45992	0.75224	0.73266
324	0.72649	0.74498	0.45411	0.46623	0.20975	0.21533	0.22033	0.21475	0.47123	0.45911	0.74998	0.73149
325	0.72562	0.74268	0.45349	0.46475	0.20939	0.21463	0.21963	0.21439	0.46975	0.45849	0.74768	0.73062
326	0.72508	0.74044	0.4531	0.46329	0.20914	0.21393	0.21893	0.21414	0.46829	0.4581	0.74544	0.73008
328	0.72491	0.73832	0.45294	0.46191	0.20901	0.21326	0.21826	0.21401	0.46691	0.45794	0.74332	0.72991
329	0.72507	0.73642	0.453	0.46066	0.209	0.21265	0.21765	0.214	0.46566	0.458	0.74142	0.73007
330	0.72557	0.73481	0.45328	0.4596	0.2091	0.21213	0.21713	0.2141	0.4646	0.45828	0.73981	0.73057
331	0.72639	0.73358	0.45378	0.45878	0.20931	0.21172	0.21672	0.21431	0.46378	0.45878	0.73858	0.73139
332	0.7275	0.73279	0.45447	0.45825	0.20963	0.21145	0.21645	0.21463	0.46325	0.45947	0.73779	0.7325
333	0.72886	0.73247	0.45533	0.45804	0.21005	0.21133	0.21633	0.21505	0.46304	0.46033	0.73747	0.73386
334	0.73041	0.73265	0.45632	0.45816	0.21054	0.21138	0.21638	0.21554	0.46316	0.46132	0.73765	0.73541
335	0.73211	0.73334	0.45741	0.45862	0.2111	0.21159	0.21659	0.2161	0.46362	0.46241	0.73834	0.73711
336	0.7339	0.7345	0.45856	0.45939	0.21169	0.21196	0.21696	0.21669	0.46439	0.46356	0.7395	0.7389
337	0.73573	0.73609	0.45975	0.46046	0.21232	0.21248	0.21748	0.21732	0.46546	0.46475	0.74109	0.74073
338	0.73756	0.73806	0.46093	0.46177	0.21295	0.21311	0.21811	0.21795	0.46677	0.46593	0.74306	0.74256
339	0.73932	0.74031	0.46209	0.46327	0.21357	0.21384	0.21884	0.21857	0.46827	0.46709	0.74531	0.74432
340	0.74099	0.74276	0.46318	0.4649	0.21416	0.21462	0.21962	0.21916	0.4699	0.46818	0.74776	0.74599
341	0.74253	0.74533	0.46419	0.46659	0.21471	0.21543	0.22043	0.21971	0.47159	0.46919	0.75033	0.74753
342	0.74392	0.74791	0.4651	0.46829	0.21522	0.21622	0.22122	0.22022	0.47329	0.4701	0.75291	0.74892
343	0.74512	0.75042	0.4659	0.46993	0.21567	0.21698	0.22198	0.22067	0.47493	0.4709	0.75542	0.75012
344	0.74612	0.7528	0.46657	0.47146	0.21605	0.21767	0.22267	0.22105	0.47646	0.47157	0.7578	0.75112
345	0.74691	0.75497	0.46711	0.47285	0.21636	0.21827	0.22327	0.22136	0.47785	0.47211	0.75997	0.75191
346	0.74749	0.75691	0.46751	0.47407	0.2166	0.21878	0.22378	0.2216	0.47907	0.47251	0.76191	0.75249
347	0.74783	0.75858	0.46777	0.4751	0.21677	0.21918	0.22418	0.22177	0.4801	0.47277	0.76358	0.75283
349	0.74795	0.75997	0.46789	0.47594	0.21686	0.21949	0.22449	0.22186	0.48094	0.47289	0.76497	0.75295
350	0.74782	0.76109	0.46784	0.4766	0.21686	0.2197	0.2247	0.22186	0.4816	0.47284	0.76609	0.75282
351	0.74744	0.76194	0.46764	0.47709	0.21678	0.21984	0.22484	0.22178	0.48209	0.47264	0.76694	0.75244
352	0.74682	0.76255	0.46727	0.47742	0.21662	0.21991	0.22491	0.22162	0.48242	0.47227	0.76755	0.75182
353	0.74596	0.76294	0.46674	0.47763	0.21637	0.21993	0.22493	0.22137	0.48263	0.47174	0.76794	0.75096
354	0.74485	0.76313	0.46606	0.47772	0.21604	0.21993	0.22493	0.22104	0.48272	0.47106	0.76813	0.74985
355	0.74351	0.76313	0.46521	0.47772	0.21562	0.2199	0.2249	0.22062	0.48272	0.47021	0.76813	0.74851
356	0.74196	0.76296	0.46422	0.47762	0.21513	0.21986	0.22486	0.22013	0.48262	0.46922	0.76796	0.74696
357	0.74021	0.7626	0.46309	0.47744	0.21456	0.21981	0.22481	0.21956	0.48244	0.46809	0.7676	0.74521
358	0.73831	0.76206	0.46185	0.47716	0.21393	0.21974	0.22474	0.21893	0.48216	0.46685	0.76706	0.74331
359	0.73629	0.76133	0.46052	0.47678	0.21324	0.21965	0.22465	0.21824	0.48178	0.46552	0.76633	0.74129
360	0.73419	0.76039	0.45914	0.47627	0.21252	0.21952	0.22452	0.21752	0.48127	0.46414	0.76539	0.73919
361	0.73208	0.75923	0.45773	0.47564	0.21178	0.21935	0.22435	0.21678	0.48064	0.46273	0.76423	0.73708
362	0.73001	0.75784	0.45634	0.47486	0.21104	0.21912	0.22412	0.21604	0.47986	0.46134	0.76284	0.73501
363	0.72804	0.75622	0.45501	0.47393	0.21033	0.21883	0.22383	0.21533	0.47893	0.46001	0.76122	0.73304
364	0.72624	0.7544	0.45378	0.47286	0.20966	0.21845	0.22345	0.21466	0.47786	0.45878	0.7594	0.73124
365	0.72467	0.75238	0.4527	0.47166	0.20906	0.21801	0.22301	0.21406	0.47666	0.4577	0.75738	0.72967
366	0.72337	0.75023	0.4518	0.47035	0.20855	0.21749	0.22249	0.21355	0.47535	0.4568	0.75523	0.72837
367	0.72241	0.748	0.45111	0.46896	0.20814	0.21692	0.22192	0.21314	0.47396	0.45611	0.753	0.72741
368	0.72181	0.74576	0.45066	0.46755	0.20785	0.21632	0.22132	0.21285	0.47255	0.45566	0.75076	0.72681
370	0.72161	0.74358	0.45048	0.46617	0.20769	0.21572	0.22072	0.21269	0.47117	0.45548	0.74858	0.72661
371	0.72179	0.74156	0.45054	0.46487	0.20766	0.21513	0.22013	0.21266	0.46987	0.45554	0.74656	0.72679
372	0.72235	0.73978	0.45086	0.46372	0.20776	0.21459	0.21959	0.21276	0.46872	0.45586	0.74478	0.72735
373	0.72328	0.73831	0.45142	0.46276	0.20798	0.21414	0.21914	0.21298	0.46776	0.45642	0.74331	0.72828
374	0.72455	0.73724	0.45221	0.46205	0.20833	0.2138	0.2188	0.21333	0.46705	0.45721	0.74224	0.72955
375	0.72611	0.7366	0.45319	0.46163	0.20877	0.2136	0.2186	0.21377	0.46663	0.45819	0.7416	0.73111
376	0.72791	0.73644	0.45433	0.46152	0.20931	0.21355	0.21855	0.21431	0.46652	0.45933	0.74144	0.73291
377	0.72988	0.73676	0.45559	0.46174	0.20992	0.21365	0.21865	0.21492	0.46674	0.46059	0.74176	0.73488
378	0.73198	0.73756	0.45694	0.46227	0.21058	0.21392	0.21892	0.21558	0.46727	0.46194	0.74256	0.73698
379	0.73414	0.7388	0.45832	0.46311	0.21127	0.21433	0.21933	0.21627	0.46811	0.46332	0.7438	0.73914
380	0.7363	0.74044	0.45971	0.4642	0.21197	0.21487	0.21987	0.21697	0.4692	0.46471	0.74544	0.7413
381	0.73841	0.74239	0.46107	0.46552	0.21267	0.21552	0.22052	0.21767	0.47052	0.46607	0.74739	0.74341
382	0.74041	0.7446	0.46237	0.467	0.21334	0.21626	0.22126	0.21834	0.472	0.46737	0.7496	0.74541
383	0.74227	0.74696	0.46357	0.46859	0.21398	0.21704	0.22204	0.21898	0.47359	0.46857	0.75196	0.74727
384	0.74395	0.7494	0.46467	0.47022	0.21457	0.21785	0.22285	0.21957	0.47522	0.46967	0.7544	0.74895
385	0.74542	0.75184	0.46564	0.47185	0.21511	0.21865	0.22365	0.22011	0.47685	0.47064	0.75684	0.75042
386	0.74667	0.7542	0.46646	0.47343	0.21558	0.21941	0.22441	0.22058	0.47843	0.47146	0.7592	0.75167
387	0.74767	0.75642	0.46713	0.4749	0.21597	0.22013	0.22513	0.22097	0.4799	0.47213	0.76142	0.75267
388	0.74842	0.75845	0.46765	0.47625	0.21629	0.22078	0.22578	0.22129	0.48125	0.47265	0.76345	0.75342
389	0.7489	0.76026	0.468	0.47745	0.21652	0.22135	0.22635	0.22152	0.48245	0.473	0.76526	0.7539
391	0.74914	0.76184	0.46819	0.47849	0.21668	0.22185	0.22685	0.22168	0.48349	0.47319	0.76684	0.75414
392	0.74908	0.76315	0.4682	0.47935	0.21674	0.22226	0.22726	0.22174	0.48435	0.4732	0.76815	0.75408
393	0.74875	0.76422	0.46804	0.48005	0.21671	0.2226	0.2276	0.22171	0.48505	0.47304	0.76922	0.75375
394	0.74815	0.76503	0.4677	0.48059	0.21659	0.22287	0.22787	0.22159	0.48559	0.4727	0.77003	0.75315
395	0.74727	0.7656	0.46718	0.48098	0.21638	0.22307	0.22807	0.22138	0.48598	0.47218	0.7706	0.75227
396	0.74612	0.76592	0.46649	0.48122	0.21607	0.22321	0.22821	0.22107	0.48622	0.47149	0.77092	0.75112
397	0.74471	0.76602	0.46563	0.48132	0.21568	0.22329	0.22829	0.22068	0.48632	0.47063	0.77102	0.74971
398	0.74306	0.76587	0.4646	0.48127	0.2152	0.22331	0.22831	0.2202	0.48627	0.4696	0.77087	0.74806
399	0.74119	0.76548	0.46342	0.48107	0.21464	0.22325	0.22825	0.21964	0.48607	0.46842	0.77048	0.74619
400	0.73914	0.76485	0.46212	0.48071	0.21401	0.22313	0.22813	0.21901	0.48571	0.46712	0.76985	0.74414
401	0.73694	0.76395	0.4607	0.4802	0.21333	0.22293	0.22793	0.21833	0.4852	0.4657	0.76895	0.74194
402	0.73464	0.76279	0.45921	0.4795	0.21261	0.22263	0.22763	0.21761	0.4845	0.46421	0.76779	0.73964
403	0.7323	0.76136	0.45769	0.47863	0.21186	0.22225	0.22725	0.21686	0.48363	0.46269	0.76636	0.7373
404	0.72997	0.75966	0.45616	0.47758	0.21111	0.22177	0.22677	0.21611	0.48258	0.46116	0.76466	0.73497
405	0.72774	0.75771	0.45468	0.47636	0.21037	0.2212	0.2262	0.21537	0.48136	0.45968	0.76271	0.73274
406	0.72566	0.75554	0.45329	0.47497	0.20966	0.22054	0.22554	0.21466	0.47997	0.45829	0.76054	0.73066
407	0.72379	0.75317	0.45204	0.47345	0.20902	0.21981	0.22481	0.21402	0.47845	0.45704	0.75817	0.72879
408	0.72221	0.75068	0.45096	0.47182	0.20844	0.21902	0.22402	0.21344	0.47682	0.45596	0.75568	0.72721
409	0.72097	0.74811	0.4501	0.47013	0.20796	0.21819	0.22319	0.21296	0.47513	0.4551	0.75311	0.72597
410	0.7201	0.74556	0.44948	0.46843	0.20758	0.21735	0.22235	0.21258	0.47343	0.45448	0.75056	0.7251
412	0.71966	0.7431	0.44913	0.46679	0.20733	0.21654	0.22154	0.21233	0.47179	0.45413	0.7481	0.72466
413	0.71962	0.74081	0.44904	0.46525	0.20719	0.21578	0.22078	0.21219	0.47025	0.45404	0.74581	0.72462
414	0.72	0.73879	0.44922	0.46387	0.20718	0.2151	0.2201	0.21218	0.46887	0.45422	0.74379	0.725
415	0.72079	0.73711	0.44967	0.4627	0.20728	0.21452	0.21952	0.21228	0.4677	0.45467	0.74211	0.72579
416	0.72195	0.73582	0.45035	0.4618	0.20751	0.21407	0.21907	0.21251	0.4668	0.45535	0.74082	0.72695
417	0.72345	0.735	0.45125	0.4612	0.20784	0.21377	0.21877	0.21284	0.4662	0.45625	0.74	0.72845
418	0.72522	0.73465	0.45232	0.46093	0.20826	0.21363	0.21863	0.21326	0.46593	0.45732	0.73965	0.73022
419	0.72721	0.7348	0.45354	0.46099	0.20876	0.21364	0.21864	0.21376	0.46599	0.45854	0.7398	0.73221
420	0.72936	0.73543	0.45485	0.46137	0.20933	0.2138	0.2188	0.21433	0.46637	0.45985	0.74043	0.73436
421	0.7316	0.73651	0.45622	0.46206	0.20994	0.2141	0.2191	0.21494	0.46706	0.46122	0.74151	0.7366
422	0.73386	0.738	0.4576	0.46302	0.21058	0.21453	0.21953	0.21558	0.46802	0.4626	0.743	0.73886
423	0.7361	0.73983	0.45897	0.46422	0.21124	0.21506	0.22006	0.21624	0.46922	0.46397	0.74483	0.7411
424	0.73825	0.74194	0.46029	0.46561	0.2119	0.21567	0.22067	0.2169	0.47061	0.46529	0.74694	0.74325
425	0.74028	0.74423	0.46154	0.46712	0.21255	0.21633	0.22133	0.21755	0.47212	0.46654	0.74923	0.74528
426	0.74214	0.74663	0.46269	0.46871	0.21317	0.21703	0.22203	0.21817	0.47371	0.46769	0.75163	0.74714
427	0.74381	0.74906	0.46373	0.47032	0.21376	0.21774	0.22274	0.21876	0.47532	0.46873	0.75406	0.74881
428	0.74527	0.75146	0.46464	0.47191	0.2143	0.21843	0.22343	0.2193	0.47691	0.46964	0.75646	0.75027
429	0.74649	0.75375	0.46543	0.47343	0.2148	0.21911	0.22411	0.2198	0.47843	0.47043	0.75875	0.75149
430	0.74747	0.7559	0.46608	0.47485	0.21523	0.21974	0.22474	0.22023	0.47985	0.47108	0.7609	0.75247
431	0.7482	0.75785	0.46658	0.47614	0.21559	0.22033	0.22533	0.22059	0.48114	0.47158	0.76285	0.7532
433	0.74867	0.75959	0.46694	0.47729	0.21587	0.22087	0.22587	0.22087	0.48229	0.47194	0.76459	0.75367
434	0.74884	0.7611	0.46713	0.47828	0.21607	0.22135	0.22635	0.22107	0.48328	0.47213	0.7661	0.75384
435	0.74873	0.76236	0.46715	0.47911	0.21616	0.22178	0.22678	0.22116	0.48411	0.47215	0.76736	0.75373
436	0.74833	0.76339	0.46698	0.47979	0.21616	0.22215	0.22715	0.22116	0.48479	0.47198	0.76839	0.75333
437	0.74762	0.76416	0.46662	0.4803	0.21605	0.22245	0.22745	0.22105	0.4853	0.47162	0.76916	0.75262
438	0.7466	0.7647	0.46607	0.48066	0.21582	0.2227	0.2277	0.22082	0.48566	0.47107	0.7697	0.7516
439	0.74528	0.76501	0.46532	0.48087	0.21548	0.22288	0.22788	0.22048	0.48587	0.47032	0.77001	0.75028
440	0.74367	0.76507	0.46437	0.48092	0.21502	0.22298	0.22798	0.22002	0.48592	0.46937	0.77007	0.74867
441	0.74179	0.76489	0.46323	0.48082	0.21447	0.22301	0.22801	0.21947	0.48582	0.46823	0.76989	0.74679
442	0.73966	0.76448	0.46192	0.48057	0.21381	0.22296	0.22796	0.21881	0.48557	0.46692	0.76948	0.74466
443	0.73735	0.76381	0.46047	0.48015	0.21308	0.22281	0.22781	0.21808	0.48515	0.46547	0.76881	0.74235
444	0.73489	0.7629	0.4589	0.47957	0.21229	0.22257	0.22757	0.21729	0.48457	0.4639	0.7679	0.73989
445	0.73235	0.76173	0.45727	0.47883	0.21145	0.22224	0.22724	0.21645	0.48383	0.46227	0.76673	0.73735
446	0.72982	0.76032	0.45563	0.47793	0.21061	0.22182	0.22682	0.21561	0.48293	0.46063	0.76532	0.73482
447	0.72738	0.75868	0.45402	0.47687	0.20978	0.22131	0.22631	0.21478	0.48187	0.45902	0.76368	0.73238
448	0.7251	0.75684	0.45251	0.47567	0.20899	0.22071	0.22571	0.21399	0.48067	0.45751	0.76184	0.7301
449	0.72307	0.75483	0.45115	0.47435	0.20827	0.22006	0.22506	0.21327	0.47935	0.45615	0.75983	0.72807
450	0.72137	0.75269	0.45	0.47294	0.20765	0.21935	0.22435	0.21265	0.47794	0.455	0.75769	0.72637
451	0.72006	0.75048	0.44909	0.47148	0.20714	0.21862	0.22362	0.21214	0.47648	0.45409	0.75548	0.72506
452	0.71919	0.74827	0.44846	0.47	0.20676	0.21789	0.22289	0.21176	0.475	0.45346	0.75327	0.72419
454	0.71882	0.74612	0.44816	0.46857	0.20653	0.21718	0.22218	0.21153	0.47357	0.45316	0.75112	0.72382
455	0.71892	0.74412	0.44815	0.46722	0.20644	0.21651	0.22151	0.21144	0.47222	0.45315	0.74912	0.72392
456	0.71951	0.74233	0.44846	0.46601	0.2065	0.21591	0.22091	0.2115	0.47101	0.45346	0.74733	0.72451
457	0.72056	0.74082	0.44907	0.46497	0.2067	0.2154	0.2204	0.2117	0.46997	0.45407	0.74582	0.72556
458	0.72203	0.73965	0.44995	0.46416	0.20703	0.21499	0.21999	0.21203	0.46916	0.45495	0.74465	0.72703
459	0.72386	0.73887	0.45106	0.46359	0.20748	0.21469	0.21969	0.21248	0.46859	0.45606	0.74387	0.72886
460	0.726	0.73851	0.45236	0.46331	0.20803	0.21452	0.21952	0.21303	0.46831	0.45736	0.74351	0.731
461	0.72835	0.73859	0.45381	0.46331	0.20865	0.21448	0.21948	0.21365	0.46831	0.45881	0.74359	0.73335
462	0.73085	0.7391	0.45534	0.46359	0.20934	0.21456	0.21956	0.21434	0.46859	0.46034	0.7441	0.73585
463	0.73342	0.74002	0.45692	0.46415	0.21006	0.21476	0.21976	0.21506	0.46915	0.46192	0.74502	0.73842
464	0.73598	0.74132	0.45849	0.46496	0.2108	0.21506	0.22006	0.2158	0.46996	0.46349	0.74632	0.74098
465	0.73846	0.74295	0.46002	0.46599	0.21154	0.21546	0.22046	0.21654	0.47099	0.46502	0.74795	0.74346
466	0.74082	0.74484	0.46148	0.46719	0.21227	0.21593	0.22093	0.21727	0.47219	0.46648	0.74984	0.74582
467	0.74299	0.74694	0.46283	0.46853	0.21297	0.21646	0.22146	0.21797	0.47353	0.46783	0.75194	0.74799
468	0.74495	0.74916	0.46406	0.46995	0.21362	0.21704	0.22204	0.21862	0.47495	0.46906	0.75416	0.74995
469	0.74666	0.75143	0.46514	0.47142	0.21423	0.21764	0.22264	0.21923	0.47642	0.47014	0.75643	0.75166
470	0.7481	0.7537	0.46607	0.47287	0.21477	0.21825	0.22325	0.21977	0.47787	0.47107	0.7587	0.7531
471	0.74925	0.75588	0.46684	0.47428	0.21524	0.21886	0.22386	0.22024	0.47928	0.47184	0.76088	0.75425
472	0.7501	0.75793	0.46744	0.4756	0.21563	0.21945	0.22445	0.22063	0.4806	0.47244	0.76293	0.7551
473	0.75064	0.7598	0.46786	0.47681	0.21593	0.22	0.225	0.22093	0.48181	0.47286	0.7648	0.75564
475	0.75089	0.76145	0.46811	0.47788	0.21615	0.22051	0.22551	0.22115	0.48288	0.47311	0.76645	0.75589
476	0.75079	0.76285	0.46816	0.47878	0.21626	0.22097	0.22597	0.22126	0.48378	0.47316	0.76785	0.75579
477	0.75037	0.76398	0.468	0.4795	0.21626	0.22136	0.22636	0.22126	0.4845	0.473	0.76898	0.75537
478	0.74962	0.76483	0.46765	0.48004	0.21615	0.22167	0.22667	0.22115	0.48504	0.47265	0.76983	0.75462
479	0.74854	0.76539	0.46708	0.48039	0.21593	0.22191	0.22691	0.22093	0.48539	0.47208	0.77039	0.75354
480	0.74715	0.76565	0.46632	0.48055	0.2156	0.22205	0.22705	0.2206	0.48555	0.47132	0.77065	0.75215
481	0.74546	0.76562	0.46535	0.48052	0.21516	0.2221	0.2271	0.22016	0.48552	0.47035	0.77062	0.75046
482	0.7435	0.76531	0.4642	0.48029	0.21462	0.22205	0.22705	0.21962	0.48529	0.4692	0.77031	0.7485
483	0.74132	0.76471	0.46289	0.47989	0.21399	0.2219	0.2269	0.21899	0.48489	0.46789	0.76971	0.74632
484	0.73896	0.76385	0.46145	0.4793	0.21329	0.22164	0.22664	0.21829	0.4843	0.46645	0.76885	0.74396
485	0.73648	0.76273	0.45991	0.47854	0.21254	0.22129	0.22629	0.21754	0.48354	0.46491	0.76773	0.74148
486	0.73397	0.76138	0.45834	0.47763	0.21177	0.22084	0.22584	0.21677	0.48263	0.46334	0.76638	0.73897
487	0.73151	0.75981	0.45677	0.47658	0.21099	0.22031	0.22531	0.21599	0.48158	0.46177	0.76481	0.73651
488	0.72917	0.75806	0.45527	0.4754	0.21025	0.21971	0.22471	0.21525	0.4804	0.46027	0.76306	0.73417
489	0.72706	0.75616	0.4539	0.47412	0.20956	0.21905	0.22405	0.21456	0.47912	0.4589	0.76116	0.73206
490	0.72525	0.75416	0.4527	0.47278	0.20895	0.21835	0.22335	0.21395	0.47778	0.4577	0.75916	0.73025
491	0.72381	0.75211	0.45174	0.4714	0.20845	0.21763	0.22263	0.21345	0.4764	0.45674	0.75711	0.72881
492	0.72281	0.75005	0.45106	0.47001	0.20808	0.21692	0.22192	0.21308	0.47501	0.45606	0.75505	0.72781
493	0.7223	0.74806	0.45067	0.46867	0.20784	0.21623	0.22123	0.21284	0.47367	0.45567	0.75306	0.7273
494	0.72229	0.74618	0.45062	0.46741	0.20776	0.21559	0.22059	0.21276	0.47241	0.45562	0.75118	0.72729
496	0.72281	0.74448	0.4509	0.46627	0.20784	0.21501	0.22001	0.21284	0.47127	0.4559	0.74948	0.72781
497	0.72381	0.74302	0.45148	0.46528	0.20807	0.21452	0.21952	0.21307	0.47028	0.45648	0.74802	0.72881
498	0.72526	0.74184	0.45236	0.46449	0.20843	0.21413	0.21913	0.21343	0.46949	0.45736	0.74684	0.73026
499	0.72712	0.74098	0.4535	0.4639	0.20892	0.21385	0.21885	0.21392	0.4689	0.4585	0.74598	0.73212
500	0.7293	0.74048	0.45486	0.46355	0.20951	0.21369	0.21869	0.21451	0.46855	0.45986	0.74548	0.7343
501	0.73173	0.74034	0.45637	0.46345	0.21018	0.21365	0.21865	0.21518	0.46845	0.46137	0.74534	0.73673
502	0.73433	0.74057	0.458	0.46359	0.21091	0.21373	0.21873	0.21591	0.46859	0.463	0.74557	0.73933
503	0.737	0.74116	0.45967	0.46397	0.21167	0.21392	0.21892	0.21667	0.46897	0.46467	0.74616	0.742
504	0.73968	0.74208	0.46135	0.46456	0.21243	0.21422	0.21922	0.21743	0.46956	0.46635	0.74708	0.74468
505	0.74227	0.7433	0.46297	0.46535	0.21317	0.21461	0.21961	0.21817	0.47035	0.46797	0.7483	0.74727
506	0.74471	0.74475	0.46451	0.4663	0.21387	0.21507	0.22007	0.21887	0.4713	0.46951	0.74975	0.74971
507	0.74697	0.7464	0.46593	0.46737	0.21452	0.21559	0.22059	0.21952	0.47237	0.47093	0.7514	0.75197
508	0.74899	0.74817	0.4672	0.46853	0.2151	0.21616	0.22116	0.2201	0.47353	0.4722	0.75317	0.75399
509	0.75075	0.75001	0.46831	0.46973	0.21561	0.21674	0.22174	0.22061	0.47473	0.47331	0.75501	0.75575
510	0.75224	0.75186	0.46926	0.47094	0.21604	0.21733	0.22233	0.22104	0.47594	0.47426	0.75686	0.75724
511	0.75344	0.75367	0.47003	0.47211	0.21639	0.21791	0.22291	0.22139	0.47711	0.47503	0.75867	0.75844
512	0.75438	0.75538	0.47064	0.47322	0.21667	0.21846	0.22346	0.22167	0.47822	0.47564	0.76038	0.75938
513	0.75503	0.75695	0.47109	0.47425	0.21688	0.21897	0.22397	0.22188	0.47925	0.47609	0.76195	0.76003
514	0.75542	0.75837	0.47138	0.47517	0.21702	0.21943	0.22443	0.22202	0.48017	0.47638	0.76337	0.76042
515	0.75554	0.75959	0.47151	0.47597	0.2171	0.21983	0.22483	0.2221	0.48097	0.47651	0.76459	0.76054
517	0.75542	0.76062	0.47151	0.47664	0.21713	0.22017	0.22517	0.22213	0.48164	0.47651	0.76562	0.76042
518	0.75502	0.76143	0.47133	0.47717	0.21709	0.22044	0.22544	0.22209	0.48217	0.47633	0.76643	0.76002
519	0.75434	0.76203	0.471	0.47756	0.21699	0.22065	0.22565	0.22199	0.48256	0.476	0.76703	0.75934
520	0.7534	0.76243	0.4705	0.47782	0.21683	0.22078	0.22578	0.22183	0.48282	0.4755	0.76743	0.7584
521	0.75218	0.76261	0.46984	0.47794	0.2166	0.22084	0.22584	0.2216	0.48294	0.47484	0.76761	0.75718
522	0.75068	0.76259	0.469	0.47794	0.2163	0.22083	0.22583	0.2213	0.48294	0.474	0.76759	0.75568
523	0.74891	0.76237	0.46799	0.4778	0.21593	0.22075	0.22575	0.22093	0.4828	0.47299	0.76737	0.75391
524	0.74688	0.76195	0.46681	0.47753	0.21549	0.22061	0.22561	0.22049	0.48253	0.47181	0.76695	0.75188
525	0.74462	0.76133	0.46548	0.47713	0.21496	0.2204	0.2254	0.21996	0.48213	0.47048	0.76633	0.74962
526	0.74217	0.76052	0.46402	0.4766	0.21437	0.22013	0.22513	0.21937	0.4816	0.46902	0.76552	0.74717
527	0.73958	0.75952	0.46245	0.47594	0.21372	0.21979	0.22479	0.21872	0.48094	0.46745	0.76452	0.74458
528	0.73691	0.75833	0.46083	0.47516	0.21303	0.21939	0.22439	0.21803	0.48016	0.46583	0.76333	0.74191
529	0.73425	0.75697	0.45918	0.47426	0.2123	0.21894	0.22394	0.2173	0.47926	0.46418	0.76197	0.73925
530	0.73166	0.75546	0.45758	0.47326	0.21157	0.21844	0.22344	0.21657	0.47826	0.46258	0.76046	0.73666
531	0.72924	0.75381	0.45606	0.47215	0.21085	0.2179	0.2229	0.21585	0.47715	0.46106	0.75881	0.73424
532	0.72708	0.75205	0.45469	0.47097	0.21018	0.21732	0.22232	0.21518	0.47597	0.45969	0.75705	0.73208
533	0.72525	0.75023	0.45353	0.46975	0.20958	0.21673	0.22173	0.21458	0.47475	0.45853	0.75523	0.73025
534	0.72383	0.74839	0.45261	0.4685	0.20908	0.21613	0.22113	0.21408	0.4735	0.45761	0.75339	0.72883
535	0.72288	0.74657	0.45197	0.46727	0.2087	0.21553	0.22053	0.2137	0.47227	0.45697	0.75157	0.72788
536	0.72243	0.74484	0.45166	0.46608	0.20846	0.21497	0.21997	0.21346	0.47108	0.45666	0.74984	0.72743
538	0.72252	0.74325	0.45168	0.465	0.20837	0.21445	0.21945	0.21337	0.47	0.45668	0.74825	0.72752
539	0.72311	0.74184	0.45202	0.46403	0.20844	0.21398	0.21898	0.21344	0.46903	0.45702	0.74684	0.72811
540	0.7242	0.74067	0.45267	0.46322	0.20866	0.21359	0.21859	0.21366	0.46822	0.45767	0.74567	0.7292
541	0.72574	0.73978	0.45362	0.4626	0.20902	0.2133	0.2183	0.21402	0.4676	0.45862	0.74478	0.73074
542	0.72768	0.7392	0.45481	0.46219	0.20951	0.2131	0.2181	0.21451	0.46719	0.45981	0.7442	0.73268
543	0.72992	0.73895	0.45621	0.462	0.21011	0.21301	0.21801	0.21511	0.467	0.46121	0.74395	0.73492
544	0.7324	0.73903	0.45775	0.46204	0.2108	0.21303	0.21803	0.2158	0.46704	0.46275	0.74403	0.7374
545	0.73503	0.73944	0.4594	0.46231	0.21154	0.21315	0.21815	0.21654	0.46731	0.4644	0.74444	0.74003
546	0.73771	0.74016	0.46108	0.46278	0.21231	0.21339	0.21839	0.21731	0.46778	0.46608	0.74516	0.74271
547	0.74037	0.74115	0.46276	0.46344	0.21309	0.21371	0.21871	0.21809	0.46844	0.46776	0.74615	0.74537
548	0.74294	0.74237	0.46438	0.46425	0.21385	0.21412	0.21912	0.21885	0.46925	0.46938	0.74737	0.74794
549	0.74536	0.74378	0.46591	0.4652	0.21457	0.21458	0.21958	0.21957	0.4702	0.47091	0.74878	0.75036
550	0.74758	0.74531	0.46731	0.46623	0.21524	0.2151	0.2201	0.22024	0.47123	0.47231	0.75031	0.75258
551	0.74956	0.74693	0.46858	0.46731	0.21585	0.21564	0.22064	0.22085	0.47231	0.47358	0.75193	0.75456
552	0.75128	0.74857	0.46968	0.46841	0.21639	0.21618	0.22118	0.22139	0.47341	0.47468	0.75357	0.75628
553	0.75274	0.75019	0.47063	0.46949	0.21686	0.21672	0.22172	0.22186	0.47449	0.47563	0.75519	0.75774
554	0.75392	0.75175	0.47141	0.47053	0.21726	0.21724	0.22224	0.22226	0.47553	0.47641	0.75675	0.75892
555	0.75482	0.75322	0.47203	0.4715	0.21759	0.21772	0.22272	0.22259	0.4765	0.47703	0.75822	0.75982
556	0.75545	0.75457	0.47249	0.47239	0.21786	0.21815	0.22315	0.22286	0.47739	0.47749	0.75957	0.76045
557	0.75581	0.75578	0.47278	0.47319	0.21806	0.21853	0.22353	0.22306	0.47819	0.47778	0.76078	0.76081
559	0.75591	0.75684	0.47293	0.47389	0.21821	0.21887	0.22387	0.22321	0.47889	0.47793	0.76184	0.76091
560	0.75572	0.75775	0.4729	0.47449	0.21829	0.21914	0.22414	0.22329	0.47949	0.4779	0.76275	0.76072
561	0.75524	0.75849	0.47269	0.47497	0.2183	0.21936	0.22436	0.2233	0.47997	0.47769	0.76349	0.76024
562	0.75447	0.75908	0.47231	0.47536	0.21823	0.21953	0.22453	0.22323	0.48036	0.47731	0.76408	0.75947
563	0.7534	0.75949	0.47174	0.47564	0.21808	0.21964	0.22464	0.22308	0.48064	0.47674	0.76449	0.7584
564	0.75204	0.75975	0.47098	0.47582	0.21785	0.21971	0.22471	0.22285	0.48082	0.47598	0.76475	0.75704
565	0.75038	0.75983	0.47003	0.47589	0.21752	0.21973	0.22473	0.22252	0.48089	0.47503	0.76483	0.75538
566	0.74844	0.75974	0.46889	0.47586	0.2171	0.21971	0.22471	0.2221	0.48086	0.47389	0.76474	0.75344
567	0.74624	0.75947	0.46758	0.47571	0.2166	0.21963	0.22463	0.2216	0.48071	0.47258	0.76447	0.75124
568	0.74384	0.75901	0.46612	0.47544	0.216	0.21951	0.22451	0.221	0.48044	0.47112	0.76401	0.74884
569	0.74128	0.75836	0.46455	0.47505	0.21534	0.21934	0.22434	0.22034	0.48005	0.46955	0.76336	0.74628
570	0.73865	0.75751	0.46291	0.47454	0.21462	0.21911	0.22411	0.21962	0.47954	0.46791	0.76251	0.74365
571	0.73602	0.75647	0.46125	0.47389	0.21387	0.21883	0.22383	0.21887	0.47889	0.46625	0.76147	0.74102
572	0.73348	0.75526	0.45964	0.47313	0.21311	0.2185	0.2235	0.21811	0.47813	0.46464	0.76026	0.73848
573	0.73115	0.75387	0.45814	0.47226	0.21238	0.21812	0.22312	0.21738	0.47726	0.46314	0.75887	0.73615
574	0.72911	0.75235	0.4568	0.47129	0.21171	0.21769	0.22269	0.21671	0.47629	0.4618	0.75735	0.73411
575	0.72745	0.75073	0.4557	0.47025	0.21112	0.21723	0.22223	0.21612	0.47525	0.4607	0.75573	0.73245
576	0.72626	0.74906	0.45488	0.46916	0.21064	0.21674	0.22174	0.21564	0.47416	0.45988	0.75406	0.73126
577	0.7256	0.74738	0.45438	0.46806	0.2103	0.21625	0.22125	0.2153	0.47306	0.45938	0.75238	0.7306
578	0.72551	0.74575	0.45423	0.46699	0.21011	0.21576	0.22076	0.21511	0.47199	0.45923	0.75075	0.73051
580	0.72601	0.74423	0.45445	0.46599	0.21008	0.2153	0.2203	0.21508	0.47099	0.45945	0.74923	0.73101
581	0.72707	0.74287	0.45502	0.46508	0.21021	0.21489	0.21989	0.21521	0.47008	0.46002	0.74787	0.73207
582	0.72867	0.74173	0.45593	0.46431	0.21049	0.21453	0.21953	0.21549	0.46931	0.46093	0.74673	0.73367
583	0.73075	0.74084	0.45715	0.46371	0.21092	0.21426	0.21926	0.21592	0.46871	0.46215	0.74584	0.73575
584	0.73323	0.74025	0.45862	0.46331	0.21146	0.21408	0.21908	0.21646	0.46831	0.46362	0.74525	0.73823
585	0.73602	0.73998	0.46029	0.46311	0.21211	0.21399	0.21899	0.21711	0.46811	0.46529	0.74498	0.74102
586	0.73903	0.74003	0.46209	0.46313	0.21283	0.21402	0.21902	0.21783	0.46813	0.46709	0.74503	0.74403
587	0.74214	0.74041	0.46398	0.46337	0.21361	0.21415	0.21915	0.21861	0.46837	0.46898	0.74541	0.74714
588	0.74525	0.74109	0.46588	0.46381	0.2144	0.21438	0.21938	0.2194	0.46881	0.47088	0.74609	0.75025
589	0.74827	0.74205	0.46773	0.46444	0.21519	0.21471	0.21971	0.22019	0.46944	0.47273	0.74705	0.75327
590	0.75113	0.74324	0.46949	0.46523	0.21595	0.21512	0.22012	0.22095	0.47023	0.47449	0.74824	0.75613
591	0.75375	0.74462	0.47111	0.46615	0.21667	0.21559	0.22059	0.22167	0.47115	0.47611	0.74962	0.75875
592	0.75608	0.74613	0.47256	0.46716	0.21734	0.21611	0.22111	0.22234	0.47216	0.47756	0.75113	0.76108
593	0.75809	0.7477	0.47383	0.46822	0.21793	0.21666	0.22166	0.22293	0.47322	0.47883	0.7527	0.76309
594	0.75975	0.74929	0.4749	0.4693	0.21846	0.21722	0.22222	0.22346	0.4743	0.4799	0.75429	0.76475
595	0.76107	0.75084	0.47576	0.47034	0.2189	0.21777	0.22277	0.2239	0.47534	0.48076	0.75584	0.76607
596	0.76205	0.75229	0.47641	0.47133	0.21926	0.21828	0.22328	0.22426	0.47633	0.48141	0.75729	0.76705
597	0.76269	0.7536	0.47687	0.47223	0.21954	0.21875	0.22375	0.22454	0.47723	0.48187	0.7586	0.76769
598	0.76301	0.75475	0.47712	0.47302	0.21973	0.21916	0.22416	0.22473	0.47802	0.48212	0.75975	0.76801
599	0.76303	0.75569	0.4772	0.47367	0.21984	0.21949	0.22449	0.22484	0.47867	0.4822	0.76069	0.76803
601	0.76277	0.75642	0.4771	0.47418	0.21986	0.21976	0.22476	0.22486	0.47918	0.4821	0.76142	0.76777
602	0.76222	0.75691	0.47681	0.47453	0.2198	0.21994	0.22494	0.2248	0.47953	0.48181	0.76191	0.76722
603	0.76141	0.75717	0.47635	0.47472	0.21964	0.22003	0.22503	0.22464	0.47972	0.48135	0.76217	0.76641
604	0.76034	0.7572	0.47573	0.47476	0.2194	0.22004	0.22504	0.2244	0.47976	0.48073	0.7622	0.76534
605	0.75904	0.75699	0.47495	0.47464	0.21907	0.21997	0.22497	0.22407	0.47964	0.47995	0.76199	0.76404
606	0.75751	0.75658	0.47402	0.47437	0.21867	0.21982	0.22482	0.22367	0.47937	0.47902	0.76158	0.76251
607	0.75579	0.75595	0.47296	0.47397	0.21819	0.21961	0.22461	0.22319	0.47897	0.47796	0.76095	0.76079
608	0.7539	0.75514	0.47178	0.47344	0.21764	0.21933	0.22433	0.22264	0.47844	0.47678	0.76014	0.7589
609	0.75188	0.75415	0.47051	0.4728	0.21705	0.21899	0.22399	0.22205	0.4778	0.47551	0.75915	0.75688
610	0.74978	0.753	0.46918	0.47204	0.21643	0.2186	0.2236	0.22143	0.47704	0.47418	0.758	0.75478
611	0.74766	0.7517	0.46784	0.4712	0.21579	0.21817	0.22317	0.22079	0.4762	0.47284	0.7567	0.75266
612	0.74558	0.75028	0.46651	0.47027	0.21516	0.2177	0.2227	0.22016	0.47527	0.47151	0.75528	0.75058
613	0.74362	0.74875	0.46526	0.46927	0.21457	0.21721	0.22221	0.21957	0.47427	0.47026	0.75375	0.74862
614	0.74185	0.74713	0.46412	0.46822	0.21403	0.2167	0.2217	0.21903	0.47322	0.46912	0.75213	0.74685
615	0.74034	0.74546	0.46314	0.46713	0.21357	0.21617	0.22117	0.21857	0.47213	0.46814	0.75046	0.74534
616	0.73915	0.74376	0.46237	0.46602	0.2132	0.21565	0.22065	0.2182	0.47102	0.46737	0.74876	0.74415
617	0.73835	0.74207	0.46184	0.46491	0.21294	0.21513	0.22013	0.21794	0.46991	0.46684	0.74707	0.74335
618	0.73797	0.74041	0.46157	0.46383	0.21279	0.21463	0.21963	0.21779	0.46883	0.46657	0.74541	0.74297
619	0.73804	0.73883	0.46157	0.4628	0.21277	0.21415	0.21915	0.21777	0.4678	0.46657	0.74383	0.74304
620	0.73856	0.73736	0.46186	0.46184	0.21287	0.21371	0.21871	0.21787	0.46684	0.46686	0.74236	0.74356
622	0.73954	0.73606	0.46244	0.46098	0.21309	0.21332	0.21832	0.21809	0.46598	0.46744	0.74106	0.74454
623	0.74092	0.73494	0.46326	0.46024	0.21342	0.21299	0.21799	0.21842	0.46524	0.46826	0.73994	0.74592
624	0.74265	0.73406	0.4643	0.45965	0.21383	0.21273	0.21773	0.21883	0.46465	0.4693	0.73906	0.74765
625	0.74469	0.73342	0.46552	0.45923	0.21433	0.21254	0.21754	0.21933	0.46423	0.47052	0.73842	0.74969
626	0.74696	0.73307	0.46689	0.45898	0.21488	0.21244	0.21744	0.21988	0.46398	0.47189	0.73807	0.75196
627	0.74939	0.733	0.46836	0.45892	0.21547	0.21242	0.21742	0.22047	0.46392	0.47336	0.738	0.75439
628	0.7519	0.73323	0.46988	0.45906	0.21609	0.2125	0.2175	0.22109	0.46406	0.47488	0.73823	0.7569
629	0.75442	0.73374	0.47141	0.45938	0.21672	0.21266	0.21766	0.22172	0.46438	0.47641	0.73874	0.75942
630	0.75688	0.73453	0.47292	0.45989	0.21735	0.21291	0.21791	0.22235	0.46489	0.47792	0.73953	0.76188
631	0.75922	0.73555	0.47435	0.46055	0.21796	0.21324	0.21824	0.22296	0.46555	0.47935	0.74055	0.76422
632	0.76139	0.73679	0.4757	0.46136	0.21855	0.21364	0.21864	0.22355	0.46636	0.4807	0.74179	0.76639
633	0.76336	0.73819	0.47694	0.46228	0.21911	0.21409	0.21909	0.22411	0.46728	0.48194	0.74319	0.76836
634	0.76511	0.73971	0.47805	0.46328	0.21963	0.21458	0.21958	0.22463	0.46828	0.48305	0.74471	0.77011
635	0.76661	0.74131	0.47902	0.46434	0.22012	0.2151	0.2201	0.22512	0.46934	0.48402	0.74631	0.77161
636	0.76785	0.74293	0.47985	0.46541	0.22056	0.21562	0.22062	0.22556	0.47041	0.48485	0.74793	0.77285
637	0.76884	0.74453	0.48054	0.46646	0.22096	0.21613	0.22113	0.22596	0.47146	0.48554	0.74953	0.77384
638	0.76956	0.74606	0.48107	0.46747	0.2213	0.21661	0.22161	0.2263	0.47247	0.48607	0.75106	0.77456
639	0.77003	0.74748	0.48146	0.4684	0.22159	0.21705	0.22205	0.22659	0.4734	0.48646	0.75248	0.77503
640	0.77023	0.74877	0.48168	0.46923	0.22181	0.21743	0.22243	0.22681	0.47423	0.48668	0.75377	0.77523
641	0.77017	0.74989	0.48174	0.46995	0.22196	0.21774	0.22274	0.22696	0.47495	0.48674	0.75489	0.77517
643	0.76986	0.75084	0.48165	0.47054	0.22203	0.21798	0.22298	0.22703	0.47554	0.48665	0.75584	0.77486
644	0.76926	0.75157	0.48137	0.47099	0.22201	0.21813	0.22313	0.22701	0.47599	0.48637	0.75657	0.77426
645	0.76839	0.7521	0.4809	0.47129	0.22188	0.21819	0.22319	0.22688	0.47629	0.4859	0.7571	0.77339
646	0.76726	0.75242	0.48026	0.47144	0.22166	0.21817	0.22317	0.22666	0.47644	0.48526	0.75742	0.77226
647	0.76586	0.75251	0.47943	0.47145	0.22132	0.21808	0.22308	0.22632	0.47645	0.48443	0.75751	0.77086
648	0.76422	0.7524	0.47842	0.47131	0.22088	0.2179	0.2229	0.22588	0.47631	0.48342	0.7574	0.76922
649	0.76235	0.75208	0.47726	0.47103	0.22035	0.21766	0.22266	0.22535	0.47603	0.48226	0.75708	0.76735
650	0.7603	0.75155	0.47596	0.47063	0.21973	0.21735	0.22235	0.22473	0.47563	0.48096	0.75655	0.7653
651	0.75811	0.75082	0.47455	0.47009	0.21903	0.217	0.222	0.22403	0.47509	0.47955	0.75582	0.76311
652	0.75584	0.7499	0.47307	0.46944	0.21829	0.21659	0.22159	0.22329	0.47444	0.47807	0.7549	0.76084
653	0.75355	0.7488	0.47157	0.46868	0.21753	0.21615	0.22115	0.22253	0.47368	0.47657	0.7538	0.75855
654	0.75131	0.74754	0.47009	0.46782	0.21677	0.21567	0.22067	0.22177	0.47282	0.47509	0.75254	0.75631
655	0.74921	0.74612	0.4687	0.46686	0.21604	0.21517	0.22017	0.22104	0.47186	0.4737	0.75112	0.75421
656	0.74732	0.74457	0.46744	0.46583	0.21537	0.21465	0.21965	0.22037	0.47083	0.47244	0.74957	0.75232
657	0.7457	0.74292	0.46635	0.46474	0.2148	0.21412	0.21912	0.2198	0.46974	0.47135	0.74792	0.7507
658	0.74442	0.7412	0.46549	0.46361	0.21434	0.21358	0.21858	0.21934	0.46861	0.47049	0.7462	0.74942
659	0.74354	0.73944	0.46489	0.46246	0.21402	0.21304	0.21804	0.21902	0.46746	0.46989	0.74444	0.74854
660	0.74307	0.7377	0.46457	0.46131	0.21384	0.21251	0.21751	0.21884	0.46631	0.46957	0.7427	0.74807
661	0.74304	0.73601	0.46455	0.46019	0.21382	0.212	0.217	0.21882	0.46519	0.46955	0.74101	0.74804
662	0.74346	0.73442	0.46482	0.45914	0.21395	0.21152	0.21652	0.21895	0.46414	0.46982	0.73942	0.74846
664	0.74431	0.733	0.46538	0.45819	0.21424	0.21108	0.21608	0.21924	0.46319	0.47038	0.738	0.74931
665	0.74553	0.73176	0.46619	0.45735	0.21465	0.2107	0.2157	0.21965	0.46235	0.47119	0.73676	0.75053
666	0.74708	0.73078	0.46721	0.45667	0.21517	0.21037	0.21537	0.22017	0.46167	0.47221	0.73578	0.75208
667	0.74891	0.73007	0.46842	0.45617	0.21578	0.21013	0.21513	0.22078	0.46117	0.47342	0.73507	0.75391
668	0.75095	0.72967	0.46976	0.45586	0.21645	0.20997	0.21497	0.22145	0.46086	0.47476	0.73467	0.75595
669	0.75312	0.72959	0.47119	0.45576	0.21715	0.2099	0.2149	0.22215	0.46076	0.47619	0.73459	0.75812
670	0.75535	0.72985	0.47264	0.45587	0.21785	0.20994	0.21494	0.22285	0.46087	0.47764	0.73485	0.76035
671	0.75757	0.73043	0.47409	0.45621	0.21853	0.21008	0.21508	0.22353	0.46121	0.47909	0.73543	0.76257
672	0.75973	0.73133	0.47548	0.45675	0.21917	0.21032	0.21532	0.22417	0.46175	0.48048	0.73633	0.76473
673	0.76177	0.7325	0.47678	0.45748	0.21974	0.21067	0.21567	0.22474	0.46248	0.48178	0.7375	0.76677
674	0.76364	0.73392	0.47796	0.45838	0.22024	0.2111	0.2161	0.22524	0.46338	0.48296	0.73892	0.76864
675	0.76531	0.73554	0.47902	0.45941	0.22066	0.21161	0.21661	0.22566	0.46441	0.48402	0.74054	0.77031
676	0.76677	0.73731	0.47992	0.46055	0.22099	0.21218	0.21718	0.22599	0.46555	0.48492	0.74231	0.77177
677	0.76799	0.73916	0.48068	0.46176	0.22124	0.2128	0.2178	0.22624	0.46676	0.48568	0.74416	0.77299
678	0.76897	0.74105	0.48129	0.46299	0.22141	0.21344	0.21844	0.22641	0.46799	0.48629	0.74605	0.77397
679	0.76971	0.74292	0.48174	0.46421	0.22152	0.21408	0.21908	0.22652	0.46921	0.48674	0.74792	0.77471
680	0.77021	0.74472	0.48206	0.46539	0.22156	0.21471	0.21971	0.22656	0.47039	0.48706	0.74972	0.77521
681	0.77047	0.74639	0.48223	0.46648	0.22156	0.21529	0.22029	0.22656	0.47148	0.48723	0.75139	0.77547
682	0.7705	0.7479	0.48227	0.46747	0.22151	0.21582	0.22082	0.22651	0.47247	0.48727	0.7529	0.7755
683	0.77029	0.74922	0.48218	0.46833	0.22143	0.21628	0.22128	0.22643	0.47333	0.48718	0.75422	0.77529
685	0.76988	0.75031	0.48197	0.46904	0.22132	0.21665	0.22165	0.22632	0.47404	0.48697	0.75531	0.77488
686	0.76923	0.75115	0.48162	0.46957	0.22118	0.21692	0.22192	0.22618	0.47457	0.48662	0.75615	0.77423
687	0.76836	0.75173	0.48114	0.46993	0.221	0.21709	0.22209	0.226	0.47493	0.48614	0.75673	0.77336
688	0.76728	0.75204	0.48054	0.47011	0.22079	0.21715	0.22215	0.22579	0.47511	0.48554	0.75704	0.77228
689	0.76601	0.75208	0.47981	0.47011	0.22054	0.21711	0.22211	0.22554	0.47511	0.48481	0.75708	0.77101
690	0.76456	0.75184	0.47898	0.46992	0.22025	0.21696	0.22196	0.22525	0.47492	0.48398	0.75684	0.76956
691	0.76296	0.75134	0.47804	0.46956	0.21992	0.21671	0.22171	0.22492	0.47456	0.48304	0.75634	0.76796
692	0.76124	0.75058	0.47702	0.46903	0.21956	0.21636	0.22136	0.22456	0.47403	0.48202	0.75558	0.76624
693	0.75946	0.74958	0.47594	0.46835	0.21917	0.21594	0.22094	0.22417	0.47335	0.48094	0.75458	0.76446
694	0.75765	0.74837	0.47483	0.46753	0.21875	0.21544	0.22044	0.22375	0.47253	0.47983	0.75337	0.76265
695	0.75589	0.74695	0.47373	0.46658	0.21832	0.21489	0.21989	0.22332	0.47158	0.47873	0.75195	0.76089
696	0.75421	0.74537	0.47268	0.46552	0.21791	0.21429	0.21929	0.22291	0.47052	0.47768	0.75037	0.75921
697	0.7527	0.74365	0.47171	0.46438	0.21751	0.21366	0.21866	0.22251	0.46938	0.47671	0.74865	0.7577
698	0.75141	0.74184	0.47088	0.46318	0.21716	0.21302	0.21802	0.22216	0.46818	0.47588	0.74684	0.75641
699	0.75039	0.73997	0.47022	0.46195	0.21688	0.21238	0.21738	0.22188	0.46695	0.47522	0.74497	0.75539
700	0.74969	0.73809	0.46976	0.46071	0.21668	0.21175	0.21675	0.22168	0.46571	0.47476	0.74309	0.75469
701	0.74936	0.73625	0.46954	0.45949	0.21658	0.21115	0.21615	0.22158	0.46449	0.47454	0.74125	0.75436
702	0.7494	0.7345	0.46956	0.45834	0.21659	0.21059	0.21559	0.22159	0.46334	0.47456	0.7395	0.7544
703	0.74983	0.73289	0.46984	0.45728	0.21672	0.2101	0.2151	0.22172	0.46228	0.47484	0.73789	0.75483
704	0.75063	0.73147	0.47037	0.45633	0.21697	0.20968	0.21468	0.22197	0.46133	0.47537	0.73647	0.75563
706	0.75181	0.73028	0.47115	0.45555	0.21735	0.20934	0.21434	0.22235	0.46055	0.47615	0.73528	0.75681
707	0.75328	0.72936	0.47213	0.45493	0.21782	0.2091	0.2141	0.22282	0.45993	0.47713	0.73436	0.75828
708	0.75502	0.72874	0.4733	0.45451	0.21839	0.20895	0.21395	0.22339	0.45951	0.4783	0.73374	0.76002
709	0.75697	0.72844	0.4746	0.4543	0.21903	0.2089	0.2139	0.22403	0.4593	0.4796	0.73344	0.76197
710	0.75905	0.72846	0.47601	0.45429	0.21972	0.20895	0.21395	0.22472	0.45929	0.48101	0.73346	0.76405
711	0.76122	0.72881	0.47746	0.45451	0.22044	0.2091	0.2141	0.22544	0.45951	0.48246	0.73381	0.76622
712	0.76339	0.72946	0.47893	0.45492	0.22118	0.20935	0.21435	0.22618	0.45992	0.48393	0.73446	0.76839
713	0.76551	0.73039	0.48037	0.45552	0.22189	0.20967	0.21467	0.22689	0.46052	0.48537	0.73539	0.77051
714	0.76753	0.73157	0.48173	0.45628	0.22258	0.21007	0.21507	0.22758	0.46128	0.48673	0.73657	0.77253
715	0.7694	0.73295	0.483	0.45717	0.22322	0.21052	0.21552	0.22822	0.46217	0.488	0.73795	0.7744
716	0.77108	0.73448	0.48415	0.45816	0.2238	0.21101	0.21601	0.2288	0.46316	0.48915	0.73948	0.77608
717	0.77256	0.7361	0.48515	0.45922	0.22431	0.21153	0.21653	0.22931	0.46422	0.49015	0.7411	0.77756
718	0.77381	0.73778	0.48601	0.46031	0.22475	0.21205	0.21705	0.22975	0.46531	0.49101	0.74278	0.77881
719	0.77482	0.73945	0.48671	0.4614	0.22511	0.21256	0.21756	0.23011	0.4664	0.49171	0.74445	0.77982
720	0.7756	0.74107	0.48726	0.46245	0.2254	0.21305	0.21805	0.2304	0.46745	0.49226	0.74607	0.7806
721	0.77615	0.74259	0.48766	0.46344	0.22561	0.2135	0.2185	0.23061	0.46844	0.49266	0.74759	0.78115
722	0.77646	0.74399	0.48791	0.46434	0.22576	0.21391	0.21891	0.23076	0.46934	0.49291	0.74899	0.78146
723	0.77655	0.74524	0.48801	0.46514	0.22584	0.21426	0.21926	0.23084	0.47014	0.49301	0.75024	0.78155
724	0.77642	0.74631	0.48797	0.46582	0.22585	0.21455	0.21955	0.23085	0.47082	0.49297	0.75131	0.78142
725	0.77607	0.74719	0.4878	0.46638	0.2258	0.21478	0.21978	0.2308	0.47138	0.4928	0.75219	0.78107
727	0.77553	0.74788	0.4875	0.46682	0.2257	0.21495	0.21995	0.2307	0.47182	0.4925	0.75288	0.78053
728	0.77475	0.74837	0.48706	0.46712	0.22552	0.21505	0.22005	0.23052	0.47212	0.49206	0.75337	0.77975
729	0.77377	0.74865	0.48648	0.46728	0.22529	0.21509	0.22009	0.23029	0.47228	0.49148	0.75365	0.77877
730	0.77258	0.74873	0.48576	0.46732	0.22499	0.21507	0.22007	0.22999	0.47232	0.49076	0.75373	0.77758
731	0.7712	0.74861	0.48492	0.46722	0.22462	0.21499	0.21999	0.22962	0.47222	0.48992	0.75361	0.7762
732	0.76964	0.74827	0.48396	0.467	0.2242	0.21484	0.21984	0.2292	0.472	0.48896	0.75327	0.77464
733	0.76792	0.74772	0.48289	0.46663	0.22372	0.21464	0.21964	0.22872	0.47163	0.48789	0.75272	0.77292
734	0.76607	0.74697	0.48173	0.46614	0.22319	0.21437	0.21937	0.22819	0.47114	0.48673	0.75197	0.77107
735	0.76413	0.74599	0.48051	0.46551	0.22262	0.21405	0.21905	0.22762	0.47051	0.48551	0.75099	0.76913
736	0.76215	0.74481	0.47925	0.46475	0.22203	0.21367	0.21867	0.22703	0.46975	0.48425	0.74981	0.76715
737	0.76017	0.74342	0.47798	0.46385	0.22142	0.21323	0.21823	0.22642	0.46885	0.48298	0.74842	0.76517
738	0.75826	0.74184	0.47675	0.46284	0.22083	0.21274	0.21774	0.22583	0.46784	0.48175	0.74684	0.76326
739	0.75647	0.74009	0.47559	0.46171	0.22025	0.2122	0.2172	0.22525	0.46671	0.48059	0.74509	0.76147
740	0.75486	0.73821	0.47454	0.46049	0.21973	0.21163	0.21663	0.22473	0.46549	0.47954	0.74321	0.75986
741	0.75348	0.73622	0.47363	0.45921	0.21926	0.21102	0.21602	0.22426	0.46421	0.47863	0.74122	0.75848
742	0.75239	0.73418	0.47291	0.45789	0.21887	0.21041	0.21541	0.22387	0.46289	0.47791	0.73918	0.75739
743	0.75162	0.73215	0.47238	0.45657	0.21856	0.2098	0.2148	0.22356	0.46157	0.47738	0.73715	0.75662
744	0.7512	0.73018	0.47208	0.45529	0.21836	0.20921	0.21421	0.22336	0.46029	0.47708	0.73518	0.7562
745	0.75113	0.72835	0.472	0.45409	0.21825	0.20866	0.21366	0.22325	0.45909	0.477	0.73335	0.75613
746	0.75141	0.72671	0.47215	0.45302	0.21825	0.20818	0.21318	0.22325	0.45802	0.47715	0.73171	0.75641
748	0.75205	0.72533	0.47254	0.45212	0.21835	0.20778	0.21278	0.22335	0.45712	0.47754	0.73033	0.75705
749	0.75298	0.72425	0.47311	0.4514	0.21854	0.20748	0.21248	0.22354	0.4564	0.47811	0.72925	0.75798
750	0.75419	0.72351	0.47386	0.45092	0.21881	0.20729	0.21229	0.22381	0.45592	0.47886	0.72851	0.75919
751	0.75561	0.72315	0.47476	0.45068	0.21916	0.20721	0.21221	0.22416	0.45568	0.47976	0.72815	0.76061
752	0.75721	0.72317	0.47578	0.45069	0.21956	0.20727	0.21227	0.22456	0.45569	0.48078	0.72817	0.76221
753	0.75893	0.72358	0.47688	0.45096	0.22001	0.20744	0.21244	0.22501	0.45596	0.48188	0.72858	0.76393
754	0.76071	0.72435	0.47803	0.45147	0.2205	0.20774	0.21274	0.2255	0.45647	0.48303	0.72935	0.76571
755	0.76251	0.72545	0.4792	0.4522	0.221	0.20814	0.21314	0.226	0.4572	0.4842	0.73045	0.76751
756	0.76428	0.72684	0.48036	0.45313	0.22152	0.20864	0.21364	0.22652	0.45813	0.48536	0.73184	0.76928
757	0.76597	0.72846	0.48149	0.45421	0.22204	0.20921	0.21421	0.22704	0.45921	0.48649	0.73346	0.77097
758	0.76757	0.73026	0.48256	0.45541	0.22255	0.20983	0.21483	0.22755	0.46041	0.48756	0.73526	0.77257
759	0.76904	0.73217	0.48357	0.45669	0.22305	0.21049	0.21549	0.22805	0.46169	0.48857	0.73717	0.77404
760	0.77036	0.73414	0.48449	0.45801	0.22353	0.21116	0.21616	0.22853	0.46301	0.48949	0.73914	0.77536
761	0.77152	0.73612	0.48531	0.45932	0.22398	0.21182	0.21682	0.22898	0.46432	0.49031	0.74112	0.77652
762	0.77251	0.73805	0.48603	0.46061	0.22441	0.21247	0.21747	0.22941	0.46561	0.49103	0.74305	0.77751
763	0.7733	0.73989	0.48664	0.46183	0.2248	0.21307	0.21807	0.2298	0.46683	0.49164	0.74489	0.7783
764	0.77389	0.74161	0.48713	0.46297	0.22514	0.21362	0.21862	0.23014	0.46797	0.49213	0.74661	0.77889
765	0.77428	0.74317	0.48749	0.464	0.22543	0.21411	0.21911	0.23043	0.469	0.49249	0.74817	0.77928
766	0.77444	0.74455	0.4877	0.46491	0.22565	0.21454	0.21954	0.23065	0.46991	0.4927	0.74955	0.77944
767	0.77437	0.74574	0.48776	0.46569	0.22581	0.21489	0.21989	0.23081	0.47069	0.49276	0.75074	0.77937
769	0.77407	0.74672	0.48768	0.46633	0.22589	0.21517	0.22017	0.23089	0.47133	0.49268	0.75172	0.77907
770	0.77351	0.74747	0.48741	0.4668	0.22587	0.21536	0.22036	0.23087	0.4718	0.49241	0.75247	0.77851
771	0.7727	0.74796	0.48697	0.46712	0.22576	0.21547	0.22047	0.23076	0.47212	0.49197	0.75296	0.7777
772	0.77165	0.7482	0.48636	0.46726	0.22555	0.21549	0.22049	0.23055	0.47226	0.49136	0.7532	0.77665
773	0.77037	0.74816	0.48559	0.46723	0.22524	0.21543	0.22043	0.23024	0.47223	0.49059	0.75316	0.77537
774	0.76888	0.74783	0.48467	0.46701	0.22484	0.21528	0.22028	0.22984	0.47201	0.48967	0.75283	0.77388
775	0.76723	0.74721	0.48362	0.4666	0.22436	0.21505	0.22005	0.22936	0.4716	0.48862	0.75221	0.77223
776	0.76546	0.74629	0.48248	0.466	0.22382	0.21473	0.21973	0.22882	0.471	0.48748	0.75129	0.77046
777	0.76362	0.74508	0.48128	0.46521	0.22322	0.21433	0.21933	0.22822	0.47021	0.48628	0.75008	0.76862
778	0.76178	0.7436	0.48006	0.46425	0.2226	0.21385	0.21885	0.2276	0.46925	0.48506	0.7486	0.76678
779	0.76001	0.74188	0.47888	0.46314	0.22198	0.21331	0.21831	0.22698	0.46814	0.48388	0.74688	0.76501
780	0.75838	0.73995	0.47777	0.46191	0.22139	0.21272	0.21772	0.22639	0.46691	0.48277	0.74495	0.76338
781	0.75696	0.73789	0.47679	0.46058	0.22085	0.2121	0.2171	0.22585	0.46558	0.48179	0.74289	0.76196
782	0.7558	0.73574	0.47598	0.45921	0.22038	0.21146	0.21646	0.22538	0.46421	0.48098	0.74074	0.7608
783	0.75496	0.73361	0.47538	0.45784	0.22002	0.21084	0.21584	0.22502	0.46284	0.48038	0.73861	0.75996
784	0.75449	0.73155	0.47502	0.45653	0.21977	0.21025	0.21525	0.22477	0.46153	0.48002	0.73655	0.75949
785	0.7544	0.72967	0.47491	0.45532	0.21965	0.20972	0.21472	0.22465	0.46032	0.47991	0.73467	0.7594
786	0.7547	0.72804	0.47507	0.45429	0.21966	0.20927	0.21427	0.22466	0.45929	0.48007	0.73304	0.7597
787	0.75538	0.72673	0.47549	0.45346	0.21981	0.20892	0.21392	0.22481	0.45846	0.48049	0.73173	0.76038
788	0.75642	0.72581	0.47614	0.45288	0.22007	0.2087	0.2137	0.22507	0.45788	0.48114	0.73081	0.76142
790	0.75779	0.72531	0.47702	0.45258	0.22046	0.20861	0.21361	0.22546	0.45758	0.48202	0.73031	0.76279
791	0.7594	0.72525	0.47807	0.45257	0.22094	0.20865	0.21365	0.22594	0.45757	0.48307	0.73025	0.7644
792	0.76121	0.72565	0.47926	0.45285	0.22149	0.20884	0.21384	0.22649	0.45785	0.48426	0.73065	0.76621
793	0.76314	0.72648	0.48054	0.45341	0.2221	0.20916	0.21416	0.2271	0.45841	0.48554	0.73148	0.76814
794	0.76514	0.7277	0.48186	0.45424	0.22274	0.20959	0.21459	0.22774	0.45924	0.48686	0.7327	0.77014
795	0.76712	0.72926	0.48319	0.45528	0.22338	0.21013	0.21513	0.22838	0.46028	0.48819	0.73426	0.77212
796	0.76905	0.73109	0.48447	0.4565	0.22401	0.21074	0.21574	0.22901	0.4615	0.48947	0.73609	0.77405
797	0.77085	0.73312	0.48568	0.45784	0.2246	0.21142	0.21642	0.2296	0.46284	0.49068	0.73812	0.77585
798	0.77249	0.73527	0.48678	0.45926	0.22515	0.21212	0.21712	0.23015	0.46426	0.49178	0.74027	0.77749
799	0.77393	0.73745	0.48775	0.46071	0.22564	0.21283	0.21783	0.23064	0.46571	0.49275	0.74245	0.77893
800	0.77516	0.73959	0.48858	0.46213	0.22606	0.21352	0.21852	0.23106	0.46713	0.49358	0.74459	0.78016
801	0.77615	0.74163	0.48926	0.46348	0.22641	0.21417	0.21917	0.23141	0.46848	0.49426	0.74663	0.78115
802	0.77691	0.74352	0.48977	0.46473	0.22668	0.21476	0.21976	0.23168	0.46973	0.49477	0.74852	0.78191
803	0.77742	0.74521	0.49013	0.46585	0.22688	0.21529	0.22029	0.23188	0.47085	0.49513	0.75021	0.78242
804	0.7777	0.74668	0.49033	0.46681	0.227	0.21575	0.22075	0.232	0.47181	0.49533	0.75168	0.7827
805	0.77774	0.74789	0.49038	0.46761	0.22705	0.21611	0.22111	0.23205	0.47261	0.49538	0.75289	0.78274
806	0.77756	0.74885	0.49028	0.46824	0.22702	0.21639	0.22139	0.23202	0.47324	0.49528	0.75385	0.78256
807	0.77716	0.74955	0.49003	0.4687	0.22693	0.21659	0.22159	0.23193	0.4737	0.49503	0.75455	0.78216
808	0.77655	0.74999	0.48963	0.46898	0.22676	0.21669	0.22169	0.23176	0.47398	0.49463	0.75499	0.78155
809	0.77572	0.75018	0.4891	0.4691	0.22653	0.21671	0.22171	0.23153	0.4741	0.4941	0.75518	0.78072
811	0.77471	0.75011	0.48844	0.46905	0.22623	0.21665	0.22165	0.23123	0.47405	0.49344	0.75511	0.77971
812	0.77349	0.74978	0.48764	0.46884	0.22586	0.2165	0.2215	0.23086	0.47384	0.49264	0.75478	0.77849
813	0.7721	0.74921	0.48672	0.46846	0.22542	0.21627	0.22127	0.23042	0.47346	0.49172	0.75421	0.7771
814	0.77055	0.74838	0.48569	0.46792	0.22493	0.21595	0.22095	0.22993	0.47292	0.49069	0.75338	0.77555
815	0.76887	0.7473	0.48457	0.46721	0.22439	0.21556	0.22056	0.22939	0.47221	0.48957	0.7523	0.77387
816	0.7671	0.74598	0.48338	0.46634	0.22381	0.21509	0.22009	0.22881	0.47134	0.48838	0.75098	0.7721
817	0.76528	0.74441	0.48215	0.46533	0.2232	0.21455	0.21955	0.2282	0.47033	0.48715	0.74941	0.77028
818	0.76345	0.74262	0.48091	0.46417	0.22258	0.21394	0.21894	0.22758	0.46917	0.48591	0.74762	0.76845
819	0.76168	0.74063	0.4797	0.46288	0.22197	0.21328	0.21828	0.22697	0.46788	0.4847	0.74563	0.76668
820	0.76002	0.73848	0.47856	0.46149	0.22139	0.21259	0.21759	0.22639	0.46649	0.48356	0.74348	0.76502
821	0.75854	0.73621	0.47753	0.46003	0.22086	0.21186	0.21686	0.22586	0.46503	0.48253	0.74121	0.76354
822	0.75728	0.73388	0.47665	0.45853	0.2204	0.21114	0.21614	0.2254	0.46353	0.48165	0.73888	0.76228
823	0.7563	0.73154	0.47595	0.45704	0.22003	0.21043	0.21543	0.22503	0.46204	0.48095	0.73654	0.7613
824	0.75564	0.72928	0.47547	0.4556	0.21977	0.20977	0.21477	0.22477	0.4606	0.48047	0.73428	0.76064
825	0.75533	0.72716	0.47522	0.45426	0.21963	0.20917	0.21417	0.22463	0.45926	0.48022	0.73216	0.76033
826	0.75539	0.72527	0.47523	0.45306	0.21961	0.20865	0.21365	0.22461	0.45806	0.48023	0.73027	0.76039
827	0.75581	0.72365	0.47548	0.45206	0.21971	0.20823	0.21323	0.22471	0.45706	0.48048	0.72865	0.76081
828	0.75659	0.72238	0.47597	0.45128	0.21994	0.20794	0.21294	0.22494	0.45628	0.48097	0.72738	0.76159
829	0.7577	0.72149	0.4767	0.45074	0.22029	0.20776	0.21276	0.22529	0.45574	0.4817	0.72649	0.7627
830	0.7591	0.72102	0.47762	0.45048	0.22074	0.20772	0.21272	0.22574	0.45548	0.48262	0.72602	0.7641
832	0.76075	0.72097	0.47871	0.45049	0.22128	0.2078	0.2128	0.22628	0.45549	0.48371	0.72597	0.76575
833	0.76256	0.72134	0.47993	0.45077	0.22188	0.20801	0.21301	0.22688	0.45577	0.48493	0.72634	0.76756
834	0.7645	0.72209	0.48123	0.45129	0.22253	0.20831	0.21331	0.22753	0.45629	0.48623	0.72709	0.7695
835	0.76649	0.72321	0.48257	0.45204	0.2232	0.20871	0.21371	0.2282	0.45704	0.48757	0.72821	0.77149
836	0.76849	0.72462	0.48391	0.45297	0.22387	0.20917	0.21417	0.22887	0.45797	0.48891	0.72962	0.77349
837	0.77043	0.72627	0.48522	0.45404	0.22453	0.20969	0.21469	0.22953	0.45904	0.49022	0.73127	0.77543
838	0.77227	0.72809	0.48647	0.45522	0.22515	0.21023	0.21523	0.23015	0.46022	0.49147	0.73309	0.77727
839	0.77398	0.73002	0.48762	0.45645	0.22573	0.21077	0.21577	0.23073	0.46145	0.49262	0.73502	0.77898
840	0.77553	0.73199	0.48866	0.4577	0.22626	0.21131	0.21631	0.23126	0.4627	0.49366	0.73699	0.78053
841	0.77688	0.73394	0.48958	0.45893	0.22672	0.21182	0.21682	0.23172	0.46393	0.49458	0.73894	0.78188
842	0.77805	0.73582	0.49036	0.46011	0.22712	0.2123	0.2173	0.23212	0.46511	0.49536	0.74082	0.78305
843	0.779	0.73759	0.491	0.46121	0.22745	0.21273	0.21773	0.23245	0.46621	0.496	0.74259	0.784
844	0.77974	0.73921	0.4915	0.46222	0.22771	0.21312	0.21812	0.23271	0.46722	0.4965	0.74421	0.78474
845	0.78028	0.74066	0.49186	0.46312	0.2279	0.21346	0.21846	0.2329	0.46812	0.49686	0.74566	0.78528
846	0.7806	0.74194	0.49208	0.46391	0.22802	0.21375	0.21875	0.23302	0.46891	0.49708	0.74694	0.7856
847	0.78071	0.74302	0.49215	0.46457	0.22807	0.21399	0.21899	0.23307	0.46957	0.49715	0.74802	0.78571
848	0.7806	0.7439	0.49208	0.46512	0.22806	0.21419	0.21919	0.23306	0.47012	0.49708	0.7489	0.7856
849	0.78027	0.74458	0.49186	0.46555	0.22797	0.21435	0.21935	0.23297	0.47055	0.49686	0.74958	0.78527
850	0.77972	0.74506	0.4915	0.46586	0.2278	0.21447	0.21947	0.2328	0.47086	0.4965	0.75006	0.78472
851	0.77893	0.74531	0.49097	0.46603	0.22755	0.21453	0.21953	0.23255	0.47103	0.49597	0.75031	0.78393
853	0.77793	0.74535	0.49031	0.46607	0.22723	0.21455	0.21955	0.23223	0.47107	0.49531	0.75035	0.78293
854	0.77668	0.74514	0.48947	0.46596	0.22683	0.2145	0.2195	0.23183	0.47096	0.49447	0.75014	0.78168
855	0.77522	0.74469	0.48849	0.4657	0.22634	0.21439	0.21939	0.23134	0.4707	0.49349	0.74969	0.78022
856	0.77355	0.74397	0.48736	0.46527	0.22578	0.21419	0.21919	0.23078	0.47027	0.49236	0.74897	0.77855
857	0.7717	0.74298	0.48611	0.46467	0.22515	0.21392	0.21892	0.23015	0.46967	0.49111	0.74798	0.7767
858	0.76972	0.74171	0.48477	0.46388	0.22447	0.21356	0.21856	0.22947	0.46888	0.48977	0.74671	0.77472
859	0.76764	0.74016	0.48336	0.46292	0.22375	0.2131	0.2181	0.22875	0.46792	0.48836	0.74516	0.77264
860	0.76553	0.73836	0.48191	0.46178	0.22301	0.21256	0.21756	0.22801	0.46678	0.48691	0.74336	0.77053
861	0.76344	0.73633	0.48048	0.46049	0.22227	0.21193	0.21693	0.22727	0.46549	0.48548	0.74133	0.76844
862	0.76145	0.73411	0.47911	0.45906	0.22155	0.21124	0.21624	0.22655	0.46406	0.48411	0.73911	0.76645
863	0.75961	0.73175	0.47784	0.45754	0.22089	0.21049	0.21549	0.22589	0.46254	0.48284	0.73675	0.76461
864	0.758	0.72932	0.47672	0.45597	0.2203	0.20971	0.21471	0.2253	0.46097	0.48172	0.73432	0.763
865	0.75667	0.72689	0.47579	0.45439	0.21981	0.20892	0.21392	0.22481	0.45939	0.48079	0.73189	0.76167
866	0.75568	0.72454	0.47509	0.45285	0.21943	0.20816	0.21316	0.22443	0.45785	0.48009	0.72954	0.76068
867	0.75507	0.72236	0.47464	0.45143	0.21918	0.20744	0.21244	0.22418	0.45643	0.47964	0.72736	0.76007
868	0.75485	0.72043	0.47447	0.45016	0.21907	0.20681	0.21181	0.22407	0.45516	0.47947	0.72543	0.75985
869	0.75504	0.71882	0.47457	0.4491	0.2191	0.20628	0.21128	0.2241	0.4541	0.47957	0.72382	0.76004
870	0.75563	0.7176	0.47494	0.44829	0.21928	0.20589	0.21089	0.22428	0.45329	0.47994	0.7226	0.76063
871	0.7566	0.71682	0.47557	0.44777	0.21958	0.20564	0.21064	0.22458	0.45277	0.48057	0.72182	0.7616
872	0.75792	0.71652	0.47644	0.44757	0.22001	0.20555	0.21055	0.22501	0.45257	0.48144	0.72152	0.76292
874	0.75954	0.71671	0.47751	0.44769	0.22054	0.20563	0.21063	0.22554	0.45269	0.48251	0.72171	0.76454
875	0.76138	0.71738	0.47874	0.44813	0.22115	0.20587	0.21087	0.22615	0.45313	0.48374	0.72238	0.76638
876	0.7634	0.71851	0.48008	0.44888	0.22182	0.20627	0.21127	0.22682	0.45388	0.48508	0.72351	0.7684
877	0.76551	0.72007	0.48149	0.4499	0.22253	0.20681	0.21181	0.22753	0.4549	0.48649	0.72507	0.77051
878	0.76766	0.72199	0.48293	0.45117	0.22324	0.20747	0.21247	0.22824	0.45617	0.48793	0.72699	0.77266
879	0.76978	0.72421	0.48433	0.45264	0.22394	0.20823	0.21323	0.22894	0.45764	0.48933	0.72921	0.77478
880	0.7718	0.72665	0.48568	0.45425	0.22461	0.20906	0.21406	0.22961	0.45925	0.49068	0.73165	0.7768
881	0.77366	0.72923	0.48692	0.45595	0.22523	0.20993	0.21493	0.23023	0.46095	0.49192	0.73423	0.77866
882	0.77533	0.73186	0.48802	0.45769	0.22578	0.21082	0.21582	0.23078	0.46269	0.49302	0.73686	0.78033
883	0.77675	0.73446	0.48896	0.45941	0.22625	0.21169	0.21669	0.23125	0.46441	0.49396	0.73946	0.78175
884	0.77789	0.73696	0.48972	0.46105	0.22662	0.21253	0.21753	0.23162	0.46605	0.49472	0.74196	0.78289
885	0.77873	0.73929	0.49027	0.46258	0.2269	0.21329	0.21829	0.2319	0.46758	0.49527	0.74429	0.78373
886	0.77925	0.74138	0.4906	0.46396	0.22707	0.21397	0.21897	0.23207	0.46896	0.4956	0.74638	0.78425
887	0.77944	0.74319	0.49071	0.46514	0.22713	0.21455	0.21955	0.23213	0.47014	0.49571	0.74819	0.78444
888	0.77928	0.74468	0.4906	0.46611	0.22708	0.21502	0.22002	0.23208	0.47111	0.4956	0.74968	0.78428
889	0.77878	0.74581	0.49026	0.46684	0.22692	0.21536	0.22036	0.23192	0.47184	0.49526	0.75081	0.78378
890	0.77796	0.74657	0.48971	0.46733	0.22665	0.21557	0.22057	0.23165	0.47233	0.49471	0.75157	0.78296
891	0.77682	0.74695	0.48894	0.46756	0.22628	0.21565	0.22065	0.23128	0.47256	0.49394	0.75195	0.78182
892	0.77538	0.74694	0.48798	0.46753	0.22582	0.2156	0.2206	0.23082	0.47253	0.49298	0.75194	0.78038
893	0.77369	0.74655	0.48685	0.46725	0.22526	0.21542	0.22042	0.23026	0.47225	0.49185	0.75155	0.77869
895	0.7718	0.7458	0.48558	0.46674	0.22464	0.21512	0.22012	0.22964	0.47174	0.49058	0.7508	0.7768
896	0.76971	0.74471	0.48418	0.46601	0.22395	0.21472	0.21972	0.22895	0.47101	0.48918	0.74971	0.77471
897	0.76751	0.74331	0.48271	0.46507	0.22322	0.21422	0.21922	0.22822	0.47007	0.48771	0.74831	0.77251
898	0.76526	0.74165	0.48119	0.46396	0.22247	0.21364	0.21864	0.22747	0.46896	0.48619	0.74665	0.77026
899	0.76302	0.73977	0.47968	0.46272	0.22172	0.213	0.218	0.22672	0.46772	0.48468	0.74477	0.76802
900	0.76087	0.73773	0.47823	0.46138	0.22099	0.21231	0.21731	0.22599	0.46638	0.48323	0.74273	0.76587
901	0.75889	0.73559	0.47689	0.45998	0.22031	0.21162	0.21662	0.22531	0.46498	0.48189	0.74059	0.76389
902	0.75715	0.73344	0.4757	0.45857	0.21971	0.21092	0.21592	0.22471	0.46357	0.4807	0.73844	0.76215
903	0.7557	0.73133	0.47472	0.4572	0.21921	0.21026	0.21526	0.22421	0.4622	0.47972	0.73633	0.7607
904	0.75461	0.72935	0.47397	0.45592	0.21883	0.20965	0.21465	0.22383	0.46092	0.47897	0.73435	0.75961
905	0.75393	0.72757	0.47349	0.45477	0.21858	0.20912	0.21412	0.22358	0.45977	0.47849	0.73257	0.75893
906	0.75368	0.72605	0.4733	0.4538	0.21848	0.20869	0.21369	0.22348	0.4588	0.4783	0.73105	0.75868
907	0.75387	0.72486	0.47341	0.45305	0.21854	0.20837	0.21337	0.22354	0.45805	0.47841	0.72986	0.75887
908	0.7545	0.72405	0.47381	0.45254	0.21874	0.20818	0.21318	0.22374	0.45754	0.47881	0.72905	0.7595
909	0.75555	0.72366	0.4745	0.45231	0.21908	0.20812	0.21312	0.22408	0.45731	0.4795	0.72866	0.76055
910	0.75698	0.72369	0.47544	0.45236	0.21955	0.20821	0.21321	0.22455	0.45736	0.48044	0.72869	0.76198
911	0.75872	0.72416	0.4766	0.45269	0.22013	0.20843	0.21343	0.22513	0.45769	0.4816	0.72916	0.76372
912	0.76073	0.72505	0.47793	0.4533	0.2208	0.20879	0.21379	0.2258	0.4583	0.48293	0.73005	0.76573
913	0.76291	0.72632	0.47938	0.45415	0.22152	0.20926	0.21426	0.22652	0.45915	0.48438	0.73132	0.76791
914	0.76521	0.72794	0.4809	0.45523	0.22227	0.20984	0.21484	0.22727	0.46023	0.4859	0.73294	0.77021
916	0.76755	0.72985	0.48244	0.45649	0.22302	0.2105	0.2155	0.22802	0.46149	0.48744	0.73485	0.77255
917	0.76982	0.73196	0.48394	0.45789	0.22375	0.21123	0.21623	0.22875	0.46289	0.48894	0.73696	0.77482
918	0.772	0.73423	0.48536	0.45938	0.22443	0.21199	0.21699	0.22943	0.46438	0.49036	0.73923	0.777
919	0.77401	0.73657	0.48668	0.46092	0.22504	0.21276	0.21776	0.23004	0.46592	0.49168	0.74157	0.77901
920	0.77583	0.73891	0.48785	0.46245	0.22559	0.21353	0.21853	0.23059	0.46745	0.49285	0.74391	0.78083
921	0.77742	0.74119	0.48887	0.46395	0.22605	0.21428	0.21928	0.23105	0.46895	0.49387	0.74619	0.78242
922	0.77876	0.74335	0.48972	0.46536	0.22642	0.21498	0.21998	0.23142	0.47036	0.49472	0.74835	0.78376
923	0.77985	0.74535	0.49041	0.46667	0.22672	0.21563	0.22063	0.23172	0.47167	0.49541	0.75035	0.78485
924	0.78069	0.74716	0.49094	0.46785	0.22694	0.21622	0.22122	0.23194	0.47285	0.49594	0.75216	0.78569
925	0.78128	0.74875	0.49131	0.46889	0.22709	0.21673	0.22173	0.23209	0.47389	0.49631	0.75375	0.78628
926	0.78165	0.7501	0.49153	0.46977	0.22718	0.21717	0.22217	0.23218	0.47477	0.49653	0.7551	0.78665
927	0.78178	0.7512	0.49161	0.47049	0.22721	0.21753	0.22253	0.23221	0.47549	0.49661	0.7562	0.78678
928	0.78169	0.75206	0.49156	0.47106	0.22719	0.21781	0.22281	0.23219	0.47606	0.49656	0.75706	0.78669
929	0.78138	0.75268	0.49137	0.47147	0.22711	0.21802	0.22302	0.23211	0.47647	0.49637	0.75768	0.78638
930	0.78085	0.75306	0.49105	0.47172	0.22698	0.21815	0.22315	0.23198	0.47672	0.49605	0.75806	0.78585
931	0.78008	0.75321	0.49058	0.47182	0.2268	0.21821	0.22321	0.2318	0.47682	0.49558	0.75821	0.78508
932	0.77907	0.75312	0.48996	0.47177	0.22654	0.21819	0.22319	0.23154	0.47677	0.49496	0.75812	0.78407
933	0.77782	0.75279	0.48918	0.47157	0.22621	0.2181	0.2231	0.23121	0.47657	0.49418	0.75779	0.78282
934	0.77631	0.75222	0.48823	0.47121	0.2258	0.21793	0.22293	0.2308	0.47621	0.49323	0.75722	0.78131
935	0.77455	0.75142	0.48712	0.4707	0.2253	0.21768	0.22268	0.2303	0.4757	0.49212	0.75642	0.77955
937	0.77256	0.75039	0.48584	0.47003	0.22471	0.21737	0.22237	0.22971	0.47503	0.49084	0.75539	0.77756
938	0.77035	0.74912	0.48441	0.46922	0.22403	0.21697	0.22197	0.22903	0.47422	0.48941	0.75412	0.77535
939	0.76796	0.74762	0.48285	0.46826	0.22327	0.21651	0.22151	0.22827	0.47326	0.48785	0.75262	0.77296
940	0.76545	0.74593	0.48119	0.46716	0.22244	0.21598	0.22098	0.22744	0.47216	0.48619	0.75093	0.77045
941	0.76288	0.74406	0.47948	0.46596	0.22158	0.21539	0.22039	0.22658	0.47096	0.48448	0.74906	0.76788
942	0.76034	0.74206	0.47777	0.46466	0.2207	0.21477	0.21977	0.2257	0.46966	0.48277	0.74706	0.76534
943	0.75792	0.73996	0.47613	0.46331	0.21984	0.21412	0.21912	0.22484	0.46831	0.48113	0.74496	0.76292
944	0.75569	0.73785	0.47461	0.46194	0.21903	0.21346	0.21846	0.22403	0.46694	0.47961	0.74285	0.76069
945	0.75375	0.73576	0.47327	0.4606	0.2183	0.21282	0.21782	0.2233	0.4656	0.47827	0.74076	0.75875
946	0.75219	0.73379	0.47218	0.45932	0.2177	0.21221	0.21721	0.2227	0.46432	0.47718	0.73879	0.75719
947	0.75105	0.73199	0.47138	0.45817	0.21724	0.21166	0.21666	0.22224	0.46317	0.47638	0.73699	0.75605
948	0.7504	0.73044	0.4709	0.45717	0.21695	0.21119	0.21619	0.22195	0.46217	0.4759	0.73544	0.7554
949	0.75026	0.72919	0.47077	0.45637	0.21684	0.21081	0.21581	0.22184	0.46137	0.47577	0.73419	0.75526
950	0.75064	0.72829	0.47098	0.4558	0.21692	0.21055	0.21555	0.22192	0.4608	0.47598	0.73329	0.75564
951	0.75151	0.72779	0.47153	0.45548	0.21717	0.21041	0.21541	0.22217	0.46048	0.47653	0.73279	0.75651
952	0.75284	0.72769	0.47239	0.45544	0.21759	0.2104	0.2154	0.22259	0.46044	0.47739	0.73269	0.75784
953	0.75455	0.728	0.47352	0.45565	0.21814	0.21051	0.21551	0.22314	0.46065	0.47852	0.733	0.75955
954	0.75658	0.72871	0.47485	0.45613	0.2188	0.21076	0.21576	0.2238	0.46113	0.47985	0.73371	0.76158
955	0.75883	0.72978	0.47634	0.45684	0.21953	0.21111	0.21611	0.22453	0.46184	0.48134	0.73478	0.76383
956	0.76122	0.73117	0.47791	0.45776	0.2203	0.21156	0.21656	0.2253	0.46276	0.48291	0.73617	0.76622
958	0.76367	0.73283	0.47951	0.45886	0.22108	0.2121	0.2171	0.22608	0.46386	0.48451	0.73783	0.76867
959	0.76606	0.73468	0.48107	0.46007	0.22182	0.2127	0.2177	0.22682	0.46507	0.48607	0.73968	0.77106
960	0.76834	0.73667	0.48255	0.46137	0.22251	0.21334	0.21834	0.22751	0.46637	0.48755	0.74167	0.77334
961	0.77044	0.73872	0.4839	0.46272	0.22312	0.21399	0.21899	0.22812	0.46772	0.4889	0.74372	0.77544
962	0.77233	0.74077	0.4851	0.46406	0.22364	0.21464	0.21964	0.22864	0.46906	0.4901	0.74577	0.77733
963	0.77398	0.74276	0.48613	0.46536	0.22407	0.21528	0.22028	0.22907	0.47036	0.49113	0.74776	0.77898
964	0.77537	0.74465	0.48698	0.46659	0.22441	0.21588	0.22088	0.22941	0.47159	0.49198	0.74965	0.78037
965	0.77649	0.7464	0.48766	0.46773	0.22467	0.21643	0.22143	0.22967	0.47273	0.49266	0.7514	0.78149
966	0.77736	0.74798	0.48817	0.46876	0.22484	0.21692	0.22192	0.22984	0.47376	0.49317	0.75298	0.78236
967	0.77797	0.74936	0.48853	0.46965	0.22495	0.21735	0.22235	0.22995	0.47465	0.49353	0.75436	0.78297
968	0.77835	0.75053	0.48873	0.47041	0.225	0.21772	0.22272	0.23	0.47541	0.49373	0.75553	0.78335
969	0.77849	0.75149	0.4888	0.47103	0.225	0.21801	0.22301	0.23	0.47603	0.4938	0.75649	0.78349
970	0.77839	0.75223	0.48872	0.47151	0.22496	0.21823	0.22323	0.22996	0.47651	0.49372	0.75723	0.78339
971	0.77806	0.75275	0.48851	0.47185	0.22487	0.21838	0.22338	0.22987	0.47685	0.49351	0.75775	0.78306
972	0.77747	0.75304	0.48815	0.47203	0.22473	0.21845	0.22345	0.22973	0.47703	0.49315	0.75804	0.78247
973	0.77662	0.75311	0.48764	0.47208	0.22453	0.21846	0.22346	0.22953	0.47708	0.49264	0.75811	0.78162
974	0.7755	0.75295	0.48696	0.47197	0.22427	0.2184	0.2234	0.22927	0.47697	0.49196	0.75795	0.7805
975	0.77409	0.75256	0.48609	0.47172	0.22394	0.21827	0.22327	0.22894	0.47672	0.49109	0.75756	0.77909
976	0.77238	0.75194	0.48505	0.47132	0.22351	0.21807	0.22307	0.22851	0.47632	0.49005	0.75694	0.77738
977	0.77039	0.75108	0.48381	0.47076	0.223	0.21781	0.22281	0.228	0.47576	0.48881	0.75608	0.77539
979	0.76814	0.74999	0.48241	0.47007	0.22239	0.21748	0.22248	0.22739	0.47507	0.48741	0.75499	0.77314
980	0.76564	0.74868	0.48084	0.46922	0.22169	0.21709	0.22209	0.22669	0.47422	0.48584	0.75368	0.77064
981	0.76297	0.74717	0.47914	0.46825	0.22091	0.21665	0.22165	0.22591	0.47325	0.48414	0.75217	0.76797
982	0.76018	0.74549	0.47736	0.46717	0.22008	0.21615	0.22115	0.22508	0.47217	0.48236	0.75049	0.76518
983	0.75736	0.74368	0.47554	0.466	0.2192	0.21563	0.22063	0.2242	0.471	0.48054	0.74868	0.76236
984	0.7546	0.74177	0.47376	0.46477	0.21833	0.21508	0.22008	0.22333	0.46977	0.47876	0.74677	0.7596
985	0.75201	0.73985	0.47207	0.46353	0.21749	0.21453	0.21953	0.22249	0.46853	0.47707	0.74485	0.75701
986	0.74969	0.73796	0.47054	0.46232	0.21672	0.21399	0.21899	0.22172	0.46732	0.47554	0.74296	0.75469
987	0.74772	0.73618	0.46924	0.46118	0.21605	0.21348	0.21848	0.22105	0.46618	0.47424	0.74118	0.75272
988	0.74619	0.73457	0.46823	0.46015	0.21552	0.21303	0.21803	0.22052	0.46515	0.47323	0.73957	0.75119
989	0.74517	0.73321	0.46754	0.45929	0.21515	0.21265	0.21765	0.22015	0.46429	0.47254	0.73821	0.75017
990	0.74471	0.73215	0.46721	0.45862	0.21496	0.21236	0.21736	0.21996	0.46362	0.47221	0.73715	0.74971
991	0.74481	0.73145	0.46725	0.45819	0.21497	0.21217	0.21717	0.21997	0.46319	0.47225	0.73645	0.74981
992	0.74549	0.73113	0.46767	0.45801	0.21516	0.2121	0.2171	0.22016	0.46301	0.47267	0.73613	0.75049
993	0.74671	0.73122	0.46845	0.45809	0.21555	0.21215	0.21715	0.22055	0.46309	0.47345	0.73622	0.75171
994	0.74842	0.73172	0.46955	0.45845	0.21609	0.21232	0.21732	0.22109	0.46345	0.47455	0.73672	0.75342
995	0.75054	0.73261	0.47092	0.45906	0.21679	0.21261	0.21761	0.22179	0.46406	0.47592	0.73761	0.75554
996	0.75299	0.73385	0.4725	0.4599	0.21759	0.21301	0.21801	0.22259	0.4649	0.4775	0.73885	0.75799
997	0.75568	0.7354	0.47423	0.46094	0.21846	0.2135	0.2185	0.22346	0.46594	0.47923	0.7404	0.76068
998	0.75848	0.73719	0.47605	0.46213	0.21938	0.21406	0.21906	0.22438	0.46713	0.48105	0.74219	0.76348
1000	0.76132	0.73914	0.47788	0.46344	0.2203	0.21467	0.21967	0.2253	0.46844	0.48288	0.74414	0.76632
