	--	--
0	0.99924	7.5E-4
1	0.99773	0.00226
2	0.99666	0.00333
3	0.99545	0.00455
4	0.99334	0.00668
5	0.99106	0.00895
6	0.98894	0.01105
7	0.98621	0.01379
8	0.98408	0.01591
9	0.98091	0.01908
10	0.97908	0.02091
11	0.97636	0.02365
12	0.97379	0.02621
13	0.97136	0.02863
14	0.96636	0.03363
15	0.96287	0.03711
16	0.96015	0.03983
17	0.95727	0.04273
18	0.95393	0.04606
19	0.95045	0.04954
20	0.94697	0.05302
21	0.94484	0.05514
22	0.94212	0.05786
23	0.93879	0.06121
24	0.9347	0.06529
25	0.93196	0.06804
26	0.92787	0.07213
27	0.92303	0.07697
28	0.92045	0.07956
29	0.91803	0.08198
30	0.91499	0.085
31	0.9103	0.08969
32	0.90803	0.09198
33	0.90575	0.09423
34	0.90271	0.09727
35	0.90015	0.09985
36	0.89712	0.10288
37	0.89469	0.1053
38	0.89318	0.10681
39	0.89	0.11001
40	0.88712	0.11289
41	0.8847	0.11531
42	0.88181	0.11818
43	0.87863	0.12135
44	0.87697	0.12303
45	0.87469	0.12529
46	0.87121	0.12878
47	0.86893	0.13104
48	0.86635	0.13361
49	0.86423	0.13574
50	0.86181	0.13819
51	0.85802	0.14197
52	0.85455	0.14546
53	0.85167	0.14834
54	0.84879	0.1512
55	0.84592	0.15409
56	0.84349	0.1565
57	0.8394	0.1606
58	0.83727	0.16272
59	0.83577	0.16424
60	0.8338	0.16622
61	0.83031	0.1697
62	0.82804	0.17199
63	0.82532	0.17469
64	0.8232	0.17681
65	0.82062	0.17939
66	0.81743	0.18257
67	0.81516	0.18486
68	0.81243	0.18758
69	0.80941	0.19061
70	0.80698	0.19302
71	0.80455	0.19545
72	0.80199	0.19803
73	0.79835	0.20167
74	0.79608	0.20394
75	0.79304	0.20696
76	0.79061	0.20939
77	0.7891	0.21092
78	0.78622	0.2138
79	0.78259	0.21743
80	0.78016	0.21986
81	0.77803	0.22196
82	0.77696	0.22303
83	0.77516	0.22485
84	0.77303	0.22697
85	0.7709	0.2291
86	0.76803	0.23197
87	0.76515	0.23485
88	0.76272	0.23727
89	0.75985	0.24015
90	0.75758	0.24243
91	0.75636	0.24362
92	0.75424	0.24575
93	0.75151	0.24847
94	0.74954	0.25044
95	0.74681	0.25318
96	0.74531	0.2547
97	0.74319	0.25681
98	0.74106	0.25894
99	0.74016	0.25986
100	0.73895	0.26108
101	0.73682	0.26319
102	0.73425	0.26576
103	0.73092	0.2691
104	0.72939	0.27062
105	0.72653	0.27349
106	0.72501	0.27499
107	0.72197	0.27803
108	0.72092	0.27908
109	0.71939	0.28059
110	0.71697	0.28302
111	0.715	0.28501
112	0.71333	0.28666
113	0.71105	0.28895
114	0.70907	0.29092
115	0.70756	0.29242
116	0.70621	0.29378
117	0.70453	0.29545
118	0.70271	0.29727
119	0.7012	0.2988
120	0.69983	0.30014
121	0.69757	0.30241
122	0.69636	0.30363
123	0.69501	0.30501
124	0.69394	0.30606
125	0.69273	0.30729
126	0.69107	0.30895
127	0.6903	0.30971
128	0.68909	0.31091
129	0.68804	0.31198
130	0.68636	0.31364
131	0.68454	0.31546
132	0.68228	0.31774
133	0.68061	0.31941
134	0.67879	0.32122
135	0.67741	0.32256
136	0.67621	0.32378
137	0.67438	0.3256
138	0.67334	0.32667
139	0.67151	0.3285
140	0.6709	0.32908
141	0.66923	0.33077
142	0.66757	0.33242
143	0.66666	0.33333
144	0.6659	0.33409
145	0.66456	0.33543
146	0.66258	0.33741
147	0.66091	0.33909
148	0.65939	0.3406
149	0.65788	0.34213
150	0.65591	0.3441
151	0.65499	0.345
152	0.65303	0.34696
153	0.65211	0.34787
154	0.65106	0.34895
155	0.64955	0.35045
156	0.64803	0.35197
157	0.64697	0.35302
158	0.64607	0.35393
159	0.64575	0.35424
160	0.64454	0.35544
161	0.64348	0.35653
162	0.64151	0.35848
163	0.6403	0.3597
164	0.63924	0.36076
165	0.63757	0.36245
166	0.63666	0.36334
167	0.6353	0.36469
168	0.63454	0.36545
169	0.63273	0.36727
170	0.63076	0.36923
171	0.6294	0.37061
172	0.62849	0.37151
173	0.62711	0.37288
174	0.62651	0.37349
175	0.62514	0.37485
176	0.62423	0.37576
177	0.62348	0.37652
178	0.62257	0.37743
179	0.62136	0.37865
180	0.62015	0.37986
181	0.61954	0.38047
182	0.61848	0.38151
183	0.61833	0.38168
184	0.61727	0.38273
185	0.61635	0.38364
186	0.61531	0.3847
187	0.61424	0.38576
188	0.61349	0.38653
189	0.61258	0.38742
190	0.61228	0.38772
191	0.61135	0.38864
192	0.6094	0.39061
193	0.60849	0.39152
194	0.60743	0.39258
195	0.60652	0.3935
196	0.6044	0.39561
197	0.60288	0.39711
198	0.60227	0.39773
199	0.60152	0.3985
200	0.6	0.40002
201	0.59955	0.40047
202	0.59894	0.40106
203	0.59804	0.40197
204	0.59682	0.40319
205	0.59651	0.40347
206	0.59621	0.40378
207	0.59546	0.40455
208	0.595	0.405
209	0.5938	0.40621
210	0.59334	0.40666
211	0.59242	0.40757
212	0.59166	0.40833
213	0.59076	0.40925
214	0.59	0.40999
215	0.58833	0.41166
216	0.58773	0.41227
217	0.58651	0.41348
218	0.58514	0.41485
219	0.58409	0.41589
220	0.58243	0.41757
221	0.58182	0.41818
222	0.58076	0.41926
223	0.58015	0.41985
224	0.57924	0.42075
225	0.57878	0.42123
226	0.57819	0.42182
227	0.57802	0.42197
228	0.57742	0.42258
229	0.57637	0.42363
230	0.57486	0.42515
231	0.5744	0.4256
232	0.5732	0.42683
233	0.57243	0.42759
234	0.57182	0.4282
235	0.57152	0.42848
236	0.57122	0.42877
237	0.57045	0.42955
238	0.57045	0.42954
239	0.57014	0.42985
240	0.57	0.43
241	0.56954	0.43046
242	0.56923	0.43077
243	0.56863	0.43135
244	0.56771	0.43227
245	0.56696	0.43303
246	0.56666	0.43334
247	0.56621	0.4338
248	0.56575	0.43425
249	0.56514	0.43485
250	0.56469	0.4353
251	0.56424	0.43576
252	0.56393	0.43607
253	0.56303	0.43697
254	0.56213	0.43788
255	0.56152	0.43849
256	0.56152	0.43849
257	0.56122	0.43878
258	0.56062	0.43939
259	0.55986	0.44013
260	0.55926	0.44073
261	0.55865	0.44136
262	0.55819	0.44183
263	0.55773	0.44227
264	0.55728	0.44271
265	0.55713	0.44287
266	0.55652	0.44349
267	0.55591	0.44408
268	0.55546	0.44455
269	0.55499	0.44499
270	0.5544	0.44562
271	0.55348	0.44652
272	0.55318	0.44683
273	0.55303	0.44699
274	0.55288	0.44713
275	0.55212	0.44789
276	0.55151	0.4485
277	0.55107	0.44895
278	0.55044	0.44955
279	0.55059	0.44939
280	0.54999	0.45
281	0.54954	0.45045
282	0.54938	0.45062
283	0.54923	0.45076
284	0.54877	0.45122
285	0.54801	0.45197
286	0.54725	0.45273
287	0.54695	0.45303
288	0.5465	0.4535
289	0.54606	0.45395
290	0.54605	0.45395
291	0.54515	0.45485
292	0.54439	0.4556
293	0.54364	0.45635
294	0.54349	0.45652
295	0.54288	0.45712
296	0.54272	0.45726
297	0.54257	0.45742
298	0.54227	0.45772
299	0.54152	0.4585
300	0.54136	0.45865
301	0.54107	0.45894
302	0.54091	0.45909
303	0.54015	0.45986
304	0.53985	0.46016
305	0.53985	0.46016
306	0.53969	0.46033
307	0.53924	0.46077
308	0.53939	0.4606
309	0.53924	0.46074
310	0.53909	0.4609
311	0.53848	0.46151
312	0.53848	0.46151
313	0.53787	0.46212
314	0.53772	0.46227
315	0.53741	0.46257
316	0.5365	0.46348
317	0.53605	0.46395
318	0.53591	0.46409
319	0.53545	0.46454
320	0.53469	0.46531
321	0.53424	0.46576
322	0.53378	0.46622
323	0.53317	0.46681
324	0.53318	0.46682
325	0.53302	0.46698
326	0.53257	0.46742
327	0.53242	0.46757
328	0.53212	0.46789
329	0.53167	0.46835
330	0.53151	0.46849
331	0.53107	0.46895
332	0.53105	0.46896
333	0.53091	0.46909
334	0.53045	0.46954
335	0.53046	0.46955
336	0.53015	0.46986
337	0.52985	0.47016
338	0.52985	0.47015
339	0.5297	0.47031
340	0.52909	0.47092
341	0.52894	0.47105
342	0.52804	0.47196
343	0.52757	0.47242
344	0.52727	0.47273
345	0.52667	0.47332
346	0.52605	0.47394
347	0.52575	0.47424
348	0.52545	0.47453
349	0.52516	0.47484
350	0.52485	0.47515
351	0.52455	0.47545
352	0.52441	0.47561
353	0.52394	0.47606
354	0.52302	0.47697
355	0.52272	0.47728
356	0.52273	0.47728
357	0.52181	0.47821
358	0.52153	0.47848
359	0.52076	0.47925
360	0.52031	0.47969
361	0.5197	0.48029
362	0.51923	0.48076
363	0.51879	0.48122
364	0.51863	0.48137
365	0.51818	0.48181
366	0.51818	0.48182
367	0.51741	0.48259
368	0.51696	0.48302
369	0.51634	0.48365
370	0.5165	0.48348
371	0.51621	0.48378
372	0.51621	0.48378
373	0.5159	0.48409
374	0.5153	0.48469
375	0.5147	0.48528
376	0.5147	0.48531
377	0.51455	0.48546
378	0.5138	0.4862
379	0.51319	0.48681
380	0.51287	0.48713
381	0.51258	0.48743
382	0.51258	0.48742
383	0.51196	0.48801
384	0.51151	0.48847
385	0.51152	0.48848
386	0.51107	0.48893
387	0.51076	0.48924
388	0.5106	0.48939
389	0.51075	0.48924
390	0.51047	0.48954
391	0.5103	0.48969
392	0.50984	0.49014
393	0.51	0.48999
394	0.50984	0.49016
395	0.50956	0.49045
396	0.50925	0.49074
397	0.50909	0.49091
398	0.5088	0.49121
399	0.50803	0.49197
400	0.50787	0.49214
401	0.50772	0.49228
402	0.50758	0.49243
403	0.50803	0.49199
404	0.50802	0.49198
405	0.50771	0.49229
406	0.50726	0.49275
407	0.50727	0.49275
408	0.50696	0.49305
409	0.50666	0.49335
410	0.5065	0.49349
411	0.5056	0.4944
412	0.5053	0.49469
413	0.50484	0.49514
414	0.50424	0.49574
415	0.50393	0.49606
416	0.50379	0.4962
417	0.50333	0.49666
418	0.50288	0.49711
419	0.50305	0.49696
420	0.50273	0.49726
421	0.50228	0.49771
422	0.50197	0.49803
423	0.50138	0.49863
424	0.50121	0.49878
425	0.50104	0.49894
426	0.5012	0.49878
427	0.50122	0.49877
428	0.50045	0.49954
429	0.50015	0.49984
430	0.49939	0.50062
431	0.4991	0.5009
432	0.49909	0.50092
433	0.4991	0.50091
434	0.49863	0.50135
435	0.49818	0.50182
436	0.49818	0.50184
437	0.49803	0.50197
438	0.49819	0.50181
439	0.49744	0.50259
440	0.49681	0.50318
441	0.49666	0.50334
442	0.49636	0.50364
443	0.4962	0.50378
444	0.4962	0.50379
445	0.49575	0.50424
446	0.49545	0.50456
447	0.495	0.50501
448	0.49469	0.50529
449	0.49454	0.50545
450	0.49454	0.50544
451	0.49438	0.5056
452	0.49409	0.50591
453	0.49334	0.50666
454	0.49303	0.50698
455	0.49303	0.50698
456	0.49289	0.50713
457	0.49182	0.5082
458	0.49151	0.50849
459	0.49091	0.50909
460	0.49059	0.50938
461	0.49014	0.50985
462	0.48985	0.51016
463	0.4897	0.51031
464	0.48969	0.51032
465	0.48923	0.51076
466	0.48894	0.51106
467	0.48863	0.51139
468	0.48864	0.51138
469	0.48834	0.51169
470	0.48834	0.51169
471	0.48819	0.51184
472	0.48773	0.51229
473	0.48759	0.51243
474	0.48743	0.5126
475	0.48743	0.51259
476	0.48713	0.5129
477	0.48682	0.51317
478	0.48665	0.51332
479	0.48666	0.51333
480	0.48651	0.51348
481	0.48652	0.51349
482	0.48621	0.51379
483	0.4862	0.51378
484	0.48637	0.51364
485	0.48607	0.51394
486	0.48591	0.51409
487	0.48575	0.51426
488	0.4856	0.5144
489	0.4856	0.51441
490	0.48545	0.51455
491	0.48531	0.5147
492	0.48484	0.51516
493	0.48485	0.51515
494	0.48469	0.51531
495	0.48439	0.51562
496	0.48424	0.51577
497	0.48394	0.51608
498	0.48334	0.51667
499	0.48319	0.51682
500	0.4832	0.51684
501	0.48287	0.51714
502	0.48271	0.5173
503	0.48302	0.51699
504	0.48271	0.5173
505	0.48241	0.51759
506	0.48257	0.51743
507	0.48257	0.51744
508	0.48197	0.51803
509	0.48182	0.51818
510	0.48166	0.51833
511	0.48152	0.51849
512	0.48137	0.51865
513	0.48136	0.51862
514	0.48151	0.51848
515	0.48106	0.51894
516	0.48076	0.51924
517	0.4809	0.5191
518	0.4803	0.5197
519	0.4803	0.5197
520	0.48016	0.51985
521	0.47985	0.52015
522	0.47955	0.52046
523	0.47955	0.52047
524	0.47924	0.52077
525	0.47923	0.52076
526	0.47878	0.52121
527	0.47864	0.52137
528	0.47864	0.52137
529	0.47819	0.52184
530	0.47787	0.52213
531	0.47773	0.52228
532	0.47773	0.52229
533	0.47713	0.52288
534	0.47712	0.52289
535	0.47667	0.52334
536	0.47636	0.52365
537	0.47591	0.52411
538	0.47561	0.52441
539	0.47561	0.52441
540	0.47561	0.52441
541	0.4756	0.52441
542	0.47577	0.52426
543	0.4756	0.5244
544	0.47545	0.52455
545	0.4756	0.5244
546	0.47546	0.52455
547	0.47546	0.52456
548	0.4753	0.52472
549	0.47529	0.52472
550	0.47499	0.52501
551	0.47515	0.52486
552	0.47484	0.52517
553	0.47483	0.52516
554	0.47438	0.52562
555	0.47424	0.52576
556	0.47424	0.52576
557	0.47409	0.52591
558	0.47364	0.52637
559	0.47349	0.52651
560	0.47318	0.52683
561	0.47303	0.52698
562	0.47302	0.52698
563	0.47302	0.52698
564	0.47273	0.52729
565	0.47242	0.52758
566	0.47227	0.52772
567	0.47197	0.52803
568	0.47197	0.52805
569	0.47212	0.5279
570	0.47197	0.52805
571	0.47211	0.52789
572	0.47212	0.52788
573	0.47195	0.52804
574	0.47196	0.52804
575	0.47195	0.52803
576	0.4718	0.52817
577	0.47136	0.52864
578	0.47121	0.52878
579	0.4709	0.5291
580	0.47091	0.52909
581	0.47122	0.5288
582	0.47107	0.52895
583	0.47107	0.52895
584	0.47046	0.52956
585	0.47015	0.52986
586	0.4703	0.52969
587	0.47061	0.52939
588	0.47046	0.52955
589	0.47017	0.52985
590	0.46987	0.53016
591	0.46986	0.53015
592	0.46957	0.53045
593	0.4691	0.5309
594	0.46908	0.5309
595	0.46908	0.53091
596	0.46908	0.53091
597	0.46892	0.53106
598	0.46893	0.53105
599	0.46877	0.53121
600	0.46863	0.53137
601	0.46833	0.53167
602	0.46788	0.53213
603	0.46787	0.53212
604	0.46757	0.53242
605	0.46742	0.53258
606	0.46727	0.53273
607	0.46712	0.53289
608	0.46711	0.5329
609	0.46681	0.53319
610	0.46606	0.53394
611	0.46621	0.5338
612	0.46622	0.53379
613	0.46576	0.53426
614	0.46606	0.53395
615	0.46606	0.53394
616	0.46576	0.53423
617	0.46576	0.53424
618	0.46576	0.53424
619	0.46576	0.53425
620	0.46561	0.5344
621	0.46531	0.53471
622	0.46531	0.5347
623	0.4653	0.5347
624	0.465	0.535
625	0.465	0.53499
626	0.4653	0.5347
627	0.4653	0.5347
628	0.46531	0.5347
629	0.465	0.535
630	0.46502	0.535
631	0.46425	0.53575
632	0.46425	0.53576
633	0.46409	0.53592
634	0.46424	0.53576
635	0.46409	0.53593
636	0.46409	0.5359
637	0.46379	0.5362
638	0.46334	0.53666
639	0.46318	0.53682
640	0.46303	0.53697
641	0.46242	0.53758
642	0.46257	0.53743
643	0.46258	0.53743
644	0.46258	0.53744
645	0.46243	0.53759
646	0.46228	0.53773
647	0.46242	0.53759
648	0.46227	0.53774
649	0.46227	0.53774
650	0.46243	0.5376
651	0.46228	0.53773
652	0.46183	0.5382
653	0.46182	0.53818
654	0.46212	0.53789
655	0.46183	0.53818
656	0.46197	0.53804
657	0.46182	0.53817
658	0.46166	0.53833
659	0.4612	0.53879
660	0.46136	0.53863
661	0.46122	0.5388
662	0.46122	0.53879
663	0.46076	0.53924
664	0.46062	0.53941
665	0.46061	0.5394
666	0.46061	0.53941
667	0.4606	0.5394
668	0.46046	0.53956
669	0.46046	0.53954
670	0.46061	0.5394
671	0.46062	0.5394
672	0.46031	0.5397
673	0.46061	0.53941
674	0.46045	0.53956
675	0.46015	0.53985
676	0.46015	0.53985
677	0.46015	0.53986
678	0.4597	0.54031
679	0.4597	0.54031
680	0.4597	0.5403
681	0.46	0.53999
682	0.46	0.54
683	0.45986	0.54015
684	0.45955	0.54045
685	0.45955	0.54045
686	0.4594	0.5406
687	0.45879	0.54121
688	0.45895	0.54106
689	0.45881	0.54122
690	0.45866	0.54137
691	0.45834	0.54166
692	0.45818	0.54183
693	0.45803	0.54196
694	0.45818	0.54181
695	0.45789	0.54212
696	0.45773	0.54227
697	0.45756	0.54242
698	0.45757	0.54243
699	0.45757	0.54242
700	0.45728	0.54273
701	0.45728	0.54273
702	0.45727	0.54272
703	0.45712	0.54288
704	0.45681	0.54318
705	0.45697	0.54302
706	0.45696	0.54303
707	0.45711	0.54288
708	0.45711	0.54288
709	0.45712	0.54289
710	0.45681	0.54318
711	0.45696	0.54303
712	0.45681	0.54318
713	0.45681	0.54317
714	0.4568	0.54317
715	0.45665	0.54333
716	0.45665	0.54334
717	0.45681	0.54318
718	0.45667	0.54334
719	0.45591	0.54409
720	0.45621	0.5438
721	0.45621	0.5438
722	0.45591	0.54409
723	0.45561	0.54439
724	0.45546	0.54455
725	0.45545	0.54454
726	0.4556	0.54438
727	0.4556	0.54438
728	0.4556	0.54438
729	0.45531	0.54469
730	0.45516	0.54484
731	0.45486	0.54514
732	0.45486	0.54514
733	0.45471	0.54531
734	0.4547	0.54531
735	0.45425	0.54577
736	0.4544	0.54561
737	0.45411	0.54591
738	0.45411	0.54591
739	0.45411	0.54591
740	0.45426	0.54575
741	0.45441	0.5456
742	0.45441	0.5456
743	0.4544	0.54561
744	0.45454	0.54546
745	0.45454	0.54545
746	0.45409	0.5459
747	0.45455	0.54545
748	0.4544	0.54559
749	0.45409	0.5459
750	0.45395	0.54605
751	0.45365	0.54636
752	0.45349	0.54651
753	0.45363	0.54636
754	0.45347	0.5465
755	0.45287	0.54712
756	0.45287	0.54711
757	0.45288	0.54712
758	0.45287	0.54711
759	0.45257	0.54742
760	0.45242	0.54755
761	0.45258	0.5474
762	0.45243	0.54756
763	0.45244	0.54757
764	0.45273	0.54726
765	0.45272	0.54727
766	0.45303	0.54696
767	0.45303	0.54696
768	0.45303	0.54696
769	0.45303	0.54695
770	0.45288	0.54711
771	0.45288	0.54711
772	0.45258	0.54743
773	0.45242	0.54758
774	0.45212	0.54789
775	0.45212	0.54788
776	0.45197	0.54804
777	0.45198	0.54803
778	0.45168	0.54834
779	0.45092	0.5491
780	0.45093	0.54909
781	0.45108	0.54892
782	0.45092	0.54909
783	0.45093	0.54908
784	0.45092	0.54909
785	0.45092	0.54908
786	0.45076	0.54923
787	0.45061	0.54938
788	0.45061	0.54938
789	0.45046	0.54954
790	0.45046	0.54955
791	0.45046	0.54952
792	0.45016	0.54983
793	0.4503	0.54968
794	0.45015	0.54984
795	0.45031	0.5497
796	0.45014	0.54984
797	0.45014	0.54984
798	0.45014	0.54984
799	0.45015	0.54984
800	0.44969	0.55029
801	0.4497	0.55029
802	0.4494	0.5506
803	0.44985	0.55014
804	0.44986	0.55014
805	0.45001	0.54999
806	0.45001	0.55
807	0.45031	0.54969
808	0.45015	0.54984
809	0.44984	0.55015
810	0.44969	0.55029
811	0.44984	0.55014
812	0.44954	0.55043
813	0.44924	0.55074
814	0.44909	0.55089
815	0.44925	0.55074
816	0.44926	0.55075
817	0.44911	0.55091
818	0.44911	0.5509
819	0.44911	0.55089
820	0.44864	0.55135
821	0.44864	0.55135
822	0.44895	0.55105
823	0.44939	0.55059
824	0.4497	0.55029
825	0.4497	0.5503
826	0.4497	0.55029
827	0.44969	0.5503
828	0.44955	0.55044
829	0.44862	0.55135
830	0.44847	0.5515
831	0.44847	0.55149
832	0.44848	0.5515
833	0.44848	0.5515
834	0.44848	0.55149
835	0.44832	0.55165
836	0.44848	0.5515
837	0.44847	0.55151
838	0.44849	0.5515
839	0.44848	0.55151
840	0.44833	0.55166
841	0.44803	0.55196
842	0.44773	0.55227
843	0.44773	0.55226
844	0.44787	0.55211
845	0.44772	0.55226
846	0.44772	0.55226
847	0.44758	0.55242
848	0.44743	0.55257
849	0.44743	0.55256
850	0.44728	0.55271
851	0.44728	0.55271
852	0.44712	0.55288
853	0.44742	0.55257
854	0.44711	0.55287
855	0.44712	0.55286
856	0.44712	0.55286
857	0.44711	0.55287
858	0.44711	0.55287
859	0.44696	0.55301
860	0.44712	0.55286
861	0.44696	0.55302
862	0.44681	0.55318
863	0.44667	0.55333
864	0.44635	0.55362
865	0.4462	0.55377
866	0.4459	0.55409
867	0.4459	0.55409
868	0.4456	0.55439
869	0.4453	0.55469
870	0.44545	0.55454
871	0.44514	0.55484
872	0.44499	0.555
873	0.44484	0.55515
874	0.44484	0.55514
875	0.44484	0.55514
876	0.44499	0.55499
877	0.44484	0.55514
878	0.44499	0.555
879	0.44469	0.5553
880	0.44484	0.55515
881	0.4447	0.5553
882	0.44455	0.55544
883	0.44454	0.55544
884	0.4444	0.55561
885	0.44456	0.55546
886	0.44455	0.55546
887	0.4444	0.55561
888	0.4444	0.55561
889	0.4444	0.55561
890	0.44455	0.55545
891	0.4444	0.5556
892	0.4444	0.55561
893	0.44425	0.55576
894	0.44409	0.55592
895	0.44394	0.55607
896	0.44409	0.55591
897	0.44364	0.55637
898	0.44349	0.55653
899	0.44349	0.55652
900	0.4438	0.5562
901	0.4438	0.55619
902	0.44365	0.55636
903	0.44364	0.55637
904	0.4438	0.55621
905	0.44365	0.55634
906	0.44349	0.5565
907	0.44349	0.5565
908	0.44319	0.55681
909	0.44334	0.55666
910	0.44319	0.55682
911	0.44288	0.55712
912	0.44288	0.55711
913	0.44273	0.55726
914	0.44258	0.55741
915	0.44258	0.55741
916	0.44212	0.55786
917	0.44198	0.55802
918	0.44213	0.55786
919	0.44213	0.55786
920	0.44183	0.55816
921	0.44168	0.55831
922	0.44184	0.55817
923	0.44183	0.55817
924	0.44168	0.55832
925	0.44168	0.55832
926	0.44153	0.55848
927	0.44091	0.55908
928	0.44091	0.55908
929	0.44075	0.55924
930	0.44076	0.55923
931	0.44076	0.55924
932	0.44047	0.55954
933	0.44015	0.55984
934	0.43985	0.56014
935	0.4397	0.56029
936	0.43955	0.56044
937	0.4394	0.5606
938	0.4394	0.5606
939	0.43909	0.56091
940	0.43894	0.56104
941	0.43863	0.56135
942	0.43848	0.56151
943	0.43848	0.56151
944	0.43848	0.56151
945	0.43848	0.56151
946	0.43849	0.56151
947	0.43864	0.56136
948	0.43832	0.56166
949	0.43816	0.56182
950	0.43816	0.56181
951	0.43801	0.56197
952	0.43801	0.56197
953	0.43816	0.56181
954	0.43817	0.56181
955	0.43787	0.56212
956	0.43787	0.56211
957	0.43772	0.56227
958	0.43771	0.56227
959	0.43772	0.56227
960	0.43771	0.56227
961	0.43756	0.56242
962	0.43727	0.56272
963	0.43711	0.56287
964	0.43726	0.56272
965	0.43726	0.56272
966	0.43726	0.56272
967	0.43711	0.56287
968	0.43711	0.56288
969	0.43713	0.56288
970	0.43682	0.56318
971	0.43666	0.56332
972	0.43666	0.56332
973	0.43636	0.56362
974	0.43636	0.56362
975	0.43636	0.56363
976	0.43652	0.56348
977	0.43637	0.56363
978	0.43606	0.56394
979	0.43606	0.56393
980	0.43591	0.56408
981	0.43576	0.56424
982	0.43591	0.56409
983	0.43591	0.56408
984	0.43606	0.56393
985	0.43606	0.56393
986	0.43606	0.56394
987	0.43606	0.56394
988	0.43606	0.56394
989	0.43591	0.56409
990	0.43591	0.56409
991	0.43561	0.5644
992	0.43576	0.56424
993	0.43576	0.56422
994	0.43544	0.56453
995	0.43545	0.56453
996	0.4353	0.56468
997	0.4353	0.56469
998	0.4353	0.56469
999	0.43515	0.56483
1000	0.435	0.56498
1001	0.43485	0.56514
1002	0.4347	0.56529
1003	0.435	0.56498
1004	0.4347	0.56529
1005	0.43455	0.56543
1006	0.43455	0.56544
1007	0.43424	0.56574
1008	0.43424	0.56574
1009	0.43439	0.5656
1010	0.43439	0.5656
1011	0.43454	0.56544
1012	0.43439	0.56559
1013	0.43439	0.56559
1014	0.43424	0.56575
1015	0.4344	0.5656
1016	0.43471	0.5653
1017	0.43471	0.56529
1018	0.43441	0.5656
1019	0.43441	0.56559
1020	0.43441	0.56559
1021	0.43441	0.56559
1022	0.43441	0.5656
1023	0.43455	0.56543
1024	0.43455	0.56545
1025	0.4344	0.5656
1026	0.43425	0.56575
1027	0.43441	0.5656
1028	0.43441	0.5656
1029	0.4341	0.56589
1030	0.4341	0.56589
1031	0.4338	0.56621
1032	0.43379	0.5662
1033	0.43394	0.56605
1034	0.43394	0.56605
1035	0.4335	0.56651
1036	0.43335	0.56667
1037	0.4332	0.56682
1038	0.43304	0.56697
1039	0.43274	0.56727
1040	0.43243	0.56757
1041	0.43243	0.56757
1042	0.43274	0.56727
1043	0.43304	0.56697
1044	0.43289	0.56712
1045	0.43259	0.56743
1046	0.43259	0.56743
1047	0.43243	0.56759
1048	0.43244	0.56759
1049	0.43243	0.56758
1050	0.43213	0.56787
1051	0.43198	0.56803
1052	0.43167	0.56834
1053	0.43167	0.56833
1054	0.43167	0.56833
1055	0.43167	0.56833
1056	0.43167	0.56833
1057	0.43152	0.56848
1058	0.43122	0.56878
1059	0.43107	0.56894
1060	0.43106	0.56894
1061	0.43076	0.56925
1062	0.43061	0.5694
1063	0.43121	0.56878
1064	0.43121	0.56879
1065	0.43106	0.56894
1066	0.43076	0.56925
1067	0.43061	0.56939
1068	0.4306	0.56939
1069	0.43045	0.56955
1070	0.43014	0.56984
1071	0.43014	0.56985
1072	0.43014	0.56985
1073	0.43015	0.56985
1074	0.4303	0.5697
1075	0.42984	0.57015
1076	0.42984	0.57016
1077	0.4297	0.5703
1078	0.42986	0.57015
1079	0.42986	0.57015
1080	0.42986	0.57016
1081	0.42986	0.57015
1082	0.42955	0.57046
1083	0.4294	0.5706
1084	0.4294	0.57061
1085	0.42955	0.57046
1086	0.4291	0.57091
1087	0.4291	0.57091
1088	0.42893	0.57107
1089	0.42893	0.57105
1090	0.42893	0.57105
1091	0.42893	0.57105
1092	0.42893	0.57106
1093	0.42893	0.57106
1094	0.42878	0.57121
1095	0.42893	0.57106
1096	0.42908	0.57091
1097	0.42878	0.57121
1098	0.42878	0.57122
1099	0.42893	0.57106
1100	0.42878	0.57121
1101	0.42909	0.57091
1102	0.42909	0.57091
1103	0.42954	0.57045
1104	0.42954	0.57045
1105	0.42938	0.57061
1106	0.42953	0.57045
1107	0.42999	0.57
1108	0.42999	0.57
1109	0.43	0.57
1110	0.4303	0.56969
1111	0.4303	0.56968
1112	0.43015	0.56983
1113	0.42999	0.56998
1114	0.43029	0.56968
1115	0.42999	0.56999
1116	0.43	0.56999
1117	0.43	0.56999
1118	0.42985	0.57014
1119	0.42985	0.57015
1120	0.4297	0.57029
1121	0.42925	0.57075
1122	0.42925	0.57075
1123	0.4294	0.5706
1124	0.42939	0.5706
1125	0.42924	0.57075
1126	0.42924	0.57075
1127	0.42924	0.57074
1128	0.42894	0.57105
1129	0.42864	0.57135
1130	0.42864	0.57135
1131	0.42849	0.57152
1132	0.42833	0.57167
1133	0.42833	0.57167
1134	0.42833	0.57166
1135	0.42818	0.57181
1136	0.42818	0.57181
1137	0.42818	0.57182
1138	0.42818	0.57181
1139	0.42817	0.57181
1140	0.42787	0.57212
1141	0.42787	0.57211
1142	0.42787	0.57211
1143	0.42772	0.57226
1144	0.42787	0.57212
1145	0.42757	0.57242
1146	0.42727	0.57272
1147	0.42712	0.57287
1148	0.42667	0.57333
1149	0.42667	0.57333
1150	0.42697	0.57303
1151	0.42667	0.57333
1152	0.42652	0.57348
1153	0.42636	0.57363
1154	0.42606	0.57394
1155	0.42605	0.57394
1156	0.42635	0.57363
1157	0.42605	0.57395
1158	0.42575	0.57425
1159	0.42575	0.57425
1160	0.4259	0.57409
1161	0.42575	0.57424
1162	0.42575	0.57424
1163	0.42545	0.57455
1164	0.42545	0.57455
1165	0.42546	0.57454
1166	0.4253	0.5747
1167	0.42484	0.57515
1168	0.42454	0.57545
1169	0.42439	0.5756
1170	0.42424	0.57575
1171	0.42409	0.57591
1172	0.42424	0.57576
1173	0.42439	0.5756
1174	0.42423	0.57574
1175	0.42423	0.57575
1176	0.42423	0.57576
1177	0.42393	0.57605
1178	0.42393	0.57606
1179	0.42393	0.57606
1180	0.42378	0.57621
1181	0.42378	0.57621
1182	0.42363	0.57637
1183	0.42363	0.57637
1184	0.42394	0.57606
1185	0.42394	0.57607
1186	0.42363	0.57637
1187	0.42348	0.57652
1188	0.42288	0.57712
1189	0.42273	0.57729
1190	0.42273	0.57728
1191	0.42242	0.57758
1192	0.42242	0.57758
1193	0.42257	0.57742
1194	0.42258	0.57743
1195	0.42243	0.57758
1196	0.42213	0.57788
1197	0.42213	0.57788
1198	0.42182	0.57819
1199	0.42183	0.57819
1200	0.42182	0.57819
1201	0.42136	0.57864
1202	0.4209	0.5791
1203	0.4206	0.57939
1204	0.42045	0.57954
1205	0.42075	0.57924
1206	0.42075	0.57924
1207	0.4206	0.57938
1208	0.42075	0.57924
1209	0.42075	0.57923
1210	0.4206	0.57939
1211	0.42061	0.57938
1212	0.42061	0.57938
1213	0.42076	0.57924
1214	0.42076	0.57923
1215	0.42076	0.57924
1216	0.42076	0.57924
1217	0.42076	0.57924
1218	0.42076	0.57924
1219	0.42046	0.57954
1220	0.4203	0.5797
1221	0.42015	0.57984
1222	0.42015	0.57984
1223	0.42015	0.57984
1224	0.41999	0.58
1225	0.41984	0.58015
1226	0.41969	0.5803
1227	0.41968	0.5803
1228	0.41922	0.58076
1229	0.41922	0.58076
1230	0.41923	0.58077
1231	0.41954	0.58045
1232	0.41939	0.5806
1233	0.41938	0.58061
1234	0.41908	0.58092
1235	0.41908	0.58092
1236	0.41953	0.58046
1237	0.41923	0.58076
1238	0.41923	0.58076
1239	0.41908	0.58092
1240	0.41923	0.58076
1241	0.41908	0.58091
1242	0.41893	0.58107
1243	0.41893	0.58105
1244	0.41863	0.58136
1245	0.41863	0.58137
1246	0.41863	0.58137
1247	0.41833	0.58168
1248	0.41833	0.58167
1249	0.41833	0.58167
1250	0.41818	0.58181
1251	0.41787	0.58212
1252	0.41802	0.58197
1253	0.41772	0.58227
1254	0.41756	0.58242
1255	0.41741	0.58258
1256	0.41741	0.58257
1257	0.41741	0.58257
1258	0.41741	0.58257
1259	0.41741	0.58256
1260	0.41726	0.58271
1261	0.41726	0.58273
1262	0.4168	0.58318
1263	0.4168	0.58318
1264	0.41665	0.58333
1265	0.4165	0.58349
1266	0.41681	0.58319
1267	0.41666	0.58333
1268	0.41666	0.58333
1269	0.41636	0.58364
1270	0.41635	0.58364
1271	0.4162	0.58379
1272	0.4162	0.58379
1273	0.41636	0.58364
1274	0.41635	0.58364
1275	0.41605	0.58394
1276	0.41605	0.58394
1277	0.41605	0.58394
1278	0.41605	0.58394
1279	0.4159	0.58408
1280	0.4159	0.58409
1281	0.4156	0.58439
1282	0.41545	0.58453
1283	0.4156	0.58439
1284	0.41529	0.58469
1285	0.41514	0.58483
1286	0.41483	0.58514
1287	0.41483	0.58514
1288	0.41484	0.58514
1289	0.41484	0.58514
1290	0.41453	0.58544
1291	0.41438	0.58559
1292	0.41438	0.58559
1293	0.41378	0.58621
1294	0.41363	0.58636
1295	0.41363	0.58636
1296	0.41348	0.58651
1297	0.41348	0.58651
1298	0.41363	0.58635
1299	0.41363	0.58635
1300	0.41378	0.5862
1301	0.41378	0.5862
1302	0.41378	0.5862
1303	0.41409	0.5859
1304	0.41424	0.58575
1305	0.41409	0.5859
1306	0.41394	0.58606
1307	0.41379	0.58621
1308	0.41349	0.58651
1309	0.41349	0.58651
1310	0.41303	0.58696
1311	0.41273	0.58726
1312	0.41302	0.58697
1313	0.41349	0.58651
1314	0.41349	0.58651
1315	0.41349	0.58651
1316	0.41348	0.58651
1317	0.41333	0.58666
1318	0.41318	0.58681
1319	0.41318	0.58681
1320	0.41272	0.58726
1321	0.41258	0.58742
1322	0.41242	0.58757
1323	0.41242	0.58757
1324	0.41227	0.58773
1325	0.41211	0.58787
1326	0.41211	0.58787
1327	0.41226	0.58773
1328	0.41181	0.58819
1329	0.41166	0.58834
1330	0.41151	0.58848
1331	0.41121	0.58878
1332	0.41136	0.58863
1333	0.41091	0.58908
1334	0.41151	0.58849
1335	0.41151	0.58848
1336	0.41181	0.58818
1337	0.41181	0.58818
1338	0.41196	0.58803
1339	0.41196	0.58803
1340	0.41196	0.58803
1341	0.41211	0.58788
1342	0.41211	0.58787
1343	0.41227	0.58772
1344	0.41242	0.58757
1345	0.41226	0.58771
1346	0.41256	0.58741
1347	0.41241	0.58756
1348	0.41226	0.58772
1349	0.41181	0.58818
1350	0.41181	0.58818
1351	0.41181	0.58818
1352	0.41196	0.58802
1353	0.41226	0.58772
1354	0.41272	0.58726
1355	0.41317	0.5868
1356	0.41317	0.5868
1357	0.41302	0.58696
1358	0.41287	0.58711
1359	0.41287	0.58711
1360	0.41288	0.58711
1361	0.41318	0.58681
1362	0.41258	0.58742
1363	0.41242	0.58757
1364	0.41257	0.58742
1365	0.41258	0.58742
1366	0.41258	0.58742
1367	0.41272	0.58727
1368	0.41257	0.58742
1369	0.41242	0.58757
1370	0.41242	0.58757
1371	0.41227	0.58772
1372	0.41242	0.58757
1373	0.41241	0.58758
1374	0.41226	0.58772
1375	0.41211	0.58787
1376	0.41181	0.58818
1377	0.41181	0.58817
1378	0.41166	0.58832
1379	0.41166	0.58832
1380	0.41181	0.58818
1381	0.41151	0.58848
1382	0.41121	0.58878
1383	0.41122	0.58878
1384	0.41107	0.58894
1385	0.41092	0.58908
1386	0.41076	0.58923
1387	0.41061	0.58938
1388	0.41061	0.58938
1389	0.41045	0.58955
1390	0.41029	0.58969
1391	0.41045	0.58954
1392	0.4106	0.58938
1393	0.4106	0.58938
1394	0.41061	0.58938
1395	0.41076	0.58923
1396	0.41076	0.58924
1397	0.41091	0.58908
1398	0.41091	0.58909
1399	0.41091	0.58909
1400	0.41106	0.58894
1401	0.41091	0.58908
1402	0.41091	0.58909
1403	0.41091	0.58909
1404	0.4106	0.58939
1405	0.4103	0.5897
1406	0.41015	0.58984
1407	0.41	0.59
1408	0.40985	0.59015
1409	0.4097	0.5903
1410	0.40955	0.59045
1411	0.40925	0.59075
1412	0.40925	0.59075
1413	0.40924	0.59075
1414	0.40909	0.5909
1415	0.40909	0.59091
1416	0.40894	0.59106
1417	0.40925	0.59076
1418	0.40909	0.59091
1419	0.4091	0.5909
1420	0.40909	0.5909
1421	0.40909	0.5909
1422	0.40924	0.59074
1423	0.40939	0.5906
1424	0.40954	0.59044
1425	0.4094	0.5906
1426	0.40985	0.59014
1427	0.40985	0.59015
1428	0.40985	0.59015
1429	0.40984	0.59016
1430	0.40984	0.59015
1431	0.40999	0.58999
1432	0.40999	0.59
1433	0.40999	0.58999
1434	0.40969	0.59029
1435	0.40969	0.59029
1436	0.40985	0.59014
1437	0.40924	0.59075
1438	0.40909	0.5909
1439	0.40909	0.5909
1440	0.40909	0.5909
1441	0.40909	0.59091
1442	0.40909	0.59091
1443	0.40924	0.59075
1444	0.40878	0.59121
1445	0.40893	0.59106
1446	0.40878	0.5912
1447	0.40893	0.59105
1448	0.40893	0.59106
1449	0.40893	0.59107
1450	0.40878	0.59122
1451	0.40893	0.59107
1452	0.40877	0.59122
1453	0.40847	0.59152
1454	0.40878	0.59122
1455	0.40862	0.59137
1456	0.40862	0.59137
1457	0.40862	0.59137
1458	0.40847	0.59152
1459	0.40893	0.59105
1460	0.40878	0.59121
1461	0.40878	0.59121
1462	0.40863	0.59137
1463	0.40833	0.59166
1464	0.40848	0.59151
1465	0.40833	0.59166
1466	0.40803	0.59196
1467	0.40802	0.59197
1468	0.40772	0.59227
1469	0.40772	0.59227
1470	0.40772	0.59227
1471	0.40742	0.59257
1472	0.40727	0.59272
1473	0.40697	0.59304
1474	0.40697	0.59304
1475	0.40697	0.59303
1476	0.40712	0.59289
1477	0.40727	0.59274
1478	0.40697	0.59303
1479	0.40681	0.59318
1480	0.40666	0.59333
1481	0.40696	0.59303
1482	0.40681	0.59319
1483	0.40681	0.59317
1484	0.40696	0.59303
1485	0.40711	0.59288
1486	0.40711	0.59289
1487	0.40711	0.59289
1488	0.40712	0.59289
1489	0.40727	0.59273
1490	0.40712	0.59287
1491	0.40681	0.59318
1492	0.40681	0.59318
1493	0.40681	0.59318
1494	0.40666	0.59333
1495	0.40636	0.59364
1496	0.40651	0.59348
1497	0.40651	0.59348
1498	0.40636	0.59365
1499	0.40621	0.59379
1500	0.40621	0.5938
1501	0.40606	0.59395
1502	0.40621	0.5938
1503	0.40606	0.59395
1504	0.40636	0.59363
1505	0.40591	0.5941
1506	0.40621	0.59379
1507	0.40591	0.5941
1508	0.4056	0.5944
1509	0.4056	0.59438
1510	0.40545	0.59454
1511	0.40545	0.59454
1512	0.40515	0.59484
1513	0.405	0.595
1514	0.40515	0.59486
1515	0.40485	0.59514
1516	0.40469	0.59531
1517	0.40424	0.59575
1518	0.40424	0.59575
1519	0.40424	0.59575
1520	0.40409	0.5959
1521	0.40424	0.59575
1522	0.40424	0.59575
1523	0.4044	0.5956
1524	0.40439	0.59561
1525	0.40379	0.59621
1526	0.40394	0.59607
1527	0.40395	0.59606
1528	0.40395	0.59607
1529	0.40425	0.59576
1530	0.4041	0.59592
1531	0.40425	0.59577
1532	0.4038	0.59622
1533	0.4041	0.59591
1534	0.4044	0.59561
1535	0.4044	0.5956
1536	0.40425	0.59576
1537	0.40425	0.59576
1538	0.40395	0.59606
1539	0.4044	0.5956
1540	0.4044	0.5956
1541	0.40454	0.59545
1542	0.40439	0.59561
1543	0.40439	0.5956
1544	0.40424	0.59576
1545	0.40424	0.59576
1546	0.40455	0.59546
1547	0.4047	0.5953
1548	0.40439	0.59561
1549	0.40455	0.59546
1550	0.40455	0.59546
1551	0.4047	0.5953
1552	0.40455	0.59544
1553	0.4044	0.59561
1554	0.40425	0.59575
1555	0.40425	0.59576
1556	0.40425	0.59576
1557	0.40455	0.59546
1558	0.40424	0.59576
1559	0.40439	0.59561
1560	0.40424	0.59576
1561	0.40424	0.59576
1562	0.40394	0.59606
1563	0.40349	0.59652
1564	0.40349	0.59652
1565	0.40349	0.59652
1566	0.40319	0.59682
1567	0.40273	0.59728
1568	0.40273	0.59727
1569	0.40258	0.59742
1570	0.40289	0.59713
1571	0.40288	0.59713
1572	0.40287	0.59713
1573	0.40227	0.59773
1574	0.40273	0.59727
1575	0.40258	0.59743
1576	0.40258	0.59743
1577	0.40258	0.59743
1578	0.40243	0.59758
1579	0.40258	0.59742
1580	0.40242	0.59758
1581	0.40212	0.59788
1582	0.40197	0.59804
1583	0.40197	0.59804
1584	0.40212	0.59789
1585	0.40243	0.59758
1586	0.40243	0.59759
1587	0.40212	0.59789
1588	0.40181	0.59819
1589	0.40166	0.59835
1590	0.40182	0.59819
1591	0.40136	0.59864
1592	0.4009	0.59909
1593	0.40105	0.59894
1594	0.40075	0.59924
1595	0.4009	0.59908
1596	0.4009	0.59908
1597	0.40091	0.59909
1598	0.40076	0.59923
1599	0.40046	0.59954
1600	0.40015	0.59984
1601	0.39999	0.59999
1602	0.39999	0.59999
1603	0.40015	0.59984
1604	0.39984	0.60014
1605	0.39969	0.6003
1606	0.39969	0.6003
1607	0.39954	0.60045
1608	0.3997	0.6003
1609	0.39985	0.60015
1610	0.3997	0.6003
1611	0.39985	0.60015
1612	0.4	0.6
1613	0.3997	0.6003
1614	0.3997	0.6003
1615	0.3994	0.6006
1616	0.39955	0.60045
1617	0.39894	0.60106
1618	0.39894	0.60105
1619	0.39924	0.60075
1620	0.39894	0.60105
1621	0.39894	0.60106
1622	0.39879	0.60122
1623	0.39894	0.60105
1624	0.39924	0.60075
1625	0.39909	0.6009
1626	0.39924	0.60076
1627	0.39924	0.60076
1628	0.39924	0.60076
1629	0.39894	0.60106
1630	0.39924	0.60075
1631	0.39939	0.6006
1632	0.3994	0.60061
1633	0.39925	0.60075
1634	0.3994	0.60061
1635	0.39955	0.60045
1636	0.3997	0.60031
1637	0.3997	0.6003
1638	0.39955	0.60045
1639	0.39925	0.60075
1640	0.39941	0.6006
1641	0.39956	0.60045
1642	0.3994	0.6006
1643	0.3994	0.6006
1644	0.3994	0.6006
1645	0.39925	0.60076
1646	0.39925	0.60075
1647	0.39895	0.60105
1648	0.39879	0.6012
1649	0.39834	0.60166
1650	0.39819	0.60181
1651	0.39804	0.60196
1652	0.39773	0.60226
1653	0.39757	0.60241
1654	0.39757	0.60242
1655	0.39757	0.60242
1656	0.39757	0.60243
1657	0.39772	0.60228
1658	0.39757	0.60242
1659	0.39742	0.60256
1660	0.39712	0.60287
1661	0.39712	0.60288
1662	0.39712	0.60288
1663	0.39712	0.60287
1664	0.39651	0.60348
1665	0.39636	0.60363
1666	0.39621	0.60378
1667	0.39621	0.60378
1668	0.3956	0.60439
1669	0.39575	0.60424
1670	0.39591	0.60408
1671	0.39591	0.60409
1672	0.39576	0.60424
1673	0.39576	0.60424
1674	0.39561	0.60438
1675	0.39546	0.60454
1676	0.39516	0.60483
1677	0.39531	0.60468
1678	0.39531	0.60469
1679	0.39531	0.60469
1680	0.39516	0.60484
1681	0.39516	0.60485
1682	0.39516	0.60484
1683	0.39516	0.60485
1684	0.395	0.605
1685	0.39515	0.60485
1686	0.39515	0.60485
1687	0.39516	0.60485
1688	0.39515	0.60485
1689	0.39529	0.6047
1690	0.39499	0.605
1691	0.3953	0.6047
1692	0.3953	0.60469
1693	0.39545	0.60454
1694	0.3953	0.60469
1695	0.39515	0.60485
1696	0.395	0.605
1697	0.39485	0.60515
1698	0.395	0.605
1699	0.39485	0.60515
1700	0.39485	0.60516
1701	0.3947	0.6053
1702	0.39485	0.60515
1703	0.395	0.605
1704	0.3953	0.6047
1705	0.39515	0.60485
1706	0.395	0.605
1707	0.39485	0.60515
1708	0.39454	0.60545
1709	0.39439	0.6056
1710	0.39409	0.60591
1711	0.39409	0.60591
1712	0.39364	0.60636
1713	0.39364	0.60636
1714	0.39394	0.60605
1715	0.39348	0.60651
1716	0.39333	0.60666
1717	0.39318	0.60682
1718	0.39303	0.60697
1719	0.39304	0.60698
1720	0.39304	0.60696
1721	0.39304	0.60696
1722	0.39288	0.60712
1723	0.39273	0.60727
1724	0.39289	0.60713
1725	0.39304	0.60697
1726	0.39288	0.60712
1727	0.39273	0.60726
1728	0.39258	0.60742
1729	0.39258	0.60742
1730	0.39288	0.60712
1731	0.39272	0.60727
1732	0.39256	0.60743
1733	0.39287	0.60713
1734	0.39272	0.60727
1735	0.39256	0.60742
1736	0.39241	0.60759
1737	0.39226	0.60773
1738	0.39241	0.60758
1739	0.39226	0.60773
1740	0.39256	0.60743
1741	0.39195	0.60804
1742	0.39195	0.60803
1743	0.39195	0.60803
1744	0.39165	0.60834
1745	0.39135	0.60864
1746	0.39105	0.60894
1747	0.39121	0.60879
1748	0.39106	0.60895
1749	0.39106	0.60895
1750	0.3909	0.60909
1751	0.3909	0.60909
1752	0.39075	0.60924
1753	0.3906	0.60939
1754	0.3906	0.6094
1755	0.3906	0.6094
1756	0.3906	0.6094
1757	0.39045	0.60954
1758	0.39014	0.60985
1759	0.38984	0.61015
1760	0.38984	0.61015
1761	0.38954	0.61045
1762	0.38969	0.6103
1763	0.38969	0.6103
1764	0.38938	0.6106
1765	0.38939	0.6106
1766	0.38955	0.61046
1767	0.38955	0.61046
1768	0.38986	0.61016
1769	0.38955	0.61046
1770	0.3897	0.6103
1771	0.3897	0.61031
1772	0.38955	0.61046
1773	0.3894	0.6106
1774	0.38924	0.61075
1775	0.38924	0.61076
1776	0.38954	0.61045
1777	0.38985	0.61015
1778	0.39	0.61
1779	0.39045	0.60955
1780	0.3903	0.6097
1781	0.3903	0.60969
1782	0.3903	0.60969
1783	0.39	0.60999
1784	0.39031	0.6097
1785	0.39001	0.60999
1786	0.39001	0.60999
1787	0.38986	0.61015
1788	0.38985	0.61016
1789	0.38986	0.61015
1790	0.39001	0.61
1791	0.39001	0.61
1792	0.38986	0.61016
1793	0.38985	0.61015
1794	0.39016	0.60984
1795	0.39046	0.60954
1796	0.39061	0.60938
1797	0.39061	0.60939
1798	0.39076	0.60924
1799	0.39076	0.60924
1800	0.39091	0.6091
1801	0.39092	0.60908
1802	0.39092	0.60909
1803	0.39061	0.6094
1804	0.39091	0.6091
1805	0.39106	0.60895
1806	0.39091	0.6091
1807	0.39091	0.6091
1808	0.39122	0.6088
1809	0.39091	0.6091
1810	0.3909	0.6091
1811	0.39091	0.60909
1812	0.39091	0.60909
1813	0.3909	0.60909
1814	0.39075	0.60924
1815	0.39075	0.60924
1816	0.3906	0.60939
1817	0.39091	0.60909
1818	0.39076	0.60925
1819	0.39061	0.6094
1820	0.39046	0.60955
1821	0.39046	0.60955
1822	0.39046	0.60955
1823	0.3903	0.6097
1824	0.39015	0.60986
1825	0.39	0.61
1826	0.39015	0.60985
1827	0.39	0.61
1828	0.39	0.61
1829	0.39	0.61
1830	0.39015	0.60985
1831	0.38985	0.61015
1832	0.39	0.61
1833	0.38985	0.61015
1834	0.38955	0.61045
1835	0.38955	0.61045
1836	0.38955	0.61045
1837	0.3897	0.61029
1838	0.38985	0.61014
1839	0.38969	0.6103
1840	0.38969	0.6103
1841	0.38939	0.61061
1842	0.38954	0.61045
1843	0.39	0.61
1844	0.38969	0.61031
1845	0.38955	0.61046
1846	0.3897	0.61031
1847	0.3897	0.61031
1848	0.3897	0.6103
1849	0.3897	0.6103
1850	0.38925	0.61076
1851	0.3891	0.61092
1852	0.38879	0.61121
1853	0.38909	0.61091
1854	0.38909	0.61092
1855	0.38909	0.61091
1856	0.38894	0.61106
1857	0.38894	0.61107
1858	0.38894	0.61106
1859	0.38894	0.61107
1860	0.38894	0.61107
1861	0.38864	0.61136
1862	0.38849	0.61152
1863	0.38834	0.61167
1864	0.38803	0.61197
1865	0.38803	0.61197
1866	0.38803	0.61197
1867	0.38787	0.61212
1868	0.38772	0.61227
1869	0.38757	0.61243
1870	0.38727	0.61273
1871	0.38712	0.61289
1872	0.38711	0.61289
1873	0.38727	0.61274
1874	0.38773	0.61228
1875	0.38742	0.61258
1876	0.38742	0.61258
1877	0.38727	0.61273
1878	0.38727	0.61273
1879	0.38697	0.61302
1880	0.38696	0.61303
1881	0.38712	0.61287
1882	0.38712	0.61287
1883	0.38727	0.61271
1884	0.38712	0.61287
1885	0.38758	0.61243
1886	0.38773	0.61227
1887	0.38773	0.61227
1888	0.38758	0.61243
1889	0.38742	0.61258
1890	0.38727	0.61271
1891	0.38712	0.61287
1892	0.38712	0.61288
1893	0.38727	0.61272
1894	0.38727	0.61273
1895	0.38697	0.61303
1896	0.38696	0.61303
1897	0.38681	0.61318
1898	0.38681	0.61318
1899	0.38651	0.61348
1900	0.38651	0.61348
1901	0.38635	0.61363
1902	0.3862	0.61378
1903	0.38575	0.61424
1904	0.38575	0.61424
1905	0.3856	0.61439
1906	0.38545	0.61454
1907	0.3856	0.61439
1908	0.38544	0.61455
1909	0.3856	0.6144
1910	0.3856	0.61439
1911	0.38545	0.61455
1912	0.38545	0.61454
1913	0.3856	0.6144
1914	0.38545	0.61455
1915	0.3853	0.6147
1916	0.38575	0.61424
1917	0.3859	0.61409
1918	0.3859	0.6141
1919	0.3859	0.61409
1920	0.38575	0.61425
1921	0.3856	0.6144
1922	0.3856	0.6144
1923	0.3856	0.6144
1924	0.3856	0.6144
1925	0.3856	0.6144
1926	0.3856	0.6144
1927	0.3856	0.61439
1928	0.38545	0.61455
1929	0.3853	0.61469
1930	0.38499	0.615
1931	0.38499	0.61499
1932	0.38514	0.61484
1933	0.38499	0.615
1934	0.38484	0.61515
1935	0.38484	0.61515
1936	0.38484	0.61515
1937	0.38469	0.6153
1938	0.38439	0.6156
1939	0.38394	0.61605
1940	0.38409	0.6159
1941	0.38424	0.61575
1942	0.38394	0.61607
1943	0.38409	0.61591
1944	0.38424	0.61576
1945	0.38409	0.61591
1946	0.38394	0.61606
1947	0.38378	0.61621
1948	0.38378	0.61622
1949	0.38348	0.61652
1950	0.38363	0.61636
1951	0.38363	0.61637
1952	0.38363	0.61637
1953	0.38348	0.61653
1954	0.38363	0.61637
1955	0.38364	0.61637
1956	0.38379	0.61622
1957	0.38409	0.61592
1958	0.38424	0.61576
1959	0.38439	0.6156
1960	0.38454	0.61546
1961	0.38454	0.61546
1962	0.38469	0.61531
1963	0.38469	0.61531
1964	0.38439	0.61561
1965	0.38439	0.61561
1966	0.38424	0.61576
1967	0.38424	0.61575
1968	0.38379	0.6162
1969	0.38379	0.6162
1970	0.38348	0.6165
1971	0.38333	0.61665
1972	0.38333	0.61667
1973	0.38333	0.61666
1974	0.38348	0.61651
1975	0.38363	0.61635
1976	0.38303	0.61696
1977	0.38303	0.61696
1978	0.38288	0.61712
1979	0.38288	0.61712
1980	0.38273	0.61728
1981	0.38273	0.61727
1982	0.38257	0.61742
1983	0.38257	0.61742
1984	0.38287	0.61712
1985	0.38288	0.61712
1986	0.38272	0.61727
1987	0.38257	0.61742
1988	0.38257	0.61742
1989	0.38272	0.61727
1990	0.38257	0.61742
1991	0.38227	0.61772
1992	0.38212	0.61787
1993	0.38227	0.61773
1994	0.38227	0.61773
1995	0.38242	0.61758
1996	0.38242	0.61757
1997	0.38227	0.61772
1998	0.38227	0.61772
1999	0.38197	0.61804
2000	0.38211	0.61789
2001	0.38196	0.61803
2002	0.38166	0.61834
2003	0.38166	0.61834
2004	0.38151	0.61849
2005	0.38151	0.61849
2006	0.38136	0.61864
2007	0.38136	0.61864
2008	0.3812	0.6188
2009	0.38105	0.61895
2010	0.38105	0.61895
2011	0.38105	0.61894
2012	0.3812	0.61878
2013	0.38105	0.61894
2014	0.38105	0.61894
2015	0.38105	0.61893
2016	0.3812	0.61879
2017	0.3812	0.61877
2018	0.38105	0.61893
2019	0.38121	0.61878
2020	0.38075	0.61924
2021	0.38075	0.61924
2022	0.3809	0.61909
2023	0.3809	0.61909
2024	0.38105	0.61893
2025	0.3812	0.61878
2026	0.38121	0.61879
2027	0.38136	0.61863
2028	0.38121	0.61878
2029	0.38136	0.61864
2030	0.38121	0.61878
2031	0.38091	0.61909
2032	0.3803	0.6197
2033	0.3806	0.6194
2034	0.3806	0.6194
2035	0.38045	0.61955
2036	0.38045	0.61955
2037	0.3803	0.6197
2038	0.38045	0.61956
2039	0.3803	0.61969
2040	0.38045	0.61955
2041	0.3803	0.6197
2042	0.3806	0.6194
2043	0.38045	0.61955
2044	0.38045	0.61954
2045	0.37999	0.62
2046	0.37969	0.6203
2047	0.37969	0.6203
2048	0.37954	0.62045
2049	0.37939	0.6206
2050	0.37939	0.6206
2051	0.37924	0.62076
2052	0.37924	0.62076
2053	0.37909	0.62091
2054	0.37909	0.62091
2055	0.37909	0.62091
2056	0.37909	0.62091
2057	0.37908	0.6209
2058	0.37893	0.62106
2059	0.37878	0.62121
2060	0.37878	0.62121
2061	0.37878	0.62121
2062	0.37878	0.62121
2063	0.37878	0.6212
2064	0.37863	0.62136
2065	0.37879	0.62121
2066	0.37894	0.62106
2067	0.37894	0.62105
2068	0.37894	0.62105
2069	0.37909	0.62091
2070	0.37909	0.6209
2071	0.37879	0.6212
2072	0.37879	0.6212
2073	0.37848	0.62151
2074	0.37834	0.62166
2075	0.37788	0.62212
2076	0.37773	0.62227
2077	0.37742	0.62257
2078	0.37727	0.62272
2079	0.37758	0.62242
2080	0.37743	0.62257
2081	0.37743	0.62258
2082	0.37728	0.62272
2083	0.37727	0.62273
2084	0.37712	0.62287
2085	0.37712	0.62288
2086	0.37713	0.62287
2087	0.37681	0.62318
2088	0.37681	0.62318
2089	0.37636	0.62363
2090	0.37606	0.62394
2091	0.37606	0.62394
2092	0.37575	0.62424
2093	0.3756	0.62439
2094	0.37606	0.62394
2095	0.37575	0.62424
2096	0.3759	0.62409
2097	0.3759	0.62408
2098	0.37575	0.62424
2099	0.37575	0.62424
2100	0.37545	0.62454
2101	0.37545	0.62455
2102	0.37545	0.62454
2103	0.3753	0.6247
2104	0.37515	0.62485
2105	0.37515	0.62484
2106	0.37515	0.62484
2107	0.37515	0.62484
2108	0.375	0.62499
2109	0.375	0.62498
2110	0.37485	0.62513
2111	0.37485	0.62514
2112	0.37469	0.62529
2113	0.37484	0.62514
2114	0.37454	0.62544
2115	0.37454	0.62545
2116	0.37455	0.62545
2117	0.37439	0.62561
2118	0.37424	0.62576
2119	0.37424	0.62576
2120	0.37424	0.62576
2121	0.37425	0.62575
2122	0.37379	0.62621
2123	0.37379	0.62621
2124	0.37349	0.6265
2125	0.37364	0.62635
2126	0.37364	0.62636
2127	0.37364	0.62636
2128	0.37333	0.62667
2129	0.37318	0.62683
2130	0.37273	0.62726
2131	0.37273	0.62727
2132	0.37318	0.62682
2133	0.37318	0.62681
2134	0.37318	0.62681
2135	0.37303	0.62696
2136	0.37334	0.62666
2137	0.37334	0.62666
2138	0.37318	0.62682
2139	0.37273	0.62727
2140	0.37258	0.62742
2141	0.37242	0.62757
2142	0.37227	0.62772
2143	0.37212	0.62787
2144	0.37182	0.62817
2145	0.37197	0.62802
2146	0.37212	0.62787
2147	0.37227	0.62772
2148	0.37227	0.62772
2149	0.37227	0.62773
2150	0.37227	0.62773
2151	0.37273	0.62728
2152	0.37243	0.62758
2153	0.37182	0.62818
2154	0.37182	0.62818
2155	0.37197	0.62802
2156	0.37227	0.62772
2157	0.37197	0.62803
2158	0.37166	0.62833
2159	0.37182	0.62818
2160	0.37182	0.62817
2161	0.37152	0.62847
2162	0.37152	0.62847
2163	0.37152	0.62848
2164	0.37152	0.62848
2165	0.37152	0.62847
2166	0.37167	0.62833
2167	0.37136	0.62862
2168	0.37136	0.62863
2169	0.37121	0.62877
2170	0.37106	0.62893
2171	0.37106	0.62893
2172	0.37061	0.62938
2173	0.37091	0.62908
2174	0.37091	0.62908
2175	0.37121	0.62878
2176	0.37106	0.62894
2177	0.37106	0.62894
2178	0.37076	0.62924
2179	0.37076	0.62924
2180	0.37076	0.62924
2181	0.37045	0.62954
2182	0.37061	0.62939
2183	0.37076	0.62924
2184	0.37075	0.62924
2185	0.37092	0.62909
2186	0.37107	0.62894
2187	0.37091	0.62908
2188	0.37061	0.62938
2189	0.37076	0.62924
2190	0.37076	0.62924
2191	0.37076	0.62924
2192	0.37061	0.62939
2193	0.37076	0.62924
2194	0.37091	0.62909
2195	0.37106	0.62893
2196	0.37106	0.62893
2197	0.37091	0.62908
2198	0.37061	0.62939
2199	0.37061	0.62939
2200	0.37061	0.62939
2201	0.37046	0.62954
2202	0.37046	0.62954
2203	0.37046	0.62954
2204	0.37061	0.62939
2205	0.37076	0.62924
2206	0.37076	0.62924
2207	0.37076	0.62924
2208	0.37046	0.62955
2209	0.37046	0.62954
2210	0.37031	0.6297
2211	0.37046	0.62954
2212	0.37046	0.62953
2213	0.37031	0.62969
2214	0.37031	0.62969
2215	0.37016	0.62984
2216	0.3697	0.63029
2217	0.36985	0.63014
2218	0.37016	0.62984
2219	0.37001	0.62999
2220	0.36985	0.63014
2221	0.36955	0.63045
2222	0.3694	0.6306
2223	0.3694	0.6306
2224	0.36955	0.63045
2225	0.36955	0.63045
2226	0.36955	0.63046
2227	0.36955	0.63046
2228	0.36955	0.63046
2229	0.36955	0.63046
2230	0.36955	0.63046
2231	0.3697	0.6303
2232	0.3697	0.6303
2233	0.3697	0.6303
2234	0.36955	0.63045
2235	0.36955	0.63045
2236	0.3694	0.63061
2237	0.3694	0.63061
2238	0.3694	0.63061
2239	0.36925	0.63075
2240	0.3691	0.63092
2241	0.3691	0.63092
2242	0.3691	0.63091
2243	0.3691	0.6309
2244	0.36895	0.63106
2245	0.36895	0.63107
2246	0.36895	0.63106
2247	0.3688	0.6312
2248	0.3688	0.63121
2249	0.36879	0.63121
2250	0.36879	0.63121
2251	0.36894	0.63106
2252	0.36909	0.63091
2253	0.36894	0.63106
2254	0.36864	0.63136
2255	0.36849	0.6315
2256	0.36834	0.63166
2257	0.36803	0.63196
2258	0.36803	0.63197
2259	0.36788	0.63212
2260	0.36788	0.63211
2261	0.36788	0.63212
2262	0.36803	0.63197
2263	0.36788	0.63212
2264	0.36788	0.63212
2265	0.36803	0.63197
2266	0.36802	0.63197
2267	0.36802	0.63197
2268	0.36802	0.63197
2269	0.36787	0.63213
2270	0.36772	0.63228
2271	0.36802	0.63198
2272	0.36772	0.63228
2273	0.36773	0.63227
2274	0.36773	0.63227
2275	0.36758	0.63242
2276	0.36742	0.63258
2277	0.36742	0.63258
2278	0.36742	0.63258
2279	0.36757	0.63243
2280	0.36727	0.63273
2281	0.36742	0.63257
2282	0.36772	0.63227
2283	0.36787	0.63212
2284	0.36803	0.63197
2285	0.36772	0.63227
2286	0.36772	0.63228
2287	0.36803	0.63197
2288	0.36787	0.63212
2289	0.36802	0.63196
2290	0.36757	0.63241
2291	0.36757	0.63242
2292	0.36727	0.63272
2293	0.36727	0.63272
2294	0.36727	0.63272
2295	0.36727	0.63272
2296	0.36697	0.63303
2297	0.36682	0.63318
2298	0.36636	0.63364
2299	0.36636	0.63364
2300	0.36606	0.63394
2301	0.36621	0.63379
2302	0.36621	0.6338
2303	0.36621	0.6338
2304	0.3662	0.63378
2305	0.3662	0.63378
2306	0.36621	0.63379
2307	0.36621	0.63378
2308	0.36606	0.63393
2309	0.36575	0.63424
2310	0.36606	0.63394
2311	0.3653	0.63469
2312	0.36515	0.63484
2313	0.36515	0.63484
2314	0.36515	0.63485
2315	0.365	0.635
2316	0.365	0.63499
2317	0.3647	0.6353
2318	0.36439	0.63561
2319	0.36423	0.63576
2320	0.36424	0.63576
2321	0.36424	0.63576
2322	0.36439	0.6356
2323	0.36439	0.63561
2324	0.36454	0.63545
2325	0.36469	0.6353
2326	0.36454	0.63546
2327	0.36424	0.63576
2328	0.36424	0.63576
2329	0.36424	0.63575
2330	0.36409	0.63591
2331	0.36424	0.63576
2332	0.36393	0.63606
2333	0.36363	0.63636
2334	0.36363	0.63636
2335	0.36348	0.63651
2336	0.36333	0.63666
2337	0.36318	0.63682
2338	0.36302	0.63697
2339	0.36287	0.63713
2340	0.36287	0.63712
2341	0.36242	0.63757
2342	0.36227	0.63772
2343	0.36182	0.63817
2344	0.36182	0.63817
2345	0.36166	0.63833
2346	0.36166	0.63833
2347	0.36151	0.63848
2348	0.36166	0.63833
2349	0.36151	0.63848
2350	0.36152	0.63848
2351	0.36137	0.63863
2352	0.36137	0.63864
2353	0.36152	0.63849
2354	0.36136	0.63863
2355	0.36121	0.63878
2356	0.36137	0.63863
2357	0.36122	0.63878
2358	0.36091	0.63909
2359	0.36091	0.63908
2360	0.36091	0.63908
2361	0.36091	0.63908
2362	0.36061	0.6394
2363	0.36031	0.6397
2364	0.36031	0.63969
2365	0.36046	0.63954
2366	0.3603	0.63969
2367	0.36046	0.63954
2368	0.36046	0.63954
2369	0.36045	0.63955
2370	0.36015	0.63985
2371	0.36	0.64
2372	0.36	0.64
2373	0.36	0.64
2374	0.36031	0.63968
2375	0.36031	0.63968
2376	0.36046	0.63954
2377	0.3603	0.63969
2378	0.36045	0.63954
2379	0.36045	0.63955
2380	0.3606	0.6394
2381	0.3606	0.63938
2382	0.36045	0.63954
2383	0.3603	0.63969
2384	0.36	0.64
2385	0.35955	0.64045
2386	0.3597	0.64029
2387	0.3597	0.64029
2388	0.35985	0.64015
2389	0.35985	0.64014
2390	0.35985	0.64014
2391	0.35954	0.64045
2392	0.35924	0.64076
2393	0.35939	0.64061
2394	0.35939	0.6406
2395	0.35954	0.64046
2396	0.35969	0.6403
2397	0.35969	0.6403
2398	0.35985	0.64015
2399	0.3597	0.6403
2400	0.3594	0.6406
2401	0.3594	0.6406
2402	0.35924	0.64076
2403	0.35894	0.64107
2404	0.35924	0.64076
2405	0.35894	0.64106
2406	0.35894	0.64106
2407	0.35879	0.64121
2408	0.35879	0.64121
2409	0.35863	0.64136
2410	0.35879	0.64121
2411	0.35833	0.64166
2412	0.35818	0.64181
2413	0.35849	0.64152
2414	0.35849	0.64152
2415	0.35864	0.64136
2416	0.35879	0.6412
2417	0.35879	0.6412
2418	0.35818	0.64182
2419	0.35818	0.64182
2420	0.35803	0.64197
2421	0.35803	0.64196
2422	0.35817	0.64182
2423	0.35802	0.64197
2424	0.35787	0.64213
2425	0.35802	0.64198
2426	0.35802	0.64198
2427	0.35757	0.64242
2428	0.35742	0.64258
2429	0.35772	0.64228
2430	0.35757	0.64242
2431	0.35742	0.64256
2432	0.35742	0.64257
2433	0.35742	0.64257
2434	0.35757	0.64242
2435	0.35788	0.64212
2436	0.35788	0.64211
2437	0.35756	0.64242
2438	0.35756	0.64241
2439	0.35757	0.64241
2440	0.35757	0.64241
2441	0.35757	0.64241
2442	0.35757	0.64241
2443	0.35727	0.64271
2444	0.35727	0.64272
2445	0.35727	0.64271
2446	0.35726	0.64272
2447	0.35741	0.64257
2448	0.35726	0.64272
2449	0.35741	0.64256
2450	0.35771	0.64226
2451	0.35771	0.64226
2452	0.35756	0.64241
2453	0.35756	0.64241
2454	0.35741	0.64256
2455	0.35741	0.64257
2456	0.35741	0.64256
2457	0.35741	0.64258
2458	0.35741	0.64257
2459	0.35711	0.64288
2460	0.35757	0.64242
2461	0.35772	0.64227
2462	0.35772	0.64227
2463	0.35757	0.64242
2464	0.35787	0.64211
2465	0.35772	0.64227
2466	0.35787	0.64212
2467	0.35802	0.64197
2468	0.35756	0.64242
2469	0.35756	0.64242
2470	0.35756	0.64242
2471	0.35802	0.64196
2472	0.35818	0.64181
2473	0.35803	0.64196
2474	0.35787	0.64211
2475	0.35772	0.64227
2476	0.35772	0.64227
2477	0.35772	0.64227
2478	0.35772	0.64228
2479	0.35772	0.64228
2480	0.35727	0.64274
2481	0.35742	0.64259
2482	0.35712	0.64288
2483	0.35697	0.64303
2484	0.35697	0.64303
2485	0.35697	0.64303
2486	0.35712	0.64288
2487	0.35712	0.64288
2488	0.35712	0.64288
2489	0.35727	0.64273
2490	0.35697	0.64303
2491	0.35682	0.64318
2492	0.35666	0.64334
2493	0.35666	0.64334
2494	0.35666	0.64334
2495	0.35666	0.64334
2496	0.35681	0.64318
2497	0.35666	0.64334
2498	0.35666	0.64334
2499	0.35651	0.64349
2500	0.35636	0.64364
2501	0.35621	0.64379
2502	0.35621	0.64379
2503	0.35591	0.64409
2504	0.35621	0.64379
2505	0.35575	0.64425
2506	0.35591	0.6441
2507	0.3556	0.6444
2508	0.3553	0.64469
2509	0.35515	0.64484
2510	0.35531	0.64469
2511	0.355	0.645
2512	0.35531	0.6447
2513	0.355	0.645
2514	0.35516	0.64485
2515	0.35516	0.64484
2516	0.35516	0.64484
2517	0.35516	0.64485
2518	0.35501	0.645
2519	0.35516	0.64484
2520	0.35485	0.64515
2521	0.35454	0.64546
2522	0.35454	0.64545
2523	0.35439	0.6456
2524	0.35439	0.64561
2525	0.35424	0.64576
2526	0.35424	0.64576
2527	0.35425	0.64576
2528	0.35425	0.64576
2529	0.3541	0.64591
2530	0.35425	0.64576
2531	0.35425	0.64576
2532	0.3541	0.64592
2533	0.35409	0.64592
2534	0.35424	0.64576
2535	0.35424	0.64576
2536	0.35424	0.64576
2537	0.35439	0.64561
2538	0.35454	0.64546
2539	0.35439	0.64561
2540	0.35424	0.64576
2541	0.35424	0.64576
2542	0.35425	0.64576
2543	0.35455	0.64545
2544	0.3544	0.64561
2545	0.3544	0.64561
2546	0.3544	0.6456
2547	0.35425	0.64576
2548	0.35409	0.64591
2549	0.3544	0.64561
2550	0.35455	0.64546
2551	0.3544	0.64561
2552	0.35455	0.64546
2553	0.3544	0.64561
2554	0.3544	0.64561
2555	0.35454	0.64546
2556	0.35439	0.64561
2557	0.35453	0.64545
2558	0.35453	0.64545
2559	0.35453	0.64544
2560	0.35453	0.64545
2561	0.35438	0.6456
2562	0.35408	0.64591
2563	0.35393	0.64606
2564	0.35393	0.64605
2565	0.35378	0.6462
2566	0.35363	0.64635
2567	0.35332	0.64666
2568	0.35332	0.64666
2569	0.35333	0.64666
2570	0.35348	0.64651
2571	0.35378	0.64621
2572	0.35348	0.64651
2573	0.35318	0.64681
2574	0.35347	0.64651
2575	0.35363	0.64635
2576	0.35317	0.64682
2577	0.35287	0.64713
2578	0.35287	0.64712
2579	0.35302	0.64697
2580	0.35302	0.64697
2581	0.35272	0.64728
2582	0.35272	0.64728
2583	0.35272	0.64728
2584	0.35272	0.64728
2585	0.35242	0.64758
2586	0.35242	0.64758
2587	0.35257	0.64743
2588	0.35273	0.64728
2589	0.35273	0.64728
2590	0.35273	0.64727
2591	0.35258	0.64742
2592	0.35242	0.64757
2593	0.35257	0.64742
2594	0.35242	0.64757
2595	0.35242	0.64758
2596	0.35212	0.64788
2597	0.35227	0.64773
2598	0.35212	0.64787
2599	0.35227	0.64772
2600	0.35242	0.64757
2601	0.35242	0.64756
2602	0.35242	0.64756
2603	0.35257	0.64741
2604	0.35272	0.64726
2605	0.35226	0.64772
2606	0.35211	0.64788
2607	0.35257	0.64742
2608	0.35257	0.64742
2609	0.35273	0.64727
2610	0.35288	0.64711
2611	0.35318	0.64682
2612	0.35303	0.64697
2613	0.35303	0.64696
2614	0.35303	0.64696
2615	0.35272	0.64727
2616	0.35272	0.64727
2617	0.35272	0.64727
2618	0.35272	0.64727
2619	0.35272	0.64727
2620	0.35242	0.64757
2621	0.35258	0.64743
2622	0.35258	0.64742
2623	0.35258	0.64743
2624	0.35242	0.64758
2625	0.35212	0.64788
2626	0.35242	0.64758
2627	0.35242	0.64757
2628	0.35272	0.64727
2629	0.35288	0.64712
2630	0.35258	0.64742
2631	0.35258	0.64742
2632	0.35258	0.64742
2633	0.35227	0.64773
2634	0.35227	0.64772
2635	0.35212	0.64788
2636	0.35197	0.64803
2637	0.35167	0.64833
2638	0.35151	0.64848
2639	0.35136	0.64863
2640	0.35121	0.64879
2641	0.35091	0.64909
2642	0.35091	0.64909
2643	0.35091	0.64909
2644	0.35091	0.64909
2645	0.35075	0.64924
2646	0.3506	0.64939
2647	0.3506	0.64939
2648	0.35015	0.64984
2649	0.35	0.64999
2650	0.3503	0.64969
2651	0.3503	0.64969
2652	0.35	0.64999
2653	0.35015	0.64984
2654	0.35015	0.64984
2655	0.35015	0.64985
2656	0.3503	0.64969
2657	0.35	0.64999
2658	0.35	0.64999
2659	0.35	0.64999
2660	0.34985	0.65014
2661	0.34985	0.65014
2662	0.35	0.64999
2663	0.35015	0.64984
2664	0.35015	0.64984
2665	0.35015	0.64984
2666	0.35	0.64999
2667	0.34985	0.65014
2668	0.34985	0.65014
2669	0.34985	0.65015
2670	0.3497	0.6503
2671	0.34939	0.6506
2672	0.34924	0.65075
2673	0.34924	0.65075
2674	0.34924	0.65075
2675	0.34909	0.6509
2676	0.34909	0.65091
2677	0.34909	0.65091
2678	0.34909	0.65091
2679	0.34939	0.6506
2680	0.34939	0.6506
2681	0.34923	0.65075
2682	0.34908	0.6509
2683	0.34923	0.65074
2684	0.34908	0.65091
2685	0.34908	0.6509
2686	0.34893	0.65105
2687	0.34878	0.65121
2688	0.34878	0.65121
2689	0.34863	0.65135
2690	0.34848	0.6515
2691	0.34833	0.65166
2692	0.34818	0.65181
2693	0.34803	0.65196
2694	0.34802	0.65196
2695	0.34818	0.65181
2696	0.34818	0.65181
2697	0.34818	0.65181
2698	0.34817	0.65181
2699	0.34817	0.65181
2700	0.34832	0.65166
2701	0.34817	0.65181
2702	0.34817	0.6518
2703	0.34817	0.6518
2704	0.34832	0.65166
2705	0.34817	0.65181
2706	0.34832	0.65166
2707	0.34817	0.65181
2708	0.34817	0.65181
2709	0.34817	0.65181
2710	0.34832	0.65165
2711	0.34847	0.65151
2712	0.34863	0.65136
2713	0.34848	0.65151
2714	0.34878	0.65121
2715	0.34863	0.65135
2716	0.34863	0.65136
2717	0.34848	0.65151
2718	0.34848	0.65152
2719	0.34817	0.65182
2720	0.34832	0.65167
2721	0.34847	0.65152
2722	0.34878	0.65121
2723	0.34863	0.65136
2724	0.34893	0.65106
2725	0.34923	0.65075
2726	0.34938	0.6506
2727	0.34938	0.65061
2728	0.34923	0.65076
2729	0.34923	0.65076
2730	0.34908	0.65091
2731	0.34908	0.65091
2732	0.34923	0.65075
2733	0.34938	0.65059
2734	0.34893	0.65105
2735	0.34893	0.65105
2736	0.34863	0.65136
2737	0.34848	0.65151
2738	0.34848	0.6515
2739	0.34848	0.65151
2740	0.34833	0.65166
2741	0.34818	0.65181
2742	0.34802	0.65196
2743	0.34772	0.65226
2744	0.34772	0.65226
2745	0.34817	0.65182
2746	0.34817	0.6518
2747	0.34832	0.65166
2748	0.34848	0.65151
2749	0.34833	0.65166
2750	0.34818	0.65181
2751	0.34803	0.65195
2752	0.34818	0.65181
2753	0.34802	0.65195
2754	0.34802	0.65195
2755	0.34817	0.6518
2756	0.34802	0.65195
2757	0.34787	0.65212
2758	0.34772	0.65226
2759	0.34772	0.65226
2760	0.34711	0.65288
2761	0.34696	0.65302
2762	0.34696	0.65302
2763	0.34696	0.65303
2764	0.34711	0.65287
2765	0.34711	0.65287
2766	0.34696	0.65302
2767	0.34696	0.65303
2768	0.34712	0.65287
2769	0.34697	0.65303
2770	0.34697	0.65303
2771	0.34666	0.65333
2772	0.34666	0.65332
2773	0.34651	0.65348
2774	0.34666	0.65332
2775	0.3465	0.65349
2776	0.34635	0.65362
2777	0.3462	0.65378
2778	0.34605	0.65394
2779	0.34605	0.65393
2780	0.34605	0.65394
2781	0.3462	0.65378
2782	0.3462	0.65378
2783	0.34621	0.65378
2784	0.34606	0.65394
2785	0.34636	0.65363
2786	0.34666	0.65332
2787	0.34681	0.65317
2788	0.34681	0.65317
2789	0.34696	0.65302
2790	0.34681	0.65317
2791	0.34666	0.65332
2792	0.34666	0.65332
2793	0.34666	0.65332
2794	0.34651	0.65348
2795	0.34636	0.65362
2796	0.34621	0.65378
2797	0.34621	0.65378
2798	0.34621	0.65378
2799	0.34651	0.65349
2800	0.34697	0.65301
2801	0.34666	0.65333
2802	0.34635	0.65363
2803	0.3465	0.65348
2804	0.34635	0.65363
2805	0.34682	0.65318
2806	0.34682	0.65318
2807	0.34682	0.65318
2808	0.3465	0.65348
2809	0.3462	0.65379
2810	0.34606	0.65394
2811	0.34591	0.65408
2812	0.34576	0.65424
2813	0.34499	0.65499
2814	0.34484	0.65515
2815	0.34485	0.65516
2816	0.34485	0.65515
2817	0.34485	0.65515
2818	0.34454	0.65546
2819	0.34454	0.65546
2820	0.34469	0.65531
2821	0.34454	0.65545
2822	0.34439	0.6556
2823	0.34469	0.6553
2824	0.34454	0.65546
2825	0.34469	0.6553
2826	0.34499	0.655
2827	0.34515	0.65485
2828	0.3453	0.6547
2829	0.34515	0.65485
2830	0.34515	0.65485
2831	0.345	0.655
2832	0.345	0.655
2833	0.34485	0.65516
2834	0.345	0.65501
2835	0.34485	0.65516
2836	0.34454	0.65545
2837	0.34469	0.6553
2838	0.34454	0.65545
2839	0.34454	0.65545
2840	0.34454	0.65545
2841	0.34469	0.65531
2842	0.34469	0.65529
2843	0.34469	0.65529
2844	0.34454	0.65544
2845	0.34454	0.65545
2846	0.34469	0.65529
2847	0.34484	0.65515
2848	0.34484	0.65514
2849	0.34499	0.655
2850	0.34499	0.655
2851	0.34454	0.65545
2852	0.34454	0.65546
2853	0.34484	0.65515
2854	0.34484	0.65516
2855	0.34484	0.65515
2856	0.34484	0.65516
2857	0.34499	0.655
2858	0.34469	0.6553
2859	0.3447	0.65531
2860	0.3447	0.65531
2861	0.3447	0.65531
2862	0.3447	0.6553
2863	0.34484	0.65515
2864	0.34514	0.65484
2865	0.34499	0.65499
2866	0.34484	0.65514
2867	0.34484	0.65515
2868	0.34484	0.65514
2869	0.34469	0.65529
2870	0.34454	0.65545
2871	0.34439	0.6556
2872	0.34439	0.6556
2873	0.34439	0.6556
2874	0.34454	0.65545
2875	0.34455	0.65545
2876	0.34455	0.65545
2877	0.34454	0.65545
2878	0.34424	0.65575
2879	0.34424	0.65576
2880	0.34393	0.65606
2881	0.34393	0.65606
2882	0.34393	0.65606
2883	0.34408	0.65591
2884	0.34423	0.65576
2885	0.34423	0.65576
2886	0.34439	0.6556
2887	0.34424	0.65575
2888	0.34393	0.65606
2889	0.34378	0.65621
2890	0.34363	0.65636
2891	0.34363	0.65636
2892	0.34394	0.65606
2893	0.34394	0.65606
2894	0.34424	0.65576
2895	0.34409	0.65591
2896	0.34379	0.65621
2897	0.34364	0.65636
2898	0.34334	0.65666
2899	0.34287	0.65712
2900	0.34303	0.65697
2901	0.34303	0.65696
2902	0.34258	0.65742
2903	0.34288	0.65712
2904	0.34288	0.65712
2905	0.34273	0.65727
2906	0.34212	0.65787
2907	0.34196	0.65802
2908	0.34196	0.65803
2909	0.34196	0.65803
2910	0.34166	0.65834
2911	0.34166	0.65832
2912	0.34136	0.65863
2913	0.34152	0.65848
2914	0.34137	0.65864
2915	0.34137	0.65864
2916	0.34137	0.65864
2917	0.34122	0.65879
2918	0.34091	0.65908
2919	0.34076	0.65924
2920	0.34061	0.65939
2921	0.34076	0.65924
2922	0.34076	0.65925
2923	0.34061	0.65939
2924	0.34061	0.65939
2925	0.34061	0.65939
2926	0.34061	0.65939
2927	0.34061	0.65939
2928	0.34061	0.6594
2929	0.34046	0.65954
2930	0.34046	0.65954
2931	0.33985	0.66014
2932	0.33985	0.66015
2933	0.3397	0.6603
2934	0.33985	0.66015
2935	0.34	0.65999
2936	0.34015	0.65984
2937	0.3403	0.65969
2938	0.34045	0.65954
2939	0.34076	0.65924
2940	0.3406	0.65939
2941	0.3406	0.65939
2942	0.3406	0.65938
2943	0.34075	0.65923
2944	0.34075	0.65923
2945	0.34075	0.65923
2946	0.3406	0.65938
2947	0.3406	0.65938
2948	0.3406	0.6594
2949	0.3406	0.6594
2950	0.34045	0.65955
2951	0.34045	0.65954
2952	0.3403	0.65969
2953	0.3403	0.65969
2954	0.34045	0.65954
2955	0.34046	0.65954
2956	0.34046	0.65954
2957	0.3403	0.65969
2958	0.34045	0.65954
2959	0.3409	0.65908
2960	0.34091	0.65908
2961	0.34091	0.65908
2962	0.34091	0.65908
2963	0.34075	0.65924
2964	0.34075	0.65924
2965	0.34075	0.65924
2966	0.34121	0.65879
2967	0.3409	0.65909
2968	0.3409	0.65908
2969	0.3409	0.65909
2970	0.34105	0.65894
2971	0.34075	0.65924
2972	0.34075	0.65925
2973	0.34075	0.65924
2974	0.34045	0.65955
2975	0.3403	0.65969
2976	0.34046	0.65955
2977	0.34046	0.65955
2978	0.34046	0.65954
2979	0.34046	0.65955
2980	0.34015	0.65985
2981	0.34	0.65999
2982	0.3403	0.6597
2983	0.34046	0.65955
2984	0.34061	0.6594
2985	0.34076	0.65924
2986	0.34091	0.65908
2987	0.34076	0.65924
2988	0.34076	0.65924
2989	0.34046	0.65954
2990	0.3403	0.65969
2991	0.3403	0.6597
2992	0.34046	0.65954
2993	0.34031	0.65969
2994	0.34015	0.65985
2995	0.34	0.66
2996	0.34015	0.65984
2997	0.3403	0.65969
2998	0.3406	0.65939
2999	0.34076	0.65923
		
