	0.74378	0.76278
0	0.74378	0.76278
1	0.74378	0.76268
2	0.74378	0.76255
3	0.74366	0.76255
4	0.74355	0.76247
5	0.74338	0.76247
6	0.7433	0.76242
7	0.74327	0.76242
8	0.74323	0.76237
9	0.7431	0.76231
10	0.74307	0.76216
11	0.74288	0.76201
12	0.74285	0.76201
13	0.74278	0.76183
14	0.74276	0.76168
15	0.74257	0.7615
16	0.74246	0.76149
17	0.74223	0.76144
18	0.74193	0.76145
19	0.74158	0.76137
20	0.74097	0.7613
21	0.74047	0.76092
22	0.73993	0.76076
23	0.73951	0.76069
24	0.73906	0.76061
25	0.73868	0.76054
26	0.73838	0.76053
27	0.73811	0.76054
28	0.73764	0.76046
29	0.73701	0.75988
30	0.73637	0.75947
31	0.73558	0.75935
32	0.73507	0.75935
33	0.73461	0.75891
34	0.73378	0.75861
35	0.73347	0.75854
36	0.733	0.75846
37	0.73228	0.75839
38	0.73093	0.75839
39	0.72945	0.75839
40	0.7288	0.75826
41	0.72799	0.75806
42	0.72708	0.75774
43	0.72617	0.75752
44	0.72461	0.75721
45	0.72434	0.75706
46	0.72399	0.757
47	0.72312	0.75692
48	0.72273	0.75641
49	0.72218	0.75634
50	0.72121	0.75612
51	0.71986	0.75549
52	0.71905	0.75538
53	0.71818	0.75502
54	0.71779	0.75471
55	0.71752	0.75421
56	0.71695	0.75407
57	0.71644	0.75389
58	0.7161	0.75373
59	0.71548	0.75324
60	0.71475	0.75288
61	0.71408	0.75253
62	0.71384	0.75132
63	0.71269	0.75086
64	0.71157	0.75063
65	0.71035	0.74947
66	0.7093	0.74945
67	0.70811	0.74937
68	0.70693	0.74805
69	0.70576	0.74689
70	0.70504	0.74656
71	0.70394	0.74589
72	0.7035	0.7446
73	0.70271	0.74403
74	0.7019	0.74322
75	0.70139	0.74288
76	0.70098	0.74107
77	0.70015	0.74037
78	0.69959	0.73981
79	0.69943	0.73867
80	0.69883	0.73791
81	0.69858	0.73693
82	0.69862	0.73582
83	0.69735	0.73512
84	0.69671	0.73472
85	0.6964	0.73384
86	0.69543	0.73346
87	0.69529	0.73306
88	0.69486	0.73151
89	0.69435	0.73036
90	0.69253	0.73025
91	0.69164	0.72967
92	0.69142	0.72961
93	0.69112	0.72924
94	0.691	0.72904
95	0.69099	0.72861
96	0.69054	0.72655
97	0.69023	0.72562
98	0.6899	0.72504
99	0.68962	0.72404
100	0.68913	0.72286
101	0.6888	0.72248
102	0.68784	0.72122
103	0.68746	0.72018
104	0.68683	0.7197
105	0.68656	0.71866
106	0.68613	0.71805
107	0.68578	0.71693
108	0.68553	0.71629
109	0.68445	0.71522
110	0.68392	0.71482
111	0.6831	0.71424
112	0.68257	0.71321
113	0.68237	0.71324
114	0.68188	0.71217
115	0.68141	0.71168
116	0.68082	0.71152
117	0.68015	0.71087
118	0.67982	0.71013
119	0.67887	0.70831
120	0.67797	0.70751
121	0.67792	0.70572
122	0.67772	0.70372
123	0.67733	0.70325
124	0.67668	0.70311
125	0.67558	0.70278
126	0.67531	0.70215
127	0.67486	0.70032
128	0.6746	0.69826
129	0.67432	0.69665
130	0.67431	0.69569
131	0.6731	0.69428
132	0.67198	0.69329
133	0.6713	0.69213
134	0.67043	0.69132
135	0.6704	0.6906
136	0.67014	0.68977
137	0.66933	0.68784
138	0.66853	0.68721
139	0.6679	0.68649
140	0.66728	0.68632
141	0.66703	0.68541
142	0.66688	0.68503
143	0.66621	0.68417
144	0.66592	0.68332
145	0.66568	0.68289
146	0.66533	0.68138
147	0.66494	0.68042
148	0.66437	0.67958
149	0.66347	0.67924
150	0.66307	0.67852
151	0.66215	0.67761
152	0.66193	0.67689
153	0.6617	0.67644
154	0.66073	0.67572
155	0.65998	0.67533
156	0.65858	0.67414
157	0.65785	0.67268
158	0.65732	0.67214
159	0.65687	0.67113
160	0.65605	0.67062
161	0.65594	0.66988
162	0.65583	0.66929
163	0.65565	0.66883
164	0.65499	0.66792
165	0.65454	0.66642
166	0.65436	0.66586
167	0.6537	0.66558
168	0.65373	0.66483
169	0.65297	0.66401
170	0.65248	0.66319
171	0.6518	0.6624
172	0.65121	0.66175
173	0.64886	0.66097
174	0.64744	0.65995
175	0.64678	0.65918
176	0.64594	0.65821
177	0.64519	0.65655
178	0.64489	0.65578
179	0.6442	0.65497
180	0.64256	0.65441
181	0.642	0.65207
182	0.64155	0.65115
183	0.64131	0.65017
184	0.64084	0.64954
185	0.64053	0.64811
186	0.64019	0.64671
187	0.63965	0.64502
188	0.63918	0.64379
189	0.63827	0.64253
190	0.63799	0.64222
191	0.63663	0.64156
192	0.63602	0.63999
193	0.63514	0.63871
194	0.63471	0.63748
195	0.63406	0.63655
196	0.63345	0.6361
197	0.63233	0.63517
198	0.63145	0.6346
199	0.63065	0.63339
200	0.62996	0.63276
201	0.62959	0.63158
202	0.62909	0.63089
203	0.62883	0.63011
204	0.62803	0.62895
205	0.62746	0.62728
206	0.62733	0.62579
207	0.62679	0.62494
208	0.62638	0.62204
209	0.62489	0.62091
210	0.62444	0.61991
211	0.62321	0.61849
212	0.6227	0.61744
213	0.62204	0.61708
214	0.62123	0.61603
215	0.62101	0.61531
216	0.62042	0.61494
217	0.61958	0.61408
218	0.61908	0.61322
219	0.61839	0.61255
220	0.61768	0.61156
221	0.61718	0.61072
222	0.617	0.60873
223	0.61671	0.60731
224	0.61602	0.6054
225	0.61456	0.60511
226	0.61385	0.60362
227	0.6132	0.60313
228	0.61283	0.60166
229	0.61143	0.60113
230	0.61055	0.60017
231	0.60979	0.59924
232	0.60895	0.59882
233	0.60803	0.59676
234	0.60735	0.59568
235	0.60685	0.59519
236	0.60631	0.59464
237	0.60552	0.59423
238	0.60491	0.59384
239	0.60393	0.58942
240	0.60294	0.58748
241	0.60228	0.58521
242	0.60165	0.58397
243	0.60081	0.58299
244	0.59955	0.58197
245	0.59778	0.58119
246	0.59702	0.58016
247	0.59631	0.57912
248	0.59577	0.57806
249	0.59384	0.5761
250	0.59278	0.57526
251	0.59145	0.57402
252	0.59043	0.57321
253	0.58947	0.57274
254	0.58908	0.57191
255	0.58876	0.56971
256	0.58779	0.56877
257	0.58657	0.56758
258	0.58584	0.56677
259	0.58516	0.56606
260	0.58341	0.56532
261	0.58248	0.56405
262	0.58232	0.56354
263	0.58193	0.56262
264	0.57942	0.56194
265	0.57827	0.56041
266	0.57719	0.5593
267	0.57614	0.55904
268	0.57531	0.55765
269	0.57389	0.55731
270	0.57269	0.55672
271	0.57169	0.55557
272	0.57112	0.5549
273	0.56988	0.55427
274	0.56904	0.554
275	0.56863	0.55313
276	0.56781	0.55281
277	0.56657	0.55198
278	0.56595	0.55137
279	0.56535	0.55017
280	0.56444	0.54959
281	0.564	0.54823
282	0.56401	0.54733
283	0.5636	0.54609
284	0.56296	0.54555
285	0.56168	0.54495
286	0.56114	0.54413
287	0.56022	0.54394
288	0.55962	0.5429
289	0.55828	0.54272
290	0.55765	0.54211
291	0.55613	0.5409
292	0.55513	0.53912
293	0.55444	0.53803
294	0.55345	0.53756
295	0.55284	0.53678
296	0.55189	0.53611
297	0.5502	0.53504
298	0.54938	0.53396
299	0.54823	0.53301
300	0.54701	0.53269
301	0.54644	0.53132
302	0.54641	0.53071
303	0.5455	0.52975
304	0.54417	0.52882
305	0.54309	0.52791
306	0.54277	0.52745
307	0.54215	0.52718
308	0.54223	0.52641
309	0.54133	0.52597
310	0.54053	0.52516
311	0.53975	0.52443
312	0.53874	0.52427
313	0.53805	0.52329
314	0.53732	0.52267
315	0.53698	0.52157
316	0.5364	0.52073
317	0.53527	0.51935
318	0.53522	0.5186
319	0.53453	0.51791
320	0.5333	0.51718
321	0.5327	0.51623
322	0.53213	0.51507
323	0.53136	0.51426
324	0.52948	0.5132
325	0.5284	0.5125
326	0.528	0.51109
327	0.52738	0.51062
328	0.52695	0.50969
329	0.52538	0.50933
330	0.52478	0.50842
331	0.52377	0.50787
332	0.52285	0.50746
333	0.52243	0.5066
334	0.52195	0.50561
335	0.52147	0.50515
336	0.52084	0.50474
337	0.51943	0.50417
338	0.51867	0.50342
339	0.51781	0.50252
340	0.51602	0.50209
341	0.51543	0.50091
342	0.51452	0.50016
343	0.51377	0.49967
344	0.51274	0.49905
345	0.51179	0.49798
346	0.51119	0.49714
347	0.51071	0.49681
348	0.51057	0.49626
349	0.50938	0.49535
350	0.50844	0.49472
351	0.50733	0.49428
352	0.50673	0.49384
353	0.50677	0.49328
354	0.50678	0.492
355	0.50664	0.49123
356	0.50564	0.49063
357	0.50431	0.49008
358	0.50377	0.48921
359	0.50282	0.48846
360	0.50223	0.48776
361	0.50206	0.48662
362	0.50185	0.48545
363	0.50145	0.48448
364	0.50088	0.48358
365	0.4996	0.48242
366	0.49918	0.48165
367	0.49857	0.481
368	0.49816	0.4802
369	0.49702	0.47994
370	0.49679	0.4794
371	0.49514	0.47878
372	0.49462	0.47821
373	0.49446	0.478
374	0.49369	0.47718
375	0.49348	0.47701
376	0.49257	0.47659
377	0.49133	0.47596
378	0.4906	0.47547
379	0.48972	0.47461
380	0.48859	0.47414
381	0.48774	0.4729
382	0.48692	0.47207
383	0.48607	0.47144
384	0.48516	0.47082
385	0.48447	0.46961
386	0.48431	0.46905
387	0.48315	0.46813
388	0.48281	0.46781
389	0.48155	0.46705
390	0.48098	0.46634
391	0.47939	0.46592
392	0.4786	0.4656
393	0.47847	0.4648
394	0.47848	0.46431
395	0.478	0.46388
396	0.47685	0.46331
397	0.47526	0.46254
398	0.4748	0.46195
399	0.47383	0.46109
400	0.47293	0.46033
401	0.47189	0.45968
402	0.47137	0.45799
403	0.47127	0.45633
404	0.47033	0.45582
405	0.46968	0.45521
406	0.46959	0.45457
407	0.4686	0.45425
408	0.46859	0.45304
409	0.46718	0.45256
410	0.46681	0.45198
411	0.46583	0.45104
412	0.46537	0.4505
413	0.46544	0.45003
414	0.46503	0.44954
415	0.46464	0.44931
416	0.46384	0.44879
417	0.4624	0.44838
418	0.46185	0.4477
419	0.46095	0.44655
420	0.45995	0.44595
421	0.45862	0.44506
422	0.45807	0.44417
423	0.45736	0.44367
424	0.45629	0.44314
425	0.45567	0.4426
426	0.45523	0.4415
427	0.45425	0.44138
428	0.45395	0.44073
429	0.45287	0.44028
430	0.45292	0.43986
431	0.45227	0.43931
432	0.45207	0.43871
433	0.45165	0.43833
434	0.45147	0.43764
435	0.45082	0.43713
436	0.44996	0.43657
437	0.44864	0.43584
438	0.448	0.43485
439	0.44685	0.43403
440	0.4459	0.43346
441	0.44489	0.43295
442	0.44465	0.43221
443	0.44423	0.43127
444	0.44314	0.43063
445	0.44235	0.43025
446	0.44175	0.4294
447	0.44127	0.42922
448	0.44127	0.42851
449	0.4403	0.42832
450	0.44057	0.42792
451	0.43972	0.4271
452	0.43935	0.42697
453	0.43917	0.42615
454	0.43912	0.42559
455	0.43874	0.42517
456	0.43766	0.42416
457	0.43621	0.42321
458	0.43543	0.42254
459	0.43429	0.42154
460	0.43294	0.42119
461	0.4318	0.42063
462	0.43139	0.41975
463	0.43032	0.4188
464	0.42901	0.41829
465	0.42776	0.41764
466	0.42731	0.41699
467	0.42679	0.41675
468	0.42673	0.4162
469	0.42573	0.41635
470	0.4261	0.41606
471	0.42553	0.4156
472	0.42512	0.41492
473	0.42488	0.41402
474	0.42439	0.41326
475	0.42385	0.41219
476	0.42248	0.41104
477	0.42143	0.41014
478	0.42065	0.40956
479	0.41944	0.40843
480	0.41821	0.40757
481	0.41736	0.40684
482	0.41648	0.40621
483	0.41581	0.40548
484	0.4144	0.40516
485	0.41399	0.40459
486	0.41373	0.40407
487	0.41319	0.40364
488	0.4133	0.40318
489	0.41232	0.40309
490	0.41241	0.40263
491	0.41138	0.40191
492	0.41106	0.40138
493	0.41106	0.40066
494	0.41071	0.40033
495	0.40981	0.40033
496	0.40894	0.3996
497	0.40766	0.39895
498	0.40723	0.39829
499	0.40592	0.39755
500	0.40431	0.39668
501	0.4033	0.39599
502	0.40304	0.39526
503	0.4026	0.3947
504	0.40078	0.39427
505	0.40022	0.39325
506	0.40005	0.3924
507	0.39946	0.39223
508	0.39938	0.39155
509	0.39896	0.39121
510	0.39881	0.3909
511	0.39789	0.39053
512	0.39779	0.3897
513	0.39782	0.38935
514	0.39777	0.38852
515	0.39723	0.38783
516	0.39608	0.38702
517	0.39461	0.386
518	0.39435	0.38515
519	0.39286	0.38436
520	0.39144	0.38371
521	0.39053	0.38273
522	0.38986	0.38228
523	0.3896	0.38133
524	0.3887	0.38025
525	0.38832	0.37949
526	0.38858	0.37827
527	0.38862	0.37786
528	0.38856	0.37716
529	0.38809	0.377
530	0.38845	0.37695
531	0.38754	0.37658
532	0.38723	0.37592
533	0.38693	0.3755
534	0.38695	0.37454
535	0.38641	0.37377
536	0.38545	0.37243
537	0.38413	0.37175
538	0.38344	0.37083
539	0.38204	0.37009
540	0.38084	0.36969
541	0.37974	0.36895
542	0.37945	0.36819
543	0.37965	0.36752
544	0.37843	0.36662
545	0.37816	0.36663
546	0.37815	0.36587
547	0.37749	0.36592
548	0.37754	0.36539
549	0.37646	0.36513
550	0.37627	0.365
551	0.37561	0.36411
552	0.37499	0.36339
553	0.37441	0.36296
554	0.37398	0.36219
555	0.37313	0.36176
556	0.37194	0.36102
557	0.37039	0.36084
558	0.3701	0.3602
559	0.3689	0.35945
560	0.3675	0.35891
561	0.36641	0.35834
562	0.36589	0.35762
563	0.36592	0.35674
564	0.365	0.35616
565	0.36505	0.35559
566	0.36502	0.35518
567	0.36423	0.3551
568	0.36395	0.35481
569	0.36307	0.35443
570	0.36356	0.35427
571	0.3631	0.35378
572	0.36256	0.35314
573	0.36206	0.35289
574	0.36209	0.35228
575	0.36143	0.3514
576	0.36035	0.35021
577	0.35936	0.35
578	0.35864	0.34935
579	0.3575	0.34841
580	0.35653	0.34792
581	0.35563	0.34703
582	0.35516	0.3466
583	0.35528	0.34622
584	0.35437	0.34562
585	0.35392	0.34527
586	0.35369	0.34444
587	0.35277	0.34435
588	0.35278	0.34359
589	0.35181	0.34356
590	0.35185	0.34322
591	0.3516	0.34265
592	0.35155	0.34241
593	0.35104	0.34174
594	0.35109	0.34124
595	0.35022	0.34081
596	0.34891	0.33951
597	0.34763	0.33865
598	0.347	0.3376
599	0.34582	0.33682
600	0.34453	0.33643
601	0.34312	0.3354
602	0.34283	0.3351
603	0.34277	0.33465
604	0.34151	0.33431
605	0.34099	0.33399
606	0.34064	0.33359
607	0.33921	0.33317
608	0.33925	0.33286
609	0.3383	0.3328
610	0.33847	0.33217
611	0.33799	0.33174
612	0.33807	0.33108
613	0.33695	0.33052
614	0.33676	0.32955
615	0.33541	0.32936
616	0.33432	0.32842
617	0.33347	0.32798
618	0.33336	0.32754
619	0.33243	0.32654
620	0.33194	0.32605
621	0.33114	0.32555
622	0.33124	0.32502
623	0.33139	0.32502
624	0.33049	0.3246
625	0.33049	0.32438
626	0.33065	0.32407
627	0.32956	0.32375
628	0.33006	0.32357
629	0.32942	0.32369
630	0.32986	0.32331
631	0.32981	0.32268
632	0.32951	0.32213
633	0.32902	0.32162
634	0.32881	0.32068
635	0.32786	0.32013
636	0.32669	0.31928
637	0.32582	0.31903
638	0.32487	0.31853
639	0.32402	0.31764
640	0.32295	0.31721
641	0.32197	0.31651
642	0.32151	0.31638
643	0.32183	0.31586
644	0.32048	0.3151
645	0.3202	0.31487
646	0.32044	0.31419
647	0.31954	0.31374
648	0.31995	0.31357
649	0.31905	0.31323
650	0.3192	0.31277
651	0.31878	0.3125
652	0.31867	0.31194
653	0.31783	0.31134
654	0.31759	0.31022
655	0.31628	0.3098
656	0.31504	0.30867
657	0.31427	0.30828
658	0.31329	0.30781
659	0.31222	0.30697
660	0.31112	0.30683
661	0.31	0.30561
662	0.30996	0.30522
663	0.31053	0.30478
664	0.31009	0.30442
665	0.31046	0.3045
666	0.31111	0.30428
667	0.3105	0.30385
668	0.31145	0.30365
669	0.31067	0.30341
670	0.31117	0.30317
671	0.31072	0.30247
672	0.3108	0.3019
673	0.31006	0.30106
674	0.30985	0.30039
675	0.30926	0.2998
676	0.30771	0.2989
677	0.3072	0.29876
678	0.30656	0.29759
679	0.30534	0.29666
680	0.30436	0.29626
681	0.30292	0.29521
682	0.30251	0.29486
683	0.30303	0.29433
684	0.30243	0.29384
685	0.30256	0.29336
686	0.30328	0.29299
687	0.3026	0.29289
688	0.30339	0.29296
689	0.30259	0.29274
690	0.30275	0.2923
691	0.30218	0.29171
692	0.30191	0.2913
693	0.30137	0.2908
694	0.30126	0.28974
695	0.30096	0.2891
696	0.29888	0.28793
697	0.29813	0.28731
698	0.29693	0.28666
699	0.29539	0.2863
700	0.29388	0.28575
701	0.2926	0.28508
702	0.29212	0.28488
703	0.29216	0.28447
704	0.29136	0.28409
705	0.29124	0.28381
706	0.29184	0.28359
707	0.29108	0.28344
708	0.29178	0.28343
709	0.29092	0.28294
710	0.29112	0.28261
711	0.29148	0.28223
712	0.29194	0.28202
713	0.29157	0.28125
714	0.29156	0.28067
715	0.29119	0.28028
716	0.28984	0.27928
717	0.28902	0.27865
718	0.28788	0.27805
719	0.28644	0.27751
720	0.28534	0.27727
721	0.2841	0.27639
722	0.2837	0.27635
723	0.28399	0.27618
724	0.28312	0.27608
725	0.28269	0.27603
726	0.28345	0.27568
727	0.28269	0.27547
728	0.28316	0.27568
729	0.28255	0.27528
730	0.28312	0.27492
731	0.28338	0.27444
732	0.28401	0.27376
733	0.28383	0.27317
734	0.28391	0.27198
735	0.28374	0.27174
736	0.2824	0.27065
737	0.28161	0.27064
738	0.28068	0.26985
739	0.27931	0.26957
740	0.27816	0.26921
741	0.27629	0.26859
742	0.27534	0.26861
743	0.27524	0.26846
744	0.27406	0.26808
745	0.27333	0.26809
746	0.27363	0.26778
747	0.27247	0.26783
748	0.2732	0.2678
749	0.27222	0.26762
750	0.27209	0.26723
751	0.27254	0.2666
752	0.27315	0.26596
753	0.27311	0.2652
754	0.27337	0.26418
755	0.27299	0.2639
756	0.27221	0.26274
757	0.27201	0.26232
758	0.27195	0.26167
759	0.27101	0.26138
760	0.27025	0.26113
761	0.26875	0.26053
762	0.26819	0.26043
763	0.26815	0.26014
764	0.26701	0.2601
765	0.26641	0.26008
766	0.26645	0.25971
767	0.26534	0.25976
768	0.26578	0.25973
769	0.26476	0.25931
770	0.2647	0.25885
771	0.26481	0.25846
772	0.26515	0.25781
773	0.2647	0.257
774	0.26483	0.25613
775	0.26501	0.25589
776	0.26443	0.25471
777	0.26449	0.25448
778	0.26412	0.25371
779	0.26314	0.25361
780	0.26266	0.25345
781	0.26129	0.25247
782	0.26074	0.25263
783	0.26079	0.25252
784	0.25991	0.25206
785	0.259	0.25189
786	0.25905	0.25167
787	0.25742	0.25145
788	0.2574	0.25162
789	0.25604	0.25112
790	0.25552	0.25081
791	0.25559	0.25034
792	0.25591	0.25004
793	0.25537	0.2492
794	0.25531	0.24856
795	0.25525	0.24817
796	0.25456	0.2469
797	0.25467	0.24668
798	0.25473	0.24598
799	0.25362	0.24577
800	0.25333	0.24552
801	0.25189	0.24459
802	0.25148	0.24446
803	0.25199	0.24413
804	0.25156	0.24386
805	0.25097	0.24393
806	0.25081	0.24355
807	0.24958	0.24351
808	0.24973	0.24361
809	0.24871	0.24322
810	0.24861	0.24276
811	0.24877	0.2422
812	0.24935	0.24177
813	0.24941	0.24118
814	0.24891	0.24036
815	0.24886	0.23977
816	0.2484	0.23883
817	0.24836	0.23864
818	0.24825	0.238
819	0.24723	0.23768
820	0.24627	0.23759
821	0.24467	0.2371
822	0.244	0.237
823	0.24454	0.23675
824	0.24429	0.23663
825	0.24378	0.23663
826	0.24391	0.23634
827	0.24248	0.23583
828	0.24245	0.2358
829	0.24132	0.23531
830	0.24142	0.23501
831	0.24156	0.23452
832	0.24195	0.23399
833	0.24152	0.23331
834	0.2407	0.23227
835	0.24045	0.23176
836	0.23951	0.23054
837	0.23914	0.23027
838	0.23884	0.22975
839	0.23756	0.22962
840	0.23637	0.22928
841	0.23484	0.22876
842	0.23435	0.22861
843	0.23505	0.2287
844	0.23478	0.22849
845	0.2345	0.2284
846	0.23432	0.22818
847	0.23335	0.22816
848	0.23349	0.22808
849	0.23255	0.22768
850	0.233	0.22741
851	0.23376	0.22724
852	0.23467	0.22661
853	0.23438	0.22601
854	0.23418	0.22524
855	0.23336	0.22478
856	0.2329	0.22388
857	0.23267	0.22375
858	0.23274	0.22313
859	0.23171	0.22299
860	0.23114	0.22282
861	0.22959	0.22232
862	0.22913	0.22236
863	0.22965	0.22226
864	0.22929	0.22198
865	0.22883	0.22191
866	0.22857	0.22186
867	0.22751	0.2218
868	0.22768	0.22169
869	0.22682	0.22134
870	0.22676	0.22092
871	0.22741	0.22039
872	0.228	0.2201
873	0.2277	0.21926
874	0.22734	0.21837
875	0.22684	0.21784
876	0.22601	0.21676
877	0.22547	0.21672
878	0.22562	0.2158
879	0.22442	0.21569
880	0.22397	0.21545
881	0.2217	0.21513
882	0.2211	0.21523
883	0.22155	0.21533
884	0.22072	0.2152
885	0.22028	0.21529
886	0.21989	0.2152
887	0.21885	0.21499
888	0.21896	0.21496
889	0.21826	0.21468
890	0.21835	0.2142
891	0.2194	0.21353
892	0.22024	0.21316
893	0.22019	0.21268
894	0.21993	0.21222
895	0.21976	0.21219
896	0.21933	0.21142
897	0.21889	0.2113
898	0.21933	0.21065
899	0.21846	0.21028
900	0.21851	0.21008
901	0.21697	0.20951
902	0.21681	0.20963
903	0.21736	0.20943
904	0.217	0.20926
905	0.2169	0.20939
906	0.21662	0.20915
907	0.21573	0.20898
908	0.2156	0.2088
909	0.21484	0.20833
910	0.2145	0.20795
911	0.21496	0.20718
912	0.21557	0.2066
913	0.21518	0.20638
914	0.21486	0.20516
915	0.21407	0.20499
916	0.21371	0.20386
917	0.21325	0.20357
918	0.21373	0.20294
919	0.21292	0.20289
920	0.21284	0.20274
921	0.21121	0.2022
922	0.21066	0.20243
923	0.21084	0.20202
924	0.21008	0.20169
925	0.20993	0.20176
926	0.20925	0.2014
927	0.20813	0.20106
928	0.20775	0.20092
929	0.20654	0.20064
930	0.20552	0.20044
931	0.20583	0.19996
932	0.20623	0.19926
933	0.20609	0.19877
934	0.20592	0.19821
935	0.20526	0.19803
936	0.20507	0.19718
937	0.20461	0.19735
938	0.20519	0.19701
939	0.20419	0.19704
940	0.20428	0.19698
941	0.20297	0.19654
942	0.20251	0.19691
943	0.20332	0.19662
944	0.20317	0.19644
945	0.20394	0.19662
946	0.2041	0.19641
947	0.20335	0.19625
948	0.20328	0.19609
949	0.20201	0.19577
950	0.2015	0.19524
951	0.20165	0.19463
952	0.2021	0.19412
953	0.2021	0.19371
954	0.20186	0.19304
955	0.20134	0.19296
956	0.20113	0.19222
957	0.20085	0.19243
958	0.20103	0.19195
959	0.19884	0.19195
960	0.19895	0.19157
961	0.19715	0.19116
962	0.19678	0.19168
963	0.19724	0.19149
964	0.19694	0.19131
965	0.19762	0.19125
966	0.19771	0.19112
967	0.19721	0.19106
968	0.1975	0.19086
969	0.19662	0.19061
970	0.19615	0.19017
971	0.19658	0.18975
972	0.19721	0.18872
973	0.19683	0.18843
974	0.19635	0.18797
975	0.19517	0.188
976	0.19469	0.18711
977	0.19384	0.1871
978	0.19356	0.18662
979	0.19134	0.18658
980	0.19129	0.18644
981	0.18967	0.18598
982	0.18924	0.18618
983	0.18976	0.18596
984	0.18979	0.18581
985	0.19029	0.18602
986	0.19022	0.18568
987	0.18979	0.18557
988	0.19021	0.18541
989	0.19034	0.18492
990	0.19018	0.18449
991	0.19053	0.18395
992	0.19112	0.18335
993	0.1909	0.18303
994	0.19013	0.18252
995	0.18897	0.18237
996	0.18869	0.18155
997	0.18794	0.18168
998	0.18767	0.1815
999	0.18572	0.18127
1000	0.18573	0.18136
1001	0.18422	0.18071
1002	0.18396	0.18103
1003	0.18429	0.18087
1004	0.18435	0.18065
1005	0.18488	0.18079
1006	0.18494	0.18064
1007	0.18434	0.18066
1008	0.18471	0.18063
1009	0.18482	0.18023
1010	0.18461	0.17992
1011	0.18509	0.17962
1012	0.18584	0.17885
1013	0.18558	0.17858
1014	0.18484	0.1779
1015	0.18391	0.17784
1016	0.18376	0.17708
1017	0.18333	0.17715
1018	0.18317	0.17681
1019	0.181	0.17684
1020	0.18115	0.17672
1021	0.17936	0.17616
1022	0.17918	0.17653
1023	0.17935	0.17638
1024	0.17932	0.17606
1025	0.17931	0.17627
1026	0.17899	0.17601
1027	0.17839	0.17592
1028	0.17862	0.17566
1029	0.17848	0.17523
1030	0.17827	0.17472
1031	0.17895	0.17412
1032	0.17973	0.17347
1033	0.17964	0.173
1034	0.17898	0.17229
1035	0.17796	0.17193
1036	0.17788	0.17127
1037	0.17737	0.17154
1038	0.17741	0.17135
1039	0.17532	0.17126
1040	0.1758	0.17114
1041	0.17432	0.17063
1042	0.1741	0.17106
1043	0.17433	0.17095
1044	0.17436	0.17085
1045	0.17455	0.17122
1046	0.17426	0.17105
1047	0.17364	0.17112
1048	0.17389	0.17093
1049	0.17354	0.17044
1050	0.17295	0.16992
1051	0.17337	0.1695
1052	0.17394	0.16901
1053	0.17399	0.16844
1054	0.17336	0.16772
1055	0.17248	0.16765
1056	0.17243	0.16652
1057	0.17195	0.16666
1058	0.17207	0.1664
1059	0.16984	0.16639
1060	0.17044	0.16618
1061	0.1691	0.16584
1062	0.16914	0.16603
1063	0.16967	0.16587
1064	0.16979	0.16564
1065	0.17018	0.16591
1066	0.16987	0.16577
1067	0.16906	0.1656
1068	0.16897	0.16543
1069	0.16852	0.16491
1070	0.16765	0.16441
1071	0.16771	0.16389
1072	0.16824	0.16315
1073	0.1683	0.16287
1074	0.16753	0.16218
1075	0.16655	0.16199
1076	0.16648	0.16124
1077	0.16608	0.16153
1078	0.16648	0.16136
1079	0.16495	0.1615
1080	0.16564	0.16138
1081	0.16437	0.16111
1082	0.16424	0.16152
1083	0.16479	0.16147
1084	0.16493	0.16123
1085	0.16527	0.16148
1086	0.16491	0.16123
1087	0.16378	0.16116
1088	0.1638	0.1609
1089	0.16345	0.16046
1090	0.16241	0.15999
1091	0.16258	0.15936
1092	0.16319	0.1587
1093	0.16327	0.15814
1094	0.16242	0.15754
1095	0.16142	0.157
1096	0.1613	0.15631
1097	0.16088	0.15666
1098	0.16109	0.15632
1099	0.15939	0.1565
1100	0.1601	0.15644
1101	0.15894	0.15603
1102	0.15867	0.15647
1103	0.15912	0.15642
1104	0.15923	0.15617
1105	0.15962	0.15639
1106	0.15927	0.1562
1107	0.1583	0.15597
1108	0.15836	0.15572
1109	0.15796	0.1552
1110	0.15694	0.15485
1111	0.15727	0.15422
1112	0.15783	0.15364
1113	0.15766	0.15326
1114	0.15666	0.15265
1115	0.15591	0.1524
1116	0.15566	0.15175
1117	0.15527	0.15217
1118	0.15558	0.15208
1119	0.15417	0.15218
1120	0.155	0.15224
1121	0.15385	0.15205
1122	0.15354	0.15266
1123	0.15396	0.15286
1124	0.15432	0.15267
1125	0.15467	0.15314
1126	0.1541	0.15285
1127	0.15327	0.15249
1128	0.15343	0.15233
1129	0.15296	0.1517
1130	0.15194	0.15132
1131	0.15225	0.15076
1132	0.1528	0.15015
1133	0.1528	0.14976
1134	0.15188	0.14908
1135	0.15108	0.14845
1136	0.15144	0.14769
1137	0.15128	0.14821
1138	0.1516	0.14769
1139	0.15016	0.14792
1140	0.15107	0.14803
1141	0.14987	0.14777
1142	0.14968	0.14799
1143	0.14984	0.14809
1144	0.14989	0.14799
1145	0.14997	0.14837
1146	0.14934	0.14804
1147	0.14841	0.14786
1148	0.14831	0.14793
1149	0.14779	0.14741
1150	0.14677	0.14705
1151	0.14678	0.14646
1152	0.1473	0.14601
1153	0.14729	0.14549
1154	0.14668	0.14488
1155	0.14609	0.1446
1156	0.14653	0.14384
1157	0.14627	0.14443
1158	0.1465	0.1444
1159	0.14514	0.14461
1160	0.1461	0.14483
1161	0.14511	0.14462
1162	0.14501	0.14522
1163	0.14532	0.14503
1164	0.14576	0.1447
1165	0.14579	0.14523
1166	0.14504	0.14494
1167	0.14392	0.14469
1168	0.1439	0.14442
1169	0.1433	0.14367
1170	0.14225	0.14323
1171	0.14243	0.14252
1172	0.14311	0.14171
1173	0.14328	0.14105
1174	0.14284	0.1403
1175	0.14241	0.13997
1176	0.143	0.13938
1177	0.14287	0.13993
1178	0.14334	0.13952
1179	0.14213	0.13965
1180	0.14323	0.13976
1181	0.14244	0.1394
1182	0.14235	0.13994
1183	0.14297	0.14011
1184	0.14332	0.14003
1185	0.14344	0.14038
1186	0.14262	0.1399
1187	0.14167	0.13968
1188	0.14155	0.13956
1189	0.14093	0.13891
1190	0.1398	0.13848
1191	0.13988	0.13785
1192	0.14059	0.13721
1193	0.14056	0.13685
1194	0.13994	0.13632
1195	0.13905	0.13599
1196	0.13942	0.13512
1197	0.13919	0.13558
1198	0.13973	0.13535
1199	0.13819	0.13561
1200	0.13903	0.13584
1201	0.13799	0.1357
1202	0.13786	0.13621
1203	0.13824	0.13643
1204	0.13834	0.13622
1205	0.13854	0.13651
1206	0.13775	0.13627
1207	0.13675	0.13611
1208	0.13694	0.13605
1209	0.13646	0.13532
1210	0.13531	0.13491
1211	0.13529	0.13421
1212	0.13597	0.13346
1213	0.13616	0.13274
1214	0.13546	0.13211
1215	0.13498	0.13164
1216	0.13535	0.13095
1217	0.13516	0.13142
1218	0.1357	0.13117
1219	0.13414	0.13142
1220	0.13521	0.13136
1221	0.13445	0.13126
1222	0.13451	0.13202
1223	0.13481	0.13215
1224	0.13505	0.13204
1225	0.13525	0.13244
1226	0.1346	0.1321
1227	0.13361	0.13177
1228	0.13354	0.13149
1229	0.13305	0.13077
1230	0.13189	0.13043
1231	0.13194	0.12965
1232	0.13247	0.12887
1233	0.13263	0.12857
1234	0.13155	0.12779
1235	0.1309	0.12759
1236	0.13146	0.12705
1237	0.13137	0.12754
1238	0.1318	0.12726
1239	0.13053	0.12781
1240	0.1316	0.12796
1241	0.13056	0.12788
1242	0.1308	0.1285
1243	0.13126	0.12861
1244	0.13128	0.12855
1245	0.13126	0.12903
1246	0.13062	0.12864
1247	0.12973	0.12836
1248	0.1297	0.12811
1249	0.1291	0.1276
1250	0.12793	0.12723
1251	0.12795	0.12648
1252	0.12836	0.12566
1253	0.12845	0.12533
1254	0.1276	0.12463
1255	0.12706	0.12442
1256	0.12752	0.12377
1257	0.12728	0.12419
1258	0.12787	0.12394
1259	0.12665	0.12419
1260	0.12769	0.12441
1261	0.127	0.12429
1262	0.12723	0.1248
1263	0.12761	0.12481
1264	0.12776	0.1248
1265	0.12786	0.12529
1266	0.12699	0.12484
1267	0.12602	0.12465
1268	0.126	0.12455
1269	0.12542	0.12405
1270	0.12438	0.12374
1271	0.12429	0.12312
1272	0.12467	0.12254
1273	0.12463	0.12222
1274	0.12397	0.12164
1275	0.12354	0.12132
1276	0.12419	0.12078
1277	0.1241	0.12124
1278	0.12452	0.12117
1279	0.12322	0.12151
1280	0.12434	0.12176
1281	0.12324	0.12146
1282	0.12328	0.1221
1283	0.12368	0.12212
1284	0.12387	0.12208
1285	0.12401	0.12254
1286	0.12335	0.12211
1287	0.12233	0.12172
1288	0.12223	0.12153
1289	0.12154	0.12086
1290	0.12035	0.12036
1291	0.12047	0.11953
1292	0.12102	0.11905
1293	0.12115	0.11855
1294	0.12046	0.11797
1295	0.11982	0.11764
1296	0.12048	0.11704
1297	0.12042	0.11746
1298	0.12087	0.11734
1299	0.11949	0.11756
1300	0.12054	0.11762
1301	0.11968	0.11736
1302	0.11983	0.11803
1303	0.11996	0.11809
1304	0.1201	0.11813
1305	0.12003	0.11874
1306	0.11937	0.11819
1307	0.11846	0.11793
1308	0.11837	0.11785
1309	0.11771	0.11726
1310	0.11647	0.11687
1311	0.11654	0.11612
1312	0.117	0.11563
1313	0.11724	0.11534
1314	0.1166	0.11472
1315	0.11611	0.11464
1316	0.11674	0.11412
1317	0.11654	0.11474
1318	0.11707	0.11469
1319	0.11566	0.11483
1320	0.11645	0.11507
1321	0.11574	0.1149
1322	0.11597	0.11546
1323	0.11627	0.11543
1324	0.11644	0.11533
1325	0.11661	0.11582
1326	0.11586	0.11506
1327	0.1148	0.11494
1328	0.11505	0.11484
1329	0.11444	0.11398
1330	0.11341	0.11345
1331	0.11319	0.11263
1332	0.11351	0.11201
1333	0.11349	0.11162
1334	0.11245	0.11102
1335	0.11196	0.11082
1336	0.11241	0.11045
1337	0.11235	0.11095
1338	0.1126	0.11087
1339	0.11136	0.11097
1340	0.11242	0.11119
1341	0.11133	0.11095
1342	0.11167	0.11144
1343	0.11203	0.1114
1344	0.11231	0.11115
1345	0.11255	0.11154
1346	0.1118	0.11114
1347	0.11089	0.11097
1348	0.11097	0.11104
1349	0.11067	0.11045
1350	0.1096	0.10998
1351	0.10962	0.10938
1352	0.10986	0.10883
1353	0.10995	0.10852
1354	0.10906	0.1081
1355	0.10894	0.10796
1356	0.10976	0.10737
1357	0.10989	0.10804
1358	0.11047	0.10781
1359	0.10932	0.10823
1360	0.11052	0.10842
1361	0.11013	0.10821
1362	0.11027	0.10886
1363	0.11101	0.10886
1364	0.11128	0.10873
1365	0.11143	0.10913
1366	0.11075	0.10873
1367	0.10979	0.10844
1368	0.10989	0.10834
1369	0.10924	0.10747
1370	0.10806	0.10706
1371	0.10788	0.10648
1372	0.10826	0.10602
1373	0.10823	0.10566
1374	0.10732	0.1052
1375	0.10715	0.10519
1376	0.1079	0.10474
1377	0.10768	0.10524
1378	0.10807	0.10493
1379	0.10674	0.10529
1380	0.10762	0.10538
1381	0.10724	0.1052
1382	0.10743	0.1057
1383	0.10806	0.1056
1384	0.10834	0.10547
1385	0.10816	0.10583
1386	0.10736	0.1053
1387	0.10594	0.10508
1388	0.10589	0.10529
1389	0.10493	0.10445
1390	0.10368	0.10398
1391	0.10321	0.10351
1392	0.1038	0.10303
1393	0.10376	0.103
1394	0.10288	0.10267
1395	0.10265	0.10276
1396	0.10325	0.10228
1397	0.10325	0.10304
1398	0.1041	0.10279
1399	0.10365	0.10327
1400	0.10507	0.10334
1401	0.10509	0.10313
1402	0.10576	0.10357
1403	0.10656	0.10347
1404	0.10723	0.10316
1405	0.1069	0.10336
1406	0.10629	0.10297
1407	0.10503	0.10267
1408	0.10494	0.10262
1409	0.1039	0.10167
1410	0.1027	0.10115
1411	0.10225	0.10049
1412	0.10252	0.09994
1413	0.10223	0.09961
1414	0.101	0.09904
1415	0.10044	0.09906
1416	0.10109	0.09852
1417	0.10134	0.09922
1418	0.10213	0.099
1419	0.10157	0.09953
1420	0.10308	0.09961
1421	0.10259	0.09945
1422	0.10293	0.09996
1423	0.10323	0.09994
1424	0.10357	0.09966
1425	0.10308	0.09998
1426	0.1024	0.09948
1427	0.10129	0.09922
1428	0.10062	0.09943
1429	0.09896	0.09864
1430	0.09735	0.09824
1431	0.09649	0.09755
1432	0.0965	0.09734
1433	0.09628	0.09716
1434	0.09497	0.09687
1435	0.0947	0.09696
1436	0.09493	0.09656
1437	0.09538	0.09711
1438	0.09622	0.09697
1439	0.09594	0.09742
1440	0.09766	0.09755
1441	0.09762	0.09721
1442	0.0983	0.09782
1443	0.09898	0.09761
1444	0.09965	0.09721
1445	0.09944	0.09747
1446	0.09877	0.09697
1447	0.09788	0.09674
1448	0.09785	0.09666
1449	0.09659	0.09554
1450	0.09542	0.09509
1451	0.09518	0.09462
1452	0.09509	0.09416
1453	0.09547	0.09399
1454	0.09425	0.09369
1455	0.09424	0.09376
1456	0.09504	0.0933
1457	0.09518	0.09386
1458	0.09617	0.09361
1459	0.09597	0.09413
1460	0.09752	0.09416
1461	0.09729	0.09401
1462	0.09786	0.0945
1463	0.09838	0.0944
1464	0.09893	0.09403
1465	0.09835	0.09431
1466	0.09744	0.09356
1467	0.09603	0.09352
1468	0.09553	0.09347
1469	0.09348	0.09268
1470	0.09162	0.09252
1471	0.09077	0.09213
1472	0.09061	0.09188
1473	0.09066	0.09164
1474	0.08931	0.09128
1475	0.08918	0.09155
1476	0.08947	0.09122
1477	0.08935	0.09182
1478	0.08992	0.09162
1479	0.08957	0.09216
1480	0.0908	0.09236
1481	0.09048	0.0922
1482	0.09112	0.09264
1483	0.09146	0.09237
1484	0.09215	0.09203
1485	0.09205	0.09221
1486	0.09128	0.09164
1487	0.0901	0.09149
1488	0.09005	0.09141
1489	0.08854	0.09063
1490	0.08719	0.09035
1491	0.08674	0.08978
1492	0.08711	0.08951
1493	0.08791	0.08944
1494	0.08707	0.08907
1495	0.08775	0.08922
1496	0.08893	0.08902
1497	0.08962	0.08957
1498	0.09049	0.08942
1499	0.09017	0.08984
1500	0.09149	0.08995
1501	0.09136	0.08971
1502	0.09185	0.09003
1503	0.09224	0.08979
1504	0.09295	0.08921
1505	0.09263	0.08946
1506	0.09196	0.08858
1507	0.09093	0.08855
1508	0.09089	0.08849
1509	0.08936	0.08774
1510	0.08783	0.08755
1511	0.08658	0.08701
1512	0.08669	0.08688
1513	0.08722	0.08696
1514	0.08637	0.08679
1515	0.08661	0.08695
1516	0.08731	0.08665
1517	0.08733	0.08732
1518	0.088	0.08733
1519	0.08717	0.08772
1520	0.08814	0.08776
1521	0.08798	0.08759
1522	0.0881	0.08788
1523	0.08792	0.08753
1524	0.08835	0.08709
1525	0.08773	0.08726
1526	0.08664	0.08628
1527	0.08545	0.08625
1528	0.08536	0.08601
1529	0.08423	0.08526
1530	0.08295	0.08505
1531	0.08202	0.08462
1532	0.0825	0.08446
1533	0.08329	0.08436
1534	0.08262	0.08406
1535	0.08316	0.08405
1536	0.08401	0.0837
1537	0.08404	0.08416
1538	0.08476	0.08385
1539	0.08399	0.08429
1540	0.08556	0.0843
1541	0.08609	0.08401
1542	0.08672	0.0842
1543	0.08669	0.08396
1544	0.08772	0.0833
1545	0.08734	0.08354
1546	0.0866	0.08255
1547	0.08596	0.08261
1548	0.08568	0.08235
1549	0.08439	0.08164
1550	0.08333	0.08148
1551	0.08246	0.08085
1552	0.08284	0.08104
1553	0.0835	0.08115
1554	0.08275	0.08105
1555	0.08308	0.08109
1556	0.08361	0.08116
1557	0.08313	0.08174
1558	0.08369	0.08165
1559	0.08243	0.08219
1560	0.08369	0.08219
1561	0.08403	0.08183
1562	0.08455	0.08198
1563	0.08428	0.08178
1564	0.08509	0.08117
1565	0.08433	0.08121
1566	0.08329	0.08014
1567	0.08258	0.08037
1568	0.08228	0.07991
1569	0.08083	0.07914
1570	0.07951	0.07899
1571	0.07816	0.07837
1572	0.07809	0.07834
1573	0.07889	0.07819
1574	0.0777	0.07814
1575	0.07787	0.07843
1576	0.07868	0.07829
1577	0.07793	0.0787
1578	0.07859	0.07887
1579	0.07778	0.07931
1580	0.07892	0.07926
1581	0.07933	0.07913
1582	0.08016	0.07912
1583	0.07999	0.07878
1584	0.08083	0.07824
1585	0.08016	0.07836
1586	0.07936	0.07741
1587	0.07906	0.0777
1588	0.07938	0.07744
1589	0.07869	0.07682
1590	0.07805	0.07691
1591	0.07747	0.07615
1592	0.07769	0.07638
1593	0.07873	0.07649
1594	0.07757	0.07658
1595	0.07792	0.07684
1596	0.07891	0.07682
1597	0.07804	0.07725
1598	0.07924	0.07749
1599	0.0785	0.07801
1600	0.07984	0.0779
1601	0.08043	0.07772
1602	0.08117	0.07781
1603	0.08065	0.0775
1604	0.08118	0.07672
1605	0.08035	0.07661
1606	0.07915	0.07567
1607	0.07858	0.0757
1608	0.07822	0.07532
1609	0.07722	0.07459
1610	0.07647	0.07458
1611	0.07555	0.07378
1612	0.0757	0.07393
1613	0.07678	0.07414
1614	0.0755	0.074
1615	0.07576	0.07445
1616	0.07661	0.07422
1617	0.07569	0.07454
1618	0.07656	0.0749
1619	0.07581	0.07507
1620	0.07676	0.07494
1621	0.07696	0.07484
1622	0.07748	0.07484
1623	0.07696	0.07455
1624	0.07732	0.07393
1625	0.07645	0.07395
1626	0.07515	0.07292
1627	0.07483	0.07319
1628	0.074	0.07286
1629	0.07275	0.0723
1630	0.07186	0.07239
1631	0.07105	0.0718
1632	0.0714	0.07208
1633	0.07261	0.07235
1634	0.07226	0.07246
1635	0.07307	0.07278
1636	0.07457	0.07277
1637	0.07413	0.073
1638	0.0757	0.0733
1639	0.07519	0.07355
1640	0.07618	0.07342
1641	0.07626	0.07337
1642	0.077	0.07329
1643	0.07659	0.073
1644	0.07716	0.07237
1645	0.07693	0.07222
1646	0.07579	0.07133
1647	0.07574	0.07162
1648	0.07499	0.07098
1649	0.07362	0.07048
1650	0.0726	0.07048
1651	0.07159	0.06985
1652	0.07154	0.07
1653	0.07248	0.07026
1654	0.07172	0.07034
1655	0.07216	0.07079
1656	0.0734	0.07078
1657	0.07263	0.071
1658	0.07411	0.07149
1659	0.07366	0.0716
1660	0.07451	0.07143
1661	0.07469	0.07127
1662	0.07519	0.07115
1663	0.07456	0.07086
1664	0.07448	0.07026
1665	0.0741	0.07019
1666	0.07258	0.06932
1667	0.07206	0.0695
1668	0.07119	0.069
1669	0.06964	0.06869
1670	0.06856	0.06875
1671	0.06736	0.0683
1672	0.06698	0.06864
1673	0.06763	0.06893
1674	0.06698	0.06906
1675	0.06698	0.06959
1676	0.06836	0.06959
1677	0.06764	0.06985
1678	0.06922	0.07037
1679	0.06914	0.07044
1680	0.07067	0.07028
1681	0.07139	0.07015
1682	0.07262	0.06992
1683	0.07291	0.06963
1684	0.07368	0.06899
1685	0.07379	0.06903
1686	0.07232	0.06811
1687	0.072	0.0684
1688	0.07113	0.06756
1689	0.0696	0.06739
1690	0.06889	0.06739
1691	0.06764	0.06678
1692	0.06733	0.06704
1693	0.06806	0.06724
1694	0.06711	0.06736
1695	0.06668	0.06782
1696	0.06766	0.06786
1697	0.0667	0.06819
1698	0.06779	0.06875
1699	0.06719	0.06885
1700	0.06837	0.06859
1701	0.06922	0.06841
1702	0.0705	0.06829
1703	0.07082	0.06789
1704	0.07148	0.06727
1705	0.07159	0.06718
1706	0.07017	0.06611
1707	0.0699	0.06638
1708	0.06915	0.0658
1709	0.06744	0.0656
1710	0.06637	0.06559
1711	0.06436	0.06502
1712	0.0638	0.06538
1713	0.06416	0.06566
1714	0.06284	0.06588
1715	0.0622	0.06643
1716	0.06318	0.06642
1717	0.06228	0.06665
1718	0.06313	0.06711
1719	0.06267	0.06706
1720	0.06352	0.06681
1721	0.0646	0.06661
1722	0.0659	0.06647
1723	0.06622	0.06616
1724	0.06715	0.06539
1725	0.0678	0.06534
1726	0.06723	0.06427
1727	0.06767	0.06459
1728	0.0678	0.06403
1729	0.06706	0.06388
1730	0.0665	0.06386
1731	0.06512	0.06336
1732	0.0648	0.06379
1733	0.06513	0.06405
1734	0.06406	0.06417
1735	0.06359	0.06472
1736	0.0644	0.06474
1737	0.06341	0.06512
1738	0.06411	0.06568
1739	0.06328	0.06532
1740	0.06379	0.06515
1741	0.06448	0.06501
1742	0.06529	0.06487
1743	0.06517	0.06447
1744	0.06556	0.06382
1745	0.06608	0.0639
1746	0.0657	0.06289
1747	0.06611	0.06315
1748	0.06621	0.06266
1749	0.06544	0.06248
1750	0.06495	0.06253
1751	0.06345	0.06195
1752	0.06275	0.06253
1753	0.06286	0.06275
1754	0.06171	0.06286
1755	0.06106	0.06332
1756	0.06136	0.06339
1757	0.05979	0.06367
1758	0.06	0.0642
1759	0.05872	0.06386
1760	0.05878	0.06362
1761	0.05915	0.06337
1762	0.05998	0.06316
1763	0.0599	0.0627
1764	0.06029	0.06197
1765	0.06074	0.06192
1766	0.06061	0.06104
1767	0.06138	0.06129
1768	0.06202	0.06077
1769	0.06125	0.0608
1770	0.0611	0.06092
1771	0.05992	0.06043
1772	0.05974	0.06087
1773	0.06063	0.06108
1774	0.0605	0.06128
1775	0.06017	0.06181
1776	0.06078	0.06186
1777	0.05987	0.06222
1778	0.06035	0.06261
1779	0.05927	0.06241
1780	0.05974	0.06224
1781	0.06011	0.06208
1782	0.06119	0.06185
1783	0.06131	0.06149
1784	0.06158	0.06081
1785	0.06193	0.06084
1786	0.06177	0.05992
1787	0.06222	0.06
1788	0.06256	0.05953
1789	0.06156	0.05966
1790	0.06093	0.05974
1791	0.0596	0.05926
1792	0.05922	0.05978
1793	0.0601	0.0601
1794	0.05981	0.06032
1795	0.0593	0.06073
1796	0.05956	0.06076
1797	0.05805	0.06097
1798	0.05797	0.0614
1799	0.05661	0.06109
1800	0.05678	0.06086
1801	0.05713	0.06068
1802	0.05822	0.06043
1803	0.05797	0.06004
1804	0.05767	0.05934
1805	0.05771	0.05919
1806	0.05716	0.0582
1807	0.05702	0.05847
1808	0.05721	0.05802
1809	0.05614	0.05801
1810	0.05545	0.05811
1811	0.05396	0.05769
1812	0.05373	0.05829
1813	0.05469	0.05856
1814	0.05481	0.05867
1815	0.05474	0.05911
1816	0.05517	0.05909
1817	0.0545	0.05938
1818	0.05489	0.05968
1819	0.05401	0.05945
1820	0.0548	0.05919
1821	0.05593	0.05887
1822	0.05765	0.05865
1823	0.05788	0.05832
1824	0.05817	0.05763
1825	0.05816	0.05765
1826	0.05792	0.05666
1827	0.05801	0.05706
1828	0.05844	0.05661
1829	0.05739	0.05669
1830	0.05721	0.05688
1831	0.05545	0.05649
1832	0.05543	0.05699
1833	0.05638	0.05717
1834	0.05619	0.05732
1835	0.0557	0.05778
1836	0.05566	0.05772
1837	0.05457	0.05799
1838	0.05485	0.0584
1839	0.05404	0.05807
1840	0.05452	0.05786
1841	0.0555	0.05762
1842	0.05645	0.05735
1843	0.05633	0.05694
1844	0.05619	0.05622
1845	0.05582	0.05627
1846	0.05546	0.05529
1847	0.05502	0.05568
1848	0.05543	0.05524
1849	0.0543	0.05526
1850	0.05408	0.05535
1851	0.05201	0.05489
1852	0.05148	0.05546
1853	0.05202	0.05563
1854	0.05138	0.05581
1855	0.05111	0.05609
1856	0.05107	0.05597
1857	0.05003	0.05613
1858	0.05036	0.05645
1859	0.04983	0.05607
1860	0.05023	0.05588
1861	0.05169	0.05564
1862	0.05291	0.05534
1863	0.05322	0.05502
1864	0.05347	0.0542
1865	0.05358	0.05424
1866	0.05377	0.05345
1867	0.05382	0.0539
1868	0.05475	0.05366
1869	0.0541	0.05368
1870	0.05431	0.05378
1871	0.05308	0.05348
1872	0.05333	0.05421
1873	0.05424	0.05433
1874	0.05377	0.05446
1875	0.0537	0.05472
1876	0.05367	0.05469
1877	0.05304	0.05482
1878	0.0531	0.055
1879	0.05249	0.05469
1880	0.05228	0.05444
1881	0.05342	0.05402
1882	0.05469	0.05364
1883	0.05482	0.05341
1884	0.05472	0.05264
1885	0.05416	0.05279
1886	0.05392	0.05189
1887	0.05378	0.05232
1888	0.05465	0.05205
1889	0.05381	0.05209
1890	0.05392	0.05225
1891	0.05239	0.05179
1892	0.05224	0.05238
1893	0.05275	0.05237
1894	0.05212	0.05249
1895	0.05193	0.05285
1896	0.05187	0.05262
1897	0.05097	0.0527
1898	0.05079	0.05292
1899	0.04975	0.05273
1900	0.04925	0.05254
1901	0.04989	0.05229
1902	0.0509	0.0519
1903	0.05095	0.05182
1904	0.05088	0.05105
1905	0.05009	0.05127
1906	0.05013	0.05065
1907	0.05005	0.05119
1908	0.0511	0.05089
1909	0.0504	0.05105
1910	0.05109	0.05123
1911	0.04983	0.05098
1912	0.04968	0.05176
1913	0.05086	0.05173
1914	0.05087	0.05171
1915	0.05187	0.05208
1916	0.05244	0.052
1917	0.05192	0.05206
1918	0.05212	0.05219
1919	0.05111	0.05189
1920	0.05074	0.05158
1921	0.05135	0.05132
1922	0.05219	0.0509
1923	0.05251	0.0507
1924	0.05244	0.05019
1925	0.05194	0.05033
1926	0.05194	0.04956
1927	0.05168	0.04998
1928	0.05215	0.04984
1929	0.05011	0.05007
1930	0.05066	0.0503
1931	0.0493	0.04999
1932	0.04909	0.05071
1933	0.04998	0.05076
1934	0.04979	0.05064
1935	0.05075	0.05093
1936	0.05114	0.05073
1937	0.05062	0.05081
1938	0.05089	0.05088
1939	0.04992	0.05056
1940	0.0495	0.05023
1941	0.05018	0.04994
1942	0.05103	0.04942
1943	0.05094	0.04931
1944	0.0505	0.04881
1945	0.04936	0.04907
1946	0.04926	0.04836
1947	0.04865	0.04885
1948	0.04857	0.04854
1949	0.04644	0.04878
1950	0.0469	0.04902
1951	0.04559	0.04864
1952	0.04558	0.0494
1953	0.04628	0.04946
1954	0.04655	0.04933
1955	0.04739	0.04972
1956	0.04775	0.04948
1957	0.04745	0.04964
1958	0.04801	0.04968
1959	0.04833	0.04919
1960	0.04817	0.04889
1961	0.04888	0.04859
1962	0.04979	0.04806
1963	0.04976	0.0479
1964	0.04944	0.04744
1965	0.04856	0.0477
1966	0.04867	0.04704
1967	0.04812	0.04754
1968	0.0482	0.04745
1969	0.04615	0.0477
1970	0.04658	0.04798
1971	0.04515	0.04778
1972	0.04508	0.04842
1973	0.04567	0.04852
1974	0.04593	0.04853
1975	0.04656	0.049
1976	0.04673	0.04884
1977	0.0464	0.04905
1978	0.04712	0.04912
1979	0.04744	0.04861
1980	0.04728	0.04833
1981	0.04799	0.048
1982	0.04883	0.04755
1983	0.04879	0.0474
1984	0.04838	0.04689
1985	0.04751	0.04712
1986	0.04737	0.04633
1987	0.04681	0.0468
1988	0.04692	0.04664
1989	0.04486	0.04672
1990	0.04541	0.04692
1991	0.04406	0.04664
1992	0.04399	0.04724
1993	0.04462	0.04732
1994	0.04482	0.04722
1995	0.04523	0.04768
1996	0.04518	0.04748
1997	0.04477	0.04771
1998	0.04538	0.04776
1999	0.0457	0.04736
2000	0.04546	0.04696
2001	0.04622	0.04659
2002	0.04708	0.04614
2003	0.04723	0.04588
2004	0.04663	0.04538
2005	0.04595	0.0455
2006	0.04606	0.04468
2007	0.04563	0.04534
2008	0.04576	0.04521
2009	0.04383	0.04552
2010	0.04466	0.04586
2011	0.04333	0.04566
2012	0.04335	0.04634
2013	0.04396	0.04648
2014	0.0444	0.04654
2015	0.04492	0.0471
2016	0.04471	0.04684
2017	0.0442	0.04716
2018	0.04451	0.04728
2019	0.04452	0.04682
2020	0.04404	0.04642
2021	0.04448	0.04603
2022	0.04541	0.04558
2023	0.04548	0.0451
2024	0.04493	0.04457
2025	0.04429	0.04461
2026	0.04446	0.0439
2027	0.04406	0.04452
2028	0.0443	0.0444
2029	0.04235	0.04462
2030	0.04323	0.04487
2031	0.04201	0.04463
2032	0.04211	0.04536
2033	0.04274	0.0455
2034	0.04319	0.04549
2035	0.0437	0.04595
2036	0.04353	0.04574
2037	0.04292	0.04577
2038	0.04316	0.04584
2039	0.04303	0.04536
2040	0.04199	0.04491
2041	0.04234	0.04454
2042	0.04319	0.04394
2043	0.04326	0.0437
2044	0.04262	0.04328
2045	0.04191	0.04325
2046	0.04225	0.0426
2047	0.04194	0.04323
2048	0.04232	0.04313
2049	0.04072	0.04344
2050	0.04183	0.04385
2051	0.04084	0.0437
2052	0.04094	0.04455
2053	0.04164	0.04482
2054	0.04217	0.04479
2055	0.04269	0.04538
2056	0.04245	0.04512
2057	0.04194	0.04517
2058	0.04227	0.04529
2059	0.04205	0.04485
2060	0.04109	0.04439
2061	0.0416	0.04398
2062	0.04236	0.04337
2063	0.04252	0.04313
2064	0.04183	0.04263
2065	0.04114	0.04262
2066	0.04147	0.04186
2067	0.04111	0.04251
2068	0.04157	0.04239
2069	0.03988	0.04266
2070	0.04091	0.04294
2071	0.03986	0.04276
2072	0.03985	0.04359
2073	0.04047	0.04368
2074	0.0409	0.0435
2075	0.04136	0.04406
2076	0.04107	0.04378
2077	0.04048	0.04384
2078	0.04087	0.04381
2079	0.0406	0.04329
2080	0.03967	0.04281
2081	0.04014	0.04241
2082	0.04092	0.04184
2083	0.04093	0.04153
2084	0.04011	0.04097
2085	0.03947	0.04086
2086	0.03983	0.04028
2087	0.03964	0.04095
2088	0.04019	0.04091
2089	0.03876	0.04131
2090	0.04004	0.04165
2091	0.0391	0.04155
2092	0.03916	0.04247
2093	0.03981	0.04278
2094	0.04026	0.04279
2095	0.0407	0.04342
2096	0.04035	0.04318
2097	0.03963	0.04324
2098	0.04007	0.04318
2099	0.03981	0.04261
2100	0.03877	0.04231
2101	0.0392	0.04174
2102	0.04011	0.04114
2103	0.04035	0.04078
2104	0.03964	0.04025
2105	0.03899	0.04003
2106	0.0396	0.03945
2107	0.03956	0.04013
2108	0.03994	0.04004
2109	0.03858	0.04046
2110	0.03982	0.04083
2111	0.03884	0.04064
2112	0.03876	0.04158
2113	0.03927	0.04181
2114	0.03949	0.04178
2115	0.03964	0.04248
2116	0.03898	0.04215
2117	0.03825	0.0421
2118	0.03847	0.04221
2119	0.03801	0.04164
2120	0.03697	0.04129
2121	0.03734	0.04076
2122	0.03827	0.04022
2123	0.03837	0.03991
2124	0.03766	0.03929
2125	0.0371	0.03921
2126	0.03776	0.03871
2127	0.03779	0.03936
2128	0.0383	0.03929
2129	0.0369	0.0397
2130	0.03825	0.04003
2131	0.03739	0.03995
2132	0.03746	0.04092
2133	0.0379	0.04116
2134	0.03838	0.04122
2135	0.03858	0.042
2136	0.03785	0.04168
2137	0.03701	0.04178
2138	0.03724	0.04168
2139	0.03679	0.04107
2140	0.03571	0.04064
2141	0.03611	0.04009
2142	0.03715	0.0395
2143	0.03747	0.03912
2144	0.03712	0.0384
2145	0.0368	0.03815
2146	0.03762	0.03754
2147	0.0376	0.03817
2148	0.03824	0.03799
2149	0.03695	0.03838
2150	0.03831	0.0386
2151	0.03758	0.03853
2152	0.03757	0.03946
2153	0.03824	0.03974
2154	0.03864	0.03977
2155	0.03878	0.04045
2156	0.03819	0.04016
2157	0.03732	0.04017
2158	0.03748	0.04018
2159	0.037	0.03952
2160	0.03593	0.03917
2161	0.03609	0.03862
2162	0.03684	0.03807
2163	0.037	0.03773
2164	0.03642	0.03704
2165	0.03601	0.03701
2166	0.03676	0.03641
2167	0.03672	0.03717
2168	0.03733	0.03722
2169	0.0361	0.03773
2170	0.03743	0.03807
2171	0.03668	0.03806
2172	0.03684	0.0391
2173	0.03741	0.03939
2174	0.0378	0.03944
2175	0.03805	0.04023
2176	0.03742	0.03989
2177	0.03655	0.03981
2178	0.03677	0.03984
2179	0.03633	0.03907
2180	0.03523	0.03868
2181	0.03543	0.03804
2182	0.03616	0.03748
2183	0.03634	0.03703
2184	0.03573	0.03645
2185	0.03542	0.03629
2186	0.03623	0.03565
2187	0.03615	0.0364
2188	0.03685	0.03633
2189	0.03563	0.0367
2190	0.03706	0.03695
2191	0.03629	0.03688
2192	0.03659	0.03777
2193	0.03724	0.03796
2194	0.03769	0.03799
2195	0.03793	0.03861
2196	0.03733	0.03829
2197	0.0365	0.03823
2198	0.03671	0.03827
2199	0.03617	0.03777
2200	0.03506	0.03741
2201	0.03527	0.03678
2202	0.03588	0.03622
2203	0.03609	0.03585
2204	0.03537	0.03535
2205	0.03498	0.0353
2206	0.0357	0.03486
2207	0.0357	0.03557
2208	0.03626	0.03547
2209	0.03501	0.03602
2210	0.03635	0.03641
2211	0.03556	0.03643
2212	0.0359	0.03737
2213	0.03648	0.03749
2214	0.0369	0.03753
2215	0.03709	0.03828
2216	0.03648	0.03782
2217	0.03555	0.03778
2218	0.03575	0.03773
2219	0.03526	0.0372
2220	0.03411	0.0368
2221	0.03434	0.03617
2222	0.03493	0.03562
2223	0.03507	0.03536
2224	0.03436	0.03475
2225	0.03389	0.03467
2226	0.03473	0.03415
2227	0.03468	0.03488
2228	0.03525	0.03474
2229	0.03407	0.03505
2230	0.03541	0.03534
2231	0.03467	0.03525
2232	0.03499	0.03611
2233	0.03561	0.03632
2234	0.03608	0.0364
2235	0.03634	0.03714
2236	0.03566	0.03662
2237	0.03475	0.03672
2238	0.0349	0.03665
2239	0.03437	0.03612
2240	0.03327	0.03579
2241	0.03334	0.03521
2242	0.03385	0.03468
2243	0.0341	0.03439
2244	0.0334	0.03386
2245	0.03307	0.03383
2246	0.03389	0.0335
2247	0.03401	0.03413
2248	0.03455	0.03406
2249	0.03332	0.03446
2250	0.0347	0.03482
2251	0.03388	0.03477
2252	0.03419	0.03564
2253	0.03465	0.03573
2254	0.03507	0.03574
2255	0.03529	0.03648
2256	0.03464	0.03596
2257	0.03383	0.0359
2258	0.03402	0.0359
2259	0.03351	0.03534
2260	0.03244	0.03495
2261	0.0326	0.03432
2262	0.03322	0.03374
2263	0.03348	0.03349
2264	0.03292	0.03288
2265	0.03254	0.03275
2266	0.0334	0.03236
2267	0.03346	0.03299
2268	0.03392	0.03294
2269	0.03274	0.03325
2270	0.03411	0.03364
2271	0.0334	0.03354
2272	0.03372	0.03439
2273	0.03427	0.03453
2274	0.03465	0.03453
2275	0.03493	0.0353
2276	0.03427	0.03477
2277	0.03336	0.03486
2278	0.03354	0.03484
2279	0.03295	0.03431
2280	0.03182	0.03391
2281	0.03188	0.03333
2282	0.03246	0.03285
2283	0.03273	0.03273
2284	0.03212	0.03227
2285	0.0317	0.0324
2286	0.03242	0.03194
2287	0.03249	0.03269
2288	0.03301	0.03257
2289	0.03174	0.03299
2290	0.0331	0.03338
2291	0.03242	0.03334
2292	0.0328	0.03413
2293	0.03328	0.03431
2294	0.03361	0.0342
2295	0.03387	0.03493
2296	0.03323	0.03426
2297	0.03227	0.03413
2298	0.03254	0.0343
2299	0.03193	0.03353
2300	0.03081	0.03311
2301	0.03091	0.03255
2302	0.0313	0.03203
2303	0.03143	0.03176
2304	0.03065	0.03131
2305	0.03027	0.03137
2306	0.03095	0.03097
2307	0.03107	0.03165
2308	0.03152	0.03158
2309	0.03027	0.0319
2310	0.03139	0.0322
2311	0.03076	0.03218
2312	0.03103	0.03294
2313	0.03152	0.03306
2314	0.03192	0.033
2315	0.03226	0.03356
2316	0.03165	0.03312
2317	0.03094	0.03308
2318	0.03127	0.03319
2319	0.03094	0.03249
2320	0.02993	0.03213
2321	0.02992	0.03162
2322	0.03021	0.03126
2323	0.03039	0.03119
2324	0.02957	0.03082
2325	0.02943	0.03086
2326	0.0304	0.03053
2327	0.03067	0.03131
2328	0.03142	0.03119
2329	0.03046	0.03179
2330	0.03185	0.03213
2331	0.03149	0.03204
2332	0.03192	0.03287
2333	0.03277	0.03297
2334	0.03331	0.03287
2335	0.03351	0.03325
2336	0.03288	0.03276
2337	0.03189	0.03264
2338	0.03202	0.03285
2339	0.03136	0.032
2340	0.03017	0.03161
2341	0.02999	0.03102
2342	0.03036	0.03063
2343	0.03048	0.03046
2344	0.02967	0.02998
2345	0.02956	0.03003
2346	0.03049	0.02955
2347	0.0305	0.03032
2348	0.03099	0.0301
2349	0.02974	0.03064
2350	0.03091	0.03096
2351	0.03049	0.03077
2352	0.03087	0.03155
2353	0.03169	0.03158
2354	0.03205	0.03149
2355	0.03188	0.03195
2356	0.03096	0.03146
2357	0.02963	0.03142
2358	0.02947	0.03162
2359	0.02856	0.03083
2360	0.02735	0.03035
2361	0.02709	0.02988
2362	0.02772	0.02954
2363	0.02785	0.02951
2364	0.02722	0.02917
2365	0.02725	0.02931
2366	0.0283	0.02899
2367	0.0285	0.02998
2368	0.02947	0.0297
2369	0.02908	0.03045
2370	0.03077	0.03076
2371	0.0309	0.03066
2372	0.03173	0.03136
2373	0.03269	0.03144
2374	0.03341	0.03123
2375	0.03305	0.03171
2376	0.03259	0.0312
2377	0.0315	0.03098
2378	0.03147	0.0312
2379	0.03045	0.03033
2380	0.02932	0.02994
2381	0.02882	0.0294
2382	0.02933	0.02903
2383	0.0293	0.02894
2384	0.02819	0.0286
2385	0.02796	0.02865
2386	0.02891	0.02828
2387	0.02921	0.02907
2388	0.03011	0.02878
2389	0.02964	0.02932
2390	0.03132	0.02957
2391	0.0309	0.02948
2392	0.03128	0.03007
2393	0.03168	0.03011
2394	0.032	0.02992
2395	0.0315	0.0304
2396	0.03086	0.02991
2397	0.02962	0.02968
2398	0.02916	0.03001
2399	0.02758	0.0291
2400	0.02593	0.02885
2401	0.02505	0.02829
2402	0.02501	0.02797
2403	0.02481	0.02789
2404	0.02351	0.02768
2405	0.0234	0.02785
2406	0.024	0.02754
2407	0.02452	0.02846
2408	0.02568	0.02823
2409	0.02571	0.02888
2410	0.02766	0.0291
2411	0.02779	0.02904
2412	0.02863	0.02969
2413	0.02938	0.02972
2414	0.03017	0.02949
2415	0.02998	0.0299
2416	0.02964	0.0293
2417	0.02887	0.02912
2418	0.02882	0.02921
2419	0.0274	0.02837
2420	0.02626	0.02808
2421	0.02605	0.02759
2422	0.02612	0.02733
2423	0.02654	0.0272
2424	0.02524	0.02692
2425	0.02536	0.02703
2426	0.02622	0.02672
2427	0.02665	0.02753
2428	0.02768	0.02732
2429	0.02757	0.0279
2430	0.0293	0.02808
2431	0.02927	0.02798
2432	0.02992	0.02864
2433	0.03061	0.02858
2434	0.03137	0.02825
2435	0.03098	0.02866
2436	0.03018	0.02806
2437	0.02874	0.02801
2438	0.02834	0.02802
2439	0.02624	0.02724
2440	0.02458	0.02702
2441	0.02373	0.02664
2442	0.02358	0.0264
2443	0.02386	0.02647
2444	0.02258	0.02632
2445	0.02267	0.02663
2446	0.02333	0.02642
2447	0.02343	0.02736
2448	0.02421	0.02725
2449	0.02391	0.02789
2450	0.02534	0.02813
2451	0.02515	0.028
2452	0.02603	0.02865
2453	0.0266	0.02857
2454	0.02745	0.02819
2455	0.0274	0.02855
2456	0.02677	0.02791
2457	0.02575	0.02787
2458	0.02592	0.0278
2459	0.02441	0.02699
2460	0.02326	0.02678
2461	0.02281	0.02622
2462	0.02315	0.02604
2463	0.0241	0.02608
2464	0.02324	0.02587
2465	0.02411	0.02621
2466	0.0254	0.026
2467	0.02616	0.02674
2468	0.02726	0.02668
2469	0.02705	0.02726
2470	0.02862	0.02744
2471	0.02861	0.02718
2472	0.02933	0.02766
2473	0.02986	0.0276
2474	0.0307	0.02717
2475	0.03051	0.02759
2476	0.02985	0.02684
2477	0.02879	0.02688
2478	0.02878	0.02689
2479	0.02714	0.02617
2480	0.02568	0.02599
2481	0.02452	0.02558
2482	0.02481	0.02551
2483	0.02545	0.02565
2484	0.02461	0.02566
2485	0.02496	0.02608
2486	0.02581	0.02594
2487	0.02591	0.02682
2488	0.02652	0.02683
2489	0.02581	0.02744
2490	0.02701	0.02758
2491	0.02693	0.02742
2492	0.02722	0.02784
2493	0.02713	0.02763
2494	0.02769	0.02715
2495	0.027	0.02755
2496	0.0261	0.02653
2497	0.02493	0.02663
2498	0.02487	0.02649
2499	0.02375	0.0257
2500	0.02249	0.0255
2501	0.02157	0.02506
2502	0.02214	0.02493
2503	0.02305	0.02498
2504	0.02237	0.02487
2505	0.02315	0.02519
2506	0.02415	0.02503
2507	0.02425	0.02578
2508	0.02505	0.02583
2509	0.02442	0.02638
2510	0.02624	0.02649
2511	0.02697	0.02631
2512	0.02789	0.02665
2513	0.02788	0.02652
2514	0.02899	0.02599
2515	0.02861	0.02629
2516	0.02784	0.02528
2517	0.02731	0.02556
2518	0.02709	0.02534
2519	0.02577	0.02458
2520	0.02468	0.02448
2521	0.02382	0.02393
2522	0.02437	0.02419
2523	0.02534	0.02434
2524	0.02465	0.02445
2525	0.02511	0.02486
2526	0.02587	0.02503
2527	0.02544	0.02578
2528	0.02609	0.02589
2529	0.02488	0.02652
2530	0.02628	0.02658
2531	0.02673	0.02632
2532	0.02752	0.02666
2533	0.0274	0.02652
2534	0.02833	0.02579
2535	0.02766	0.02605
2536	0.02656	0.02498
2537	0.02588	0.02531
2538	0.02565	0.02493
2539	0.02392	0.02419
2540	0.02264	0.02405
2541	0.02144	0.02351
2542	0.02156	0.02371
2543	0.0225	0.02384
2544	0.02134	0.02385
2545	0.02158	0.02419
2546	0.02249	0.02426
2547	0.02182	0.0246
2548	0.02264	0.02482
2549	0.02186	0.02539
2550	0.02321	0.02539
2551	0.02376	0.0253
2552	0.02474	0.02543
2553	0.02452	0.02524
2554	0.0254	0.02461
2555	0.02482	0.02488
2556	0.024	0.02387
2557	0.02368	0.0242
2558	0.02402	0.02388
2559	0.02332	0.02321
2560	0.02274	0.02336
2561	0.02218	0.02275
2562	0.02262	0.02308
2563	0.02371	0.0233
2564	0.02257	0.02343
2565	0.0229	0.0239
2566	0.02397	0.02404
2567	0.02305	0.02453
2568	0.02447	0.02489
2569	0.02408	0.02548
2570	0.02548	0.02547
2571	0.0261	0.02531
2572	0.02701	0.02542
2573	0.02671	0.02516
2574	0.02728	0.02454
2575	0.02644	0.0247
2576	0.02526	0.0237
2577	0.02467	0.02403
2578	0.02445	0.02364
2579	0.02346	0.0229
2580	0.02282	0.02298
2581	0.02218	0.02232
2582	0.0224	0.0226
2583	0.02352	0.02281
2584	0.02223	0.02288
2585	0.02248	0.02344
2586	0.02355	0.0234
2587	0.02255	0.0238
2588	0.02356	0.02431
2589	0.02284	0.02459
2590	0.02388	0.02446
2591	0.0241	0.02447
2592	0.02477	0.02453
2593	0.02428	0.02426
2594	0.02476	0.02366
2595	0.02406	0.02397
2596	0.02292	0.02289
2597	0.02264	0.02325
2598	0.02186	0.02294
2599	0.02064	0.02233
2600	0.01982	0.02249
2601	0.01905	0.02192
2602	0.01945	0.0223
2603	0.02073	0.02263
2604	0.02034	0.02284
2605	0.02118	0.02348
2606	0.02275	0.02352
2607	0.02234	0.02397
2608	0.02403	0.02456
2609	0.02353	0.02482
2610	0.02457	0.02465
2611	0.02474	0.02465
2612	0.02557	0.02465
2613	0.02516	0.02434
2614	0.02583	0.02371
2615	0.02564	0.02376
2616	0.02455	0.0228
2617	0.02457	0.02312
2618	0.02387	0.02257
2619	0.02243	0.02212
2620	0.0214	0.02222
2621	0.02038	0.02161
2622	0.02037	0.02198
2623	0.02134	0.02226
2624	0.02062	0.02243
2625	0.02115	0.02294
2626	0.02266	0.02299
2627	0.02207	0.02335
2628	0.02367	0.02396
2629	0.02322	0.02412
2630	0.0242	0.02396
2631	0.02447	0.02393
2632	0.02525	0.02394
2633	0.02472	0.02363
2634	0.0249	0.02301
2635	0.02459	0.02312
2636	0.02308	0.02216
2637	0.02278	0.02255
2638	0.0219	0.02203
2639	0.02039	0.02169
2640	0.01938	0.02182
2641	0.01831	0.02129
2642	0.01811	0.02177
2643	0.01897	0.02214
2644	0.01827	0.02227
2645	0.01834	0.02289
2646	0.0199	0.02301
2647	0.01927	0.02345
2648	0.02102	0.02409
2649	0.02101	0.02423
2650	0.02262	0.02406
2651	0.02366	0.02401
2652	0.02503	0.024
2653	0.02539	0.02363
2654	0.0262	0.02293
2655	0.02638	0.02299
2656	0.0251	0.02202
2657	0.02482	0.02233
2658	0.02411	0.02173
2659	0.02267	0.02149
2660	0.02197	0.02151
2661	0.02076	0.02091
2662	0.02052	0.02137
2663	0.0213	0.02171
2664	0.0203	0.02176
2665	0.01994	0.02238
2666	0.02128	0.02245
2667	0.02041	0.02285
2668	0.02154	0.02345
2669	0.02105	0.02353
2670	0.02223	0.02331
2671	0.02323	0.02322
2672	0.02456	0.02316
2673	0.02489	0.02283
2674	0.02571	0.02218
2675	0.0259	0.02229
2676	0.02464	0.0213
2677	0.02446	0.02173
2678	0.02373	0.02111
2679	0.02198	0.021
2680	0.02086	0.02111
2681	0.01911	0.02059
2682	0.01857	0.02112
2683	0.01891	0.02149
2684	0.01753	0.02171
2685	0.0169	0.02242
2686	0.01797	0.02251
2687	0.01708	0.02298
2688	0.01807	0.02347
2689	0.01764	0.02339
2690	0.01865	0.02327
2691	0.01984	0.02318
2692	0.02125	0.023
2693	0.02175	0.02267
2694	0.0229	0.02197
2695	0.02359	0.02201
2696	0.02318	0.02101
2697	0.02384	0.02137
2698	0.0241	0.02071
2699	0.02342	0.02059
2700	0.02305	0.02068
2701	0.02167	0.02014
2702	0.02134	0.02068
2703	0.0217	0.02098
2704	0.02064	0.02121
2705	0.02024	0.02186
2706	0.02114	0.02194
2707	0.02011	0.02234
2708	0.02085	0.02305
2709	0.02019	0.02277
2710	0.02067	0.02258
2711	0.02142	0.0225
2712	0.02244	0.02236
2713	0.02238	0.02203
2714	0.02294	0.02136
2715	0.02357	0.02141
2716	0.02319	0.02049
2717	0.02377	0.0209
2718	0.02395	0.02056
2719	0.02318	0.02045
2720	0.02269	0.0206
2721	0.02123	0.0201
2722	0.02067	0.02069
2723	0.02086	0.02106
2724	0.01965	0.02133
2725	0.01897	0.022
2726	0.01926	0.02211
2727	0.01775	0.02253
2728	0.01788	0.02317
2729	0.01664	0.02289
2730	0.01676	0.02271
2731	0.01706	0.0226
2732	0.01799	0.02241
2733	0.01803	0.02207
2734	0.01847	0.0213
2735	0.01909	0.02131
2736	0.01909	0.02025
2737	0.02005	0.02063
2738	0.02085	0.02007
2739	0.02039	0.0201
2740	0.02046	0.02024
2741	0.01946	0.01969
2742	0.01936	0.02026
2743	0.02036	0.02056
2744	0.02025	0.02077
2745	0.01991	0.0214
2746	0.02056	0.02146
2747	0.01964	0.02183
2748	0.02013	0.02237
2749	0.01909	0.02212
2750	0.01949	0.02193
2751	0.01997	0.02182
2752	0.02113	0.02164
2753	0.02127	0.02132
2754	0.0216	0.02061
2755	0.022	0.02074
2756	0.02189	0.01982
2757	0.02238	0.02025
2758	0.02286	0.01978
2759	0.02197	0.01991
2760	0.02142	0.02015
2761	0.02007	0.01974
2762	0.01975	0.02035
2763	0.02061	0.0207
2764	0.02034	0.02098
2765	0.01986	0.02159
2766	0.02013	0.02167
2767	0.01869	0.02203
2768	0.01862	0.02255
2769	0.01739	0.02228
2770	0.01754	0.02205
2771	0.0179	0.02189
2772	0.019	0.02163
2773	0.0188	0.02127
2774	0.01861	0.02053
2775	0.01874	0.02055
2776	0.01829	0.01961
2777	0.01827	0.02001
2778	0.01849	0.01951
2779	0.01739	0.01958
2780	0.01681	0.01978
2781	0.01548	0.01933
2782	0.01529	0.01997
2783	0.01639	0.0203
2784	0.01654	0.02055
2785	0.01658	0.02117
2786	0.01712	0.0212
2787	0.01658	0.02152
2788	0.01693	0.02202
2789	0.01613	0.02175
2790	0.01695	0.02155
2791	0.01821	0.02135
2792	0.01992	0.02112
2793	0.02018	0.02079
2794	0.02044	0.02008
2795	0.02044	0.02016
2796	0.02025	0.01928
2797	0.02048	0.01977
2798	0.021	0.01935
2799	0.01999	0.01951
2800	0.01983	0.01978
2801	0.01826	0.01938
2802	0.01826	0.02005
2803	0.01934	0.02041
2804	0.01922	0.02067
2805	0.01873	0.02128
2806	0.01872	0.02129
2807	0.01778	0.02163
2808	0.01813	0.02208
2809	0.01731	0.02177
2810	0.01782	0.02152
2811	0.0188	0.02125
2812	0.01989	0.021
2813	0.01973	0.02057
2814	0.01959	0.01973
2815	0.01922	0.01981
2816	0.01889	0.0189
2817	0.0185	0.01934
2818	0.01893	0.01888
2819	0.0178	0.01888
2820	0.01765	0.01904
2821	0.01557	0.01867
2822	0.01499	0.01934
2823	0.01565	0.01953
2824	0.01495	0.01976
2825	0.01461	0.02029
2826	0.01466	0.02029
2827	0.0139	0.02062
2828	0.01426	0.02103
2829	0.01377	0.02072
2830	0.01425	0.02056
2831	0.0158	0.02033
2832	0.01714	0.02014
2833	0.01753	0.01989
2834	0.01777	0.01922
2835	0.01789	0.01946
2836	0.01807	0.01861
2837	0.0181	0.01913
2838	0.01908	0.01884
2839	0.01843	0.01893
2840	0.01873	0.01916
2841	0.01752	0.01885
2842	0.01782	0.01965
2843	0.01883	0.01982
2844	0.0185	0.01999
2845	0.01843	0.0205
2846	0.01843	0.02045
2847	0.01779	0.02071
2848	0.018	0.02108
2849	0.01746	0.02075
2850	0.01737	0.02053
2851	0.01856	0.02014
2852	0.01992	0.01982
2853	0.0201	0.01965
2854	0.02004	0.01893
2855	0.01951	0.01914
2856	0.01937	0.01823
2857	0.01925	0.0188
2858	0.02013	0.01853
2859	0.01927	0.01858
2860	0.01942	0.01874
2861	0.01796	0.01838
2862	0.0179	0.01911
2863	0.01844	0.01916
2864	0.01772	0.01931
2865	0.01756	0.0198
2866	0.01736	0.01974
2867	0.01647	0.01995
2868	0.01628	0.02018
2869	0.01521	0.01997
2870	0.01477	0.01977
2871	0.01545	0.01955
2872	0.01646	0.01921
2873	0.01656	0.01919
2874	0.01663	0.01866
2875	0.01611	0.01888
2876	0.01623	0.01823
2877	0.01621	0.01885
2878	0.01729	0.01871
2879	0.01652	0.01884
2880	0.01726	0.01907
2881	0.01611	0.01876
2882	0.01605	0.01961
2883	0.01726	0.01965
2884	0.01723	0.01965
2885	0.01828	0.02002
2886	0.01886	0.01993
2887	0.01839	0.02005
2888	0.0187	0.02019
2889	0.01774	0.01988
2890	0.01732	0.01962
2891	0.0179	0.01938
2892	0.01879	0.01898
2893	0.01924	0.01887
2894	0.01925	0.01833
2895	0.01879	0.01854
2896	0.01908	0.01786
2897	0.01893	0.01844
2898	0.01943	0.01831
2899	0.01738	0.01857
2900	0.01794	0.01884
2901	0.0166	0.01853
2902	0.01648	0.01939
2903	0.01756	0.01945
2904	0.01738	0.01939
2905	0.01835	0.01981
2906	0.01879	0.01958
2907	0.01833	0.01977
2908	0.01864	0.01991
2909	0.01769	0.01956
2910	0.01735	0.01929
2911	0.01802	0.01902
2912	0.01891	0.01857
2913	0.01889	0.0185
2914	0.01858	0.01807
2915	0.01748	0.01836
2916	0.01735	0.01772
2917	0.01677	0.01833
2918	0.01677	0.01821
2919	0.01467	0.01852
2920	0.01516	0.01877
2921	0.0139	0.01844
2922	0.01389	0.01928
2923	0.0148	0.01924
2924	0.01506	0.01919
2925	0.01602	0.01959
2926	0.01649	0.01936
2927	0.01628	0.01954
2928	0.01704	0.0196
2929	0.01743	0.01909
2930	0.01718	0.01877
2931	0.0179	0.01847
2932	0.01874	0.01801
2933	0.0187	0.01789
2934	0.01839	0.01731
2935	0.01751	0.01754
2936	0.01772	0.01687
2937	0.01725	0.01747
2938	0.01739	0.01736
2939	0.01535	0.01771
2940	0.01587	0.01802
2941	0.01448	0.01782
2942	0.01443	0.01865
2943	0.01503	0.01881
2944	0.01535	0.01883
2945	0.01612	0.01937
2946	0.01633	0.01921
2947	0.0161	0.01942
2948	0.01685	0.01961
2949	0.01723	0.01916
2950	0.01702	0.01887
2951	0.01777	0.0186
2952	0.01864	0.01815
2953	0.01858	0.01803
2954	0.01814	0.01751
2955	0.01731	0.01778
2956	0.01738	0.01706
2957	0.01689	0.01759
2958	0.01701	0.01743
2959	0.01494	0.01771
2960	0.01549	0.01798
2961	0.01413	0.0177
2962	0.0141	0.01853
2963	0.01467	0.01864
2964	0.01497	0.01859
2965	0.01552	0.01908
2966	0.01544	0.0188
2967	0.01508	0.01907
2968	0.01577	0.01918
2969	0.01608	0.01878
2970	0.01583	0.01838
2971	0.01662	0.01798
2972	0.01761	0.01753
2973	0.01781	0.01734
2974	0.01727	0.01685
2975	0.01656	0.01707
2976	0.01681	0.01632
2977	0.01639	0.01703
2978	0.01663	0.0169
2979	0.0148	0.01723
2980	0.01576	0.01758
2981	0.01451	0.01737
2982	0.01459	0.0183
2983	0.0152	0.01843
2984	0.01565	0.01849
2985	0.01613	0.01904
2986	0.01597	0.01878
2987	0.01548	0.01911
2988	0.01594	0.01928
2989	0.01605	0.0189
2990	0.01555	0.01848
2991	0.01612	0.01811
2992	0.01697	0.01756
2993	0.0172	0.01729
2994	0.01668	0.01675
2995	0.01605	0.01696
2996	0.01632	0.01622
2997	0.01592	0.01688
2998	0.01611	0.01675
2999		
		
		
		
		
		
		
		
		
		
		
		
		
		
		
		
		
		
		
		
		
		
		
		
		
		
		
		
		
		
		
		
		
		
		
		
		
		
		
		
		
		
		
		
		
		
		
		
		
		
		
		
		
		
		
		
		
		
		
		
		
		
		
		
		
		
		
		
		
		
		
		
		
		
		
		
		
		
		
		
		
		
		
		
		
		
		
		
		
		
		
		
		
		
		
		
		
		
		
		
		
		
		
		
		
		
		
		
		
		
		
		
		
		
		
		
		
		
		
		
		
		
		
		
		
		
		
		
		
		
		
		
		
		
		
		
		
		
		
		
		
		
		
		
		
		
		
		
		
		
		
		
		
		
		
		
		
		
		
		
		
		
		
		
		
		
		
		
		
		
		
		
		
		
		
		
		
		
		
		
		
		
		
		
		
		
		
		
		
		
		
		
		
		
		
		
		
		
		
		
		
		
		
		
		
		
		
		
		
		
		
		
		
		
		
		
		
		
		
		
		
		
		
		
		
		
		
		
		
		
		
		
		
		
		
		
		
		
		
		
		
		
		
		
		
		
		
		
		
		
		
		
		
		
		
		
		
		
		
		
		
		
		
		
		
		
		
		
		
		
		
		
		
		
		
		
		
		
		
		
		
		
		
		
		
		
		
		
		
		
		
		
		
		
		
		
		
		
		
		
		
		
		
		
		
		
		
		
		
		
		
		
		
		
		
		
		
		
		
		
		
		
		
		
		
		
		
		
		
		
		
		
		
		
		
		
		
		
		
		
		
		
		
		
		
		
		
		
		
		
		
		
		
		
		
		
		
		
		
		
		
		
		
		
		
		
		
		
		
		
		
		
		
		
		
		
		
		
		
		
		
		
		
		
		
		
		
		
		
		
		
		
		
		
		
		
		
		
		
		
		
		
		
		
		
		
		
		
		
		
		
		
		
		
		
		
		
		
		
		
		
		
		
		
		
		
		
		
		
		
		
		
		
		
		
		
		
		
		
		
		
		
		
		
		
		
		
		
		
		
		
		
		
		
		
		
		
		
		
		
		
		
		
		
		
		
		
		
		
		
		
		
		
		
		
		
		
		
		
		
		
		
		
		
		
		
		
		
		
		
		
		
		
		
		
		
		
		
		
		
		
		
		
		
		
		
		
		
		
		
		
		
		
		
		
		
		
		
		
		
		
		
		
		
		
		
		
		
		
		
		
		
		
		
		
		
		
		
		
		
		
		
		
		
		
		
		
		
		
		
		
		
		
		
		
		
		
		
		
		
		
		
		
		
		
		
		
		
		
		
		
		
		
		
		
		
		
		
		
		
		
		
		
		
		
		
		
		
		
		
		
		
		
		
		
		
		
		
		
		
		
		
		
		
		
		
		
		
		
		
		
		
		
		
		
		
		
		
		
		
		
		
		
		
		
		
		
		
		
		
		
		
		
		
		
		
		
		
		
		
		
		
		
		
		
		
		
		
		
		
		
		
		
		
		
		
		
		
		
		
		
		
		
		
		
		
		
		
		
		
		
		
		
		
		
		
		
		
		
		
		
		
		
		
		
		
		
		
		
		
		
		
		
		
		
		
		
		
		
		
		
		
		
		
		
		
		
		
		
		
		
		
		
		
		
		
		
		
		
		
		
		
		
		
		
		
		
		
		
		
		
		
		
		
		
		
		
		
		
		
		
		
		
		
		
		
		
		
		
		
		
		
		
		
		
		
		
		
		
		
		
		
		
		
		
		
		
		
		
		
		
		
		
		
		
		
		
		
		
		
		
		
		
		
		
		
		
		
		
		
		
		
		
		
		
		
		
		
		
		
		
		
		
		
		
		
		
		
		
		
		
		
		
		
		
		
		
		
		
		
		
		
		
		
		
		
		
		
		
		
		
		
		
		
		
		
		
		
		
		
		
		
		
		
		
		
		
		
		
		
		
		
		
		
		
		
		
		
		
		
		
		
		
		
		
		
		
		
		
		
		
		
		
		
		
		
		
		
		
		
		
		
		
		
		
		
		
		
		
		
		
		
		
		
		
		
		
		
		
		
		
		
		
		
		
		
		
		
		
		
		
		
		
		
		
		
		
		
		
		
		
		
		
		
		
		
		
		
		
		
		
		
		
		
		
		
		
		
		
		
		
		
		
		
		
		
		
		
		
		
		
		
		
		
		
		
		
		
		
		
		
		
		
		
		
		
		
		
		
		
		
		
		
		
		
		
		
		
		
		
		
		
		
		
		
		
		
		
		
		
		
		
		
		
		
		
		
		
		
		
		
		
		
		
		
		
		
		
		
		
		
		
		
		
		
		
		
		
		
		
		
		
		
		
		
		
		
		
		
		
		
		
		
		
		
		
		
		
		
		
		
		
		
		
		
		
		
		
		
		
		
		
		
		
		
		
		
		
		
		
		
		
		
		
		
		
		
		
		
		
		
		
		
		
		
		
		
		
		
		
		
		
		
		
		
		
		
		
		
		
		
		
		
		
		
		
		
		
		
		
		
		
		
		
		
		
		
		
		
		
		
		
		
		
		
		
		
		
		
		
		
		
		
		
		
		
		
		
		
		
		
		
		
		
		
		
		
		
		
		
		
		
		
		
		
		
		
		
		
		
		
		
		
		
		
		
		
		
		
		
		
		
		
		
		
		
		
		
		
		
		
		
		
		
		
		
		
		
		
		
		
		
		
		
		
		
		
		
		
		
		
		
		
		
		
		
		
		
		
		
		
		
		
		
		
		
		
		
		
		
		
		
		
		
		
		
		
		
		
		
		
		
		
		
		
		
		
		
		
		
		
		
		
		
		
		
		
		
		
		
		
		
		
		
		
		
		
		
		
		
		
		
		
		
		
		
		
		
		
		
		
		
		
		
		
		
		
		
		
		
		
		
		
		
		
		
		
		
		
		
		
		
		
		
		
		
		
		
		
		
		
		
		
		
		
		
		
		
		
		
		
		
		
		
		
		
		
		
		
		
		
		
		
		
		
		
		
		
		
		
		
		
		
		
		
		
		
		
		
		
		
		
		
		
		
		
		
		
		
		
		
		
		
		
		
		
		
		
		
		
		
		
		
		
		
		
		
		
		
		
		
		
		
		
		
		
		
		
		
		
		
		
		
		
		
		
		
		
		
		
		
		
		
		
		
		
		
		
		
		
		
		
		
		
		
		
		
		
		
		
		
		
		
		
		
		
		
		
		
		
		
		
		
		
		
		
		
		
		
		
		
		
		
		
		
		
		
		
		
		
		
		
		
		
		
		
		
		
		
		
		
		
		
		
		
		
		
		
		
		
		
		
		
		
		
		
		
		
		
		
		
		
		
		
		
		
		
		
		
		
		
		
		
		
		
		
		
		
		
		
		
		
		
		
		
		
		
		
		
		
		
		
		
		
		
		
		
		
		
		
		
		
		
		
		
		
		
		
		
		
		
		
		
		
		
		
		
		
		
		
		
		
		
		
		
		
		
		
		
		
		
		
		
		
		
		
		
		
		
		
		
		
		
		
		
		
		
		
		
		
		
		
		
		
		
		
		
		
		
		
		
		
		
		
		
		
		
		
		
		
		
		
		
		
		
		
		
		
		
		
		
		
		
		
		
		
		
		
		
		
		
		
		
		
		
		
		
		
		
		
		
		
		
		
		
		
		
		
		
		
		
		
		
		
		
		
		
		
		
		
		
		
		
		
		
		
		
		
		
		
		
		
		
		
		
		
		
		
		
		
		
		
		
		
		
		
		
		
		
		
		
		
		
		
		
		
		
		
		
		
		
		
		
		
		
		
		
		
		
		
		
		
		
		
		
		
		
		
		
		
		
		
		
		
		
		
		
		
		
		
		
		
		
		
		
		
		
		
		
		
		
		
		
		
		
		
		
		
		
		
		
		
		
		
		
		
		
		
		
		
		
		
		
		
		
		
		
		
		
		
		
		
		
		
		
		
		
		
		
		
		
		
		
		
		
		
		
		
		
		
		
		
		
		
		
		
		
		
		
		
		
		
		
		
		
		
		
		
		
		
		
		
		
		
		
		
		
		
		
		
		
		
		
		
		
		
		
		
		
		
		
		
		
		
		
		
		
		
		
		
		
		
		
		
		
		
		
		
		
		
		
		
		
		
		
		
		
		
		
		
		
		
		
		
		
		
		
		
		
		
		
		
		
		
		
		
		
		
		
		
		
		
		
		
		
		
		
		
		
		
		
		
		
		
		
		
		
		
		
		
		
		
		
		
		
		
		
		
		
		
		
		
		
		
		
		
		
		
		
		
		
		
		
		
		
		
		
		
		
		
		
		
		
		
		
		
		
		
		
		
		
		
		
		
		
		
		
		
		
		
		
		
		
		
		
		
		
		
		
		
		
		
		
		
		
		
		
		
		
		
		
		
		
		
		
		
		
		
		
		
		
		
		
		
		
		
		
		
		
		
		
		
		
		
		
		
		
		
		
		
		
		
		
		
		
		
		
		
		
		
		
		
		
		
		
		
		
		
		
		
		
		
		
		
		
		
		
		
		
		
		
		
		
		
		
		
		
		
		
		
		
		
		
		
		
		
		
		
		
		
		
		
		
		
		
		
		
		
		
		
		
		
		
		
		
		
		
		
		
		
		
		
		
		
		
		
		
		
		
		
		
		
		
		
		
		
		
		
		
		
		
		
		
		
		
		
		
		
		
		
		
		
		
		
		
		
		
		
		
		
		
		
		
		
		
		
		
		
		
		
		
		
		
		
		
		
		
		
		
		
		
		
		
		
		
		
		
		
		
		
		
		
		
		
		
		
		
		
		
		
		
		
		
		
		
		
		
		
		
		
		
		
		
		
		
		
		
		
		
		
		
		
		
		
		
		
		
		
		
		
		
		
		
		
		
		
		
		
		
		
		
		
		
		
		
		
		
		
		
		
		
		
		
		
		
		
		
		
		
		
		
		
		
		
		
		
		
		
		
		
		
		
		
		
		
		
		
		
		
		
		
		
		
		
		
		
		
		
		
		
		
		
		
		
		
		
		
		
		
		
		
		
		
		
		
		
		
		
		
		
		
		
		
		
		
		
		
		
		
		
		
		
		
		
		
		
		
		
		
		
		
		
		
		
		
		
		
		
		
		
		
		
		
		
		
		
		
		
		
		
		
		
		
		
		
		
		
		
		
		
		
		
		
		
		
		
		
		
		
		
		
		
		
		
		
		
		
		
		
		
		
		
		
		
		
		
		
		
		
		
		
		
		
		
		
		
		
		
		
		
		
		
		
		
		
		
		
		
		
		
		
		
		
		
		
		
		
		
		
		
		
		
		
		
		
		
		
		
		
		
		
		
		
		
		
		
		
		
		
		
		
		
		
		
		
		
		
		
		
		
		
		
		
		
		
		
		
		
		
		
		
		
		
		
		
		
		
		
		
		
		
		
		
		
		
		
		
		
		
		
		
		
		
		
		
		
		
		
		
		
		
		
		
		
		
		
		
		
		
		
		
		
		
		
		
		
		
		
		
		
		
		
		
		
		
		
		
		
		
		
		
		
		
		
		
		
		
		
		
		
		
		
		
		
		
		
		
		
		
		
		
		
		
		
		
		
		
		
		
		
		
		
		
		
		
		
		
		
		
		
		
		
		
		
		
		
		
		
		
		
		
		
		
		
		
		
		
		
		
		
		
		
		
		
		
		
		
		
		
		
		
		
		
		
		
		
		
		
		
		
		
		
		
		
		
		
		
		
		
		
		
		
		
		
		
		
		
		
		
		
		
		
		
		
		
		
		
		
		
		
		
		
		
		
		
		
		
		
		
		
		
		
		
		
		
		
		
		
		
		
		
		
		
		
		
		
		
		
		
		
		
		
		
		
		
		
		
		
		
		
		
		
		
		
		
		
		
		
		
		
		
		
		
		
		
		
		
		
		
		
		
		
		
		
		
		
		
		
		
		
		
		
		
		
		
		
		
		
		
		
		
		
		
		
		
		
		
		
		
		
		
		
		
		
		
		
		
		
		
		
		
		
		
		
		
		
		
		
		
		
		
		
		
		
		
		
		
		
		
		
		
		
		
		
		
		
		
		
		
		
		
		
		
		
		
		
		
		
		
		
		
		
		
		
		
		
		
		
		
		
		
		
		
		
		
		
		
		
		
		
		
		
		
		
		
		
		
		
		
		
		
		
		
		
		
		
		
		
		
		
		
		
		
		
		
		
		
		
		
		
		
		
		
		
		
		
		
		
		
		
		
		
		
		
		
		
		
		
		
		
		
		
		
		
		
		
		
		
		
		
		
		
		
		
		
		
		
		
		
		
		
		
		
		
		
		
		
		
		
		
		
		
		
		
		
		
		
		
		
		
		
		
		
		
		
		
		
		
		
		
		
		
		
		
		
		
		
		
		
		
		
		
		
		
		
		
		
		
		
		
		
		
		
		
		
		
		
		
		
		
		
		
		
		
		
		
		
		
		
		
		
		
		
		
		
		
		
		
		
		
		
		
		
		
		
		
		
		
		
		
		
		
		
		
		
		
		
		
		
		
		
		
		
		
		
		
		
		
		
		
		
		
		
		
		
		
		
		
		
		
		
		
		
		
		
		
		
		
		
		
		
		
		
		
		
		
		
		
		
		
		
		
		
		
		
		
		
		
		
		
		
		
		
		
		
		
		
		
		
		
		
		
		
		
		
		
		
		
		
		
		
		
		
		
		
		
		
		
		
		
		
		
		
		
		
		
		
		
		
		
		
		
		
		
		
		
		
		
		
		
		
		
		
		
		
		
		
		
		
		
		
		
		
		
		
		
		
		
		
		
		
		
		
		
		
		
		
		
		
		
		
