		--
0	0.91112	0.76655
1	0.91112	0.76587
2	0.91201	0.7653
3	0.91201	0.76331
4	0.91201	0.76313
5	0.91201	0.76187
6	0.91201	0.76145
7	0.91201	0.76275
8	0.91201	0.76217
9	0.91201	0.76126
10	0.91201	0.76017
11	0.91013	0.75916
12	0.90771	0.75774
13	0.90184	0.75244
14	0.89295	0.74859
15	0.89333	0.74565
16	0.89333	0.74215
17	0.89333	0.73855
18	0.89333	0.73744
19	0.89333	0.73529
20	0.89333	0.73369
21	0.89333	0.73186
22	0.89333	0.72997
23	0.89333	0.7265
24	0.89333	0.72397
25	0.89333	0.72213
26	0.89333	0.71993
27	0.89333	0.71904
28	0.89236	0.71779
29	0.8916	0.71695
30	0.89066	0.71436
31	0.88401	0.71181
32	0.88401	0.70952
33	0.88401	0.70621
34	0.88401	0.70423
35	0.88401	0.7011
36	0.88325	0.69811
37	0.88232	0.69489
38	0.88087	0.69359
39	0.8778	0.69112
40	0.87053	0.68893
41	0.86206	0.68692
42	0.86206	0.68345
43	0.86206	0.67853
44	0.86088	0.67703
45	0.85911	0.67485
46	0.85701	0.67319
47	0.85545	0.67389
48	0.85388	0.67295
49	0.85347	0.67275
50	0.84984	0.67067
51	0.84874	0.66905
52	0.84874	0.6661
53	0.84874	0.66256
54	0.84874	0.66105
55	0.84874	0.65942
56	0.84874	0.65638
57	0.84837	0.65246
58	0.84837	0.65102
59	0.84745	0.64828
60	0.84684	0.64668
61	0.84598	0.64451
62	0.84459	0.64308
63	0.84349	0.63921
64	0.84346	0.63713
65	0.84321	0.63543
66	0.84304	0.63396
67	0.84304	0.63459
68	0.84116	0.63314
69	0.83981	0.63226
70	0.83975	0.63088
71	0.83975	0.62934
72	0.83869	0.62822
73	0.83869	0.6249
74	0.83783	0.62398
75	0.83725	0.62236
76	0.83681	0.61997
77	0.83602	0.6175
78	0.83551	0.61637
79	0.83535	0.6141
80	0.83394	0.612
81	0.83174	0.60938
82	0.83087	0.60777
83	0.82847	0.60481
84	0.82016	0.60149
85	0.81619	0.59899
86	0.81619	0.59754
87	0.81619	0.59729
88	0.81299	0.5964
89	0.8088	0.59536
90	0.8088	0.59368
91	0.8088	0.59281
92	0.8088	0.5916
93	0.8088	0.58906
94	0.8088	0.58841
95	0.8088	0.58661
96	0.8088	0.58475
97	0.8088	0.58209
98	0.8088	0.58146
99	0.8088	0.5801
100	0.8088	0.57897
101	0.8088	0.57678
102	0.80854	0.57479
103	0.80854	0.56965
104	0.80854	0.56633
105	0.80816	0.56335
106	0.8068	0.56191
107	0.8068	0.56092
108	0.80552	0.55976
109	0.80544	0.5591
110	0.80505	0.55695
111	0.80424	0.5564
112	0.80424	0.55476
113	0.80424	0.55116
114	0.80396	0.5509
115	0.80396	0.54906
116	0.80332	0.54644
117	0.80313	0.54273
118	0.80301	0.54157
119	0.80203	0.53957
120	0.80159	0.53795
121	0.8	0.53535
122	0.79825	0.53398
123	0.797	0.5316
124	0.79594	0.52953
125	0.79446	0.52658
126	0.7908	0.52356
127	0.78611	0.52301
128	0.77561	0.52153
129	0.75671	0.52018
130	0.76745	0.51823
131	0.77052	0.5165
132	0.77125	0.51424
133	0.77218	0.51062
134	0.77218	0.50948
135	0.77218	0.50825
136	0.77218	0.50663
137	0.77218	0.50461
138	0.77218	0.50354
139	0.77218	0.50151
140	0.77218	0.50092
141	0.77218	0.49926
142	0.77218	0.49728
143	0.77218	0.495
144	0.77218	0.49359
145	0.77218	0.49194
146	0.77216	0.49036
147	0.7718	0.48954
148	0.7718	0.48834
149	0.7718	0.48762
150	0.7718	0.48614
151	0.7718	0.48459
152	0.77159	0.48334
153	0.77099	0.48043
154	0.77048	0.47959
155	0.77048	0.47758
156	0.77048	0.47532
157	0.77022	0.47348
158	0.76969	0.47309
159	0.76961	0.47224
160	0.76961	0.47126
161	0.76873	0.47034
162	0.76809	0.46922
163	0.76772	0.46759
164	0.76719	0.46557
165	0.76508	0.4639
166	0.76222	0.4627
167	0.76222	0.46184
168	0.76222	0.46082
169	0.76192	0.46
170	0.76004	0.45833
171	0.75663	0.45708
172	0.75158	0.45526
173	0.74384	0.45152
174	0.74384	0.45056
175	0.74384	0.44875
176	0.74384	0.44645
177	0.74384	0.44475
178	0.74384	0.44406
179	0.74392	0.44185
180	0.74392	0.44011
181	0.74392	0.43853
182	0.74451	0.43703
183	0.74534	0.43547
184	0.74534	0.43328
185	0.74534	0.43263
186	0.74534	0.43126
187	0.74534	0.43047
188	0.74534	0.42906
189	0.74534	0.4281
190	0.74534	0.42665
191	0.74534	0.42501
192	0.74534	0.42329
193	0.74534	0.41955
194	0.74534	0.41813
195	0.74534	0.41654
196	0.74526	0.41451
197	0.74526	0.41228
198	0.74526	0.41121
199	0.74516	0.41015
200	0.74395	0.4086
201	0.74302	0.40791
202	0.74161	0.40729
203	0.74161	0.40605
204	0.74126	0.4045
205	0.74055	0.40415
206	0.73973	0.40231
207	0.73972	0.40232
208	0.73873	0.40129
209	0.73806	0.4007
210	0.73676	0.39932
211	0.73539	0.39805
212	0.73539	0.39691
213	0.73539	0.39411
214	0.73539	0.39319
215	0.73534	0.39135
216	0.7343	0.39
217	0.73346	0.38826
218	0.73346	0.38736
219	0.73236	0.38642
220	0.72987	0.38505
221	0.71969	0.38393
222	0.72076	0.38318
223	0.72076	0.38186
224	0.72076	0.38035
225	0.72076	0.37924
226	0.72076	0.37782
227	0.72076	0.37749
228	0.72144	0.37641
229	0.72254	0.37586
230	0.72283	0.37402
231	0.72283	0.37271
232	0.72283	0.37117
233	0.72283	0.36885
234	0.72283	0.36776
235	0.72283	0.36647
236	0.72283	0.36489
237	0.72283	0.36303
238	0.72283	0.36247
239	0.72283	0.36153
240	0.72283	0.36089
241	0.72283	0.3604
242	0.72283	0.36006
243	0.72236	0.35884
244	0.72163	0.35746
245	0.72163	0.35688
246	0.72163	0.35544
247	0.72123	0.35484
248	0.71995	0.35368
249	0.71918	0.35306
250	0.71918	0.35162
251	0.71694	0.35095
252	0.71606	0.3503
253	0.71439	0.34856
254	0.71439	0.3483
255	0.71439	0.34725
256	0.71439	0.34639
257	0.71439	0.34525
258	0.71321	0.34486
259	0.71321	0.3432
260	0.71187	0.34229
261	0.71115	0.34162
262	0.70916	0.34098
263	0.70761	0.34026
264	0.7063	0.33939
265	0.70415	0.33877
266	0.70028	0.33767
267	0.69935	0.33751
268	0.7	0.33674
269	0.70091	0.33556
270	0.70091	0.33376
271	0.70091	0.33282
272	0.70091	0.33159
273	0.70091	0.32989
274	0.70091	0.3293
275	0.70091	0.32771
276	0.70091	0.3265
277	0.70091	0.32498
278	0.70091	0.32428
279	0.70091	0.32379
280	0.70091	0.32298
281	0.70091	0.32186
282	0.70028	0.3209
283	0.70028	0.32048
284	0.70028	0.31916
285	0.70028	0.31801
286	0.70028	0.31615
287	0.70028	0.31564
288	0.70028	0.31478
289	0.69961	0.31436
290	0.69961	0.31327
291	0.69961	0.312
292	0.69879	0.31048
293	0.69834	0.30908
294	0.69745	0.30896
295	0.69654	0.3079
296	0.69614	0.30699
297	0.6958	0.30579
298	0.69544	0.30561
299	0.69474	0.30475
300	0.6942	0.30431
301	0.69367	0.30348
302	0.69323	0.30353
303	0.69233	0.30343
304	0.69154	0.30285
305	0.69045	0.30239
306	0.68876	0.30157
307	0.68766	0.30105
308	0.68628	0.29994
309	0.68559	0.29966
310	0.68351	0.29792
311	0.68214	0.29698
312	0.68181	0.29546
313	0.66581	0.29385
314	0.66196	0.29375
315	0.66745	0.29251
316	0.67708	0.29127
317	0.6792	0.29048
318	0.68081	0.29002
319	0.68227	0.28924
320	0.68285	0.28846
321	0.68285	0.28739
322	0.68359	0.28694
323	0.68398	0.28612
324	0.684	0.28587
325	0.68417	0.28473
326	0.68486	0.2834
327	0.68486	0.28349
328	0.68489	0.28327
329	0.68489	0.2824
330	0.68489	0.28085
331	0.68489	0.28002
332	0.68489	0.27821
333	0.68489	0.27729
334	0.68489	0.2773
335	0.68489	0.27586
336	0.68489	0.27519
337	0.68489	0.27437
338	0.68489	0.27331
339	0.68489	0.27309
340	0.68489	0.27189
341	0.68405	0.27091
342	0.68309	0.27088
343	0.68289	0.27037
344	0.68289	0.26978
345	0.68214	0.26863
346	0.68214	0.26775
347	0.68133	0.26802
348	0.68019	0.26744
349	0.68015	0.26729
350	0.67829	0.26579
351	0.67824	0.26522
352	0.6769	0.26438
353	0.67664	0.26324
354	0.67582	0.26274
355	0.67503	0.26124
356	0.67466	0.26068
357	0.67466	0.25928
358	0.67466	0.25812
359	0.67714	0.25749
360	0.67908	0.25669
361	0.68044	0.25543
362	0.68099	0.25547
363	0.68136	0.2546
364	0.68136	0.25442
365	0.68136	0.25387
366	0.68136	0.25307
367	0.68136	0.25299
368	0.68136	0.25215
369	0.68136	0.25199
370	0.68136	0.25033
371	0.68136	0.25046
372	0.68136	0.24982
373	0.68136	0.24903
374	0.68136	0.24868
375	0.68136	0.24718
376	0.68117	0.24605
377	0.68112	0.24496
378	0.68112	0.24326
379	0.68112	0.24265
380	0.68112	0.24131
381	0.68112	0.23993
382	0.68112	0.23957
383	0.68087	0.23874
384	0.68087	0.23792
385	0.67966	0.23754
386	0.6795	0.23687
387	0.6795	0.23698
388	0.6795	0.23625
389	0.67924	0.23605
390	0.67924	0.23484
391	0.67924	0.23534
392	0.67885	0.23458
393	0.6782	0.23339
394	0.67747	0.23367
395	0.6753	0.23275
396	0.67273	0.23222
397	0.67273	0.23115
398	0.67206	0.22978
399	0.6718	0.22902
400	0.66967	0.2281
401	0.6711	0.22692
402	0.67173	0.22639
403	0.6725	0.22551
404	0.67302	0.22504
405	0.67302	0.22468
406	0.67302	0.22421
407	0.67458	0.22437
408	0.67458	0.22391
409	0.67458	0.22407
410	0.67458	0.22309
411	0.67458	0.22332
412	0.67458	0.22279
413	0.67458	0.22171
414	0.67458	0.22173
415	0.67458	0.22108
416	0.67458	0.22057
417	0.67458	0.21971
418	0.67458	0.21862
419	0.67458	0.21795
420	0.67438	0.217
421	0.67434	0.21539
422	0.67395	0.21444
423	0.67391	0.21344
424	0.67391	0.21273
425	0.67355	0.21208
426	0.67354	0.21172
427	0.67316	0.21111
428	0.67284	0.21055
429	0.67284	0.21047
430	0.67284	0.2093
431	0.67284	0.20939
432	0.67284	0.2092
433	0.67235	0.20872
434	0.67235	0.20864
435	0.67235	0.20786
436	0.6722	0.20773
437	0.6722	0.20719
438	0.67117	0.20656
439	0.67095	0.2063
440	0.66795	0.20556
441	0.66795	0.20421
442	0.66795	0.20357
443	0.6678	0.20271
444	0.66752	0.20176
445	0.66748	0.20153
446	0.66699	0.20106
447	0.66699	0.20085
448	0.66658	0.20028
449	0.66711	0.20036
450	0.66711	0.19931
451	0.66711	0.19964
452	0.66711	0.19901
453	0.6674	0.19792
454	0.6674	0.19808
455	0.6674	0.19762
456	0.66756	0.19712
457	0.66836	0.19582
458	0.66894	0.19501
459	0.66984	0.19438
460	0.66984	0.19309
461	0.66984	0.19214
462	0.66984	0.19162
463	0.66984	0.19137
464	0.66984	0.19118
465	0.66984	0.19061
466	0.66984	0.19033
467	0.66984	0.18976
468	0.66984	0.1892
469	0.66984	0.18935
470	0.66984	0.1884
471	0.66984	0.18836
472	0.66963	0.18769
473	0.66963	0.1869
474	0.66963	0.18687
475	0.66963	0.18642
476	0.66943	0.18567
477	0.66866	0.1849
478	0.66732	0.18374
479	0.6671	0.18387
480	0.66697	0.18282
481	0.66591	0.18188
482	0.66597	0.18194
483	0.66597	0.18198
484	0.66597	0.18155
485	0.66597	0.18153
486	0.66597	0.18117
487	0.66597	0.18103
488	0.66597	0.18057
489	0.66597	0.1806
490	0.66597	0.17988
491	0.66597	0.17978
492	0.66597	0.17904
493	0.66597	0.17839
494	0.66597	0.17844
495	0.66545	0.17821
496	0.66485	0.17733
497	0.66376	0.17652
498	0.66321	0.17545
499	0.66384	0.17525
500	0.66384	0.17418
501	0.66384	0.1735
502	0.66384	0.17325
503	0.66384	0.17324
504	0.66384	0.17297
505	0.66384	0.17303
506	0.66384	0.17258
507	0.66384	0.17255
508	0.66384	0.17213
509	0.66384	0.17204
510	0.66384	0.17138
511	0.66384	0.17112
512	0.66339	0.17058
513	0.66339	0.17029
514	0.66269	0.17009
515	0.66169	0.16999
516	0.66069	0.16922
517	0.65993	0.16795
518	0.65975	0.16684
519	0.65962	0.16684
520	0.6595	0.16607
521	0.65992	0.16514
522	0.65992	0.16521
523	0.65992	0.1652
524	0.65992	0.16496
525	0.65992	0.16495
526	0.65992	0.16483
527	0.65992	0.16448
528	0.65992	0.16459
529	0.65992	0.16459
530	0.65992	0.16385
531	0.65992	0.16384
532	0.65992	0.16348
533	0.65992	0.16289
534	0.65918	0.16261
535	0.65826	0.16228
536	0.65732	0.16122
537	0.65642	0.16028
538	0.6536	0.15943
539	0.6536	0.15924
540	0.65272	0.15862
541	0.65188	0.15797
542	0.65063	0.15799
543	0.64872	0.15803
544	0.64612	0.15782
545	0.64325	0.15816
546	0.64258	0.15757
547	0.64144	0.15731
548	0.64051	0.15712
549	0.63964	0.15695
550	0.63964	0.1562
551	0.6392	0.15617
552	0.63914	0.1558
553	0.6386	0.15556
554	0.63849	0.15558
555	0.63882	0.15501
556	0.63912	0.15411
557	0.63969	0.15306
558	0.63969	0.15216
559	0.63969	0.15229
560	0.63994	0.15189
561	0.64078	0.15121
562	0.64078	0.1513
563	0.64117	0.15147
564	0.64117	0.15145
565	0.64117	0.15121
566	0.64117	0.15069
567	0.64117	0.15017
568	0.64117	0.14968
569	0.64117	0.14935
570	0.64117	0.14868
571	0.64117	0.14873
572	0.64117	0.14854
573	0.64117	0.14817
574	0.64117	0.14817
575	0.64117	0.14792
576	0.6408	0.14722
577	0.6408	0.14614
578	0.63971	0.14538
579	0.63867	0.1453
580	0.63815	0.14497
581	0.63755	0.14441
582	0.63581	0.14445
583	0.63455	0.14445
584	0.63279	0.14436
585	0.6325	0.1444
586	0.63077	0.14376
587	0.63077	0.14354
588	0.62833	0.14298
589	0.62667	0.14291
590	0.6248	0.14232
591	0.61394	0.14243
592	0.61688	0.14199
593	0.6212	0.14153
594	0.62319	0.1413
595	0.62395	0.14108
596	0.62497	0.14012
597	0.62703	0.13922
598	0.62867	0.13856
599	0.62948	0.13867
600	0.63038	0.13856
601	0.63203	0.13768
602	0.63318	0.13755
603	0.63369	0.13753
604	0.63369	0.13773
605	0.63408	0.13784
606	0.63423	0.13735
607	0.63423	0.13725
608	0.63423	0.13656
609	0.63478	0.13668
610	0.63478	0.1363
611	0.63513	0.13635
612	0.63513	0.13582
613	0.63513	0.13542
614	0.63513	0.13525
615	0.63513	0.13502
616	0.63513	0.13407
617	0.63513	0.1332
618	0.63513	0.13241
619	0.63513	0.13221
620	0.63513	0.13227
621	0.63513	0.13159
622	0.63513	0.13193
623	0.63513	0.1316
624	0.63483	0.13211
625	0.63483	0.13224
626	0.63483	0.13186
627	0.63483	0.13197
628	0.63472	0.13148
629	0.63388	0.13175
630	0.63388	0.1314
631	0.63307	0.13124
632	0.63201	0.13105
633	0.63146	0.13053
634	0.62915	0.13039
635	0.62899	0.12992
636	0.62754	0.12893
637	0.62682	0.12807
638	0.62994	0.12731
639	0.63171	0.12669
640	0.63308	0.12635
641	0.63417	0.12537
642	0.63423	0.12506
643	0.63511	0.12471
644	0.63511	0.12531
645	0.63511	0.12569
646	0.63531	0.1253
647	0.63531	0.12544
648	0.63531	0.12529
649	0.63584	0.12542
650	0.6361	0.12562
651	0.63623	0.12567
652	0.63656	0.12557
653	0.63656	0.12519
654	0.63656	0.12507
655	0.63656	0.12465
656	0.63656	0.12383
657	0.63656	0.1232
658	0.63656	0.12267
659	0.63656	0.12221
660	0.63656	0.12186
661	0.63656	0.12089
662	0.63656	0.12045
663	0.63656	0.12018
664	0.63656	0.12067
665	0.63649	0.12116
666	0.63628	0.12075
667	0.63592	0.12094
668	0.63485	0.12069
669	0.63332	0.12083
670	0.63193	0.12093
671	0.6298	0.12101
672	0.62887	0.12077
673	0.62675	0.12046
674	0.62556	0.12013
675	0.62444	0.11983
676	0.62352	0.11915
677	0.62246	0.11859
678	0.62136	0.11798
679	0.6194	0.11748
680	0.61806	0.11672
681	0.61806	0.1156
682	0.61767	0.1149
683	0.61651	0.11414
684	0.6184	0.11448
685	0.61888	0.11433
686	0.61888	0.11392
687	0.61947	0.11409
688	0.62081	0.11412
689	0.62139	0.11445
690	0.62174	0.11495
691	0.62256	0.11528
692	0.62256	0.11552
693	0.62275	0.11558
694	0.62319	0.11572
695	0.62323	0.11577
696	0.62326	0.11521
697	0.62326	0.11476
698	0.62326	0.11441
699	0.62326	0.11427
700	0.62326	0.11365
701	0.62326	0.11277
702	0.62326	0.1123
703	0.62326	0.1115
704	0.62326	0.11168
705	0.62326	0.11166
706	0.62326	0.11082
707	0.62326	0.11067
708	0.62326	0.11047
709	0.62293	0.11047
710	0.62293	0.11067
711	0.6223	0.11114
712	0.62086	0.11134
713	0.62039	0.11119
714	0.61976	0.11128
715	0.61709	0.11132
716	0.61632	0.11086
717	0.61504	0.11067
718	0.61323	0.11023
719	0.61227	0.10979
720	0.61127	0.10951
721	0.6106	0.10856
722	0.60959	0.10784
723	0.60959	0.1069
724	0.60848	0.107
725	0.60731	0.10699
726	0.6066	0.10619
727	0.6061	0.10623
728	0.60464	0.10613
729	0.60439	0.10622
730	0.60293	0.10651
731	0.60312	0.10667
732	0.60376	0.10677
733	0.60376	0.10651
734	0.60376	0.10672
735	0.60376	0.10689
736	0.60376	0.10647
737	0.60451	0.1062
738	0.60451	0.10609
739	0.60451	0.10595
740	0.60451	0.10559
741	0.60451	0.10511
742	0.60451	0.10452
743	0.60451	0.10397
744	0.60451	0.10441
745	0.60451	0.10466
746	0.60451	0.10357
747	0.60451	0.10354
748	0.60451	0.10359
749	0.60451	0.10374
750	0.6045	0.104
751	0.60411	0.10426
752	0.60369	0.10443
753	0.60343	0.10436
754	0.60309	0.10463
755	0.60267	0.10456
756	0.60254	0.10405
757	0.60159	0.10375
758	0.60113	0.10334
759	0.60017	0.10327
760	0.59947	0.10282
761	0.59947	0.10207
762	0.59947	0.10137
763	0.59887	0.10084
764	0.59823	0.10114
765	0.59787	0.10102
766	0.5977	0.10027
767	0.5977	0.10012
768	0.59704	0.10008
769	0.59686	0.10009
770	0.59617	0.10038
771	0.59481	0.1007
772	0.59344	0.10094
773	0.59315	0.10072
774	0.59271	0.10091
775	0.59064	0.10087
776	0.5875	0.10006
777	0.58301	0.10014
778	0.58248	0.09974
779	0.58248	0.09964
780	0.58248	0.09909
781	0.58248	0.09865
782	0.58248	0.09815
783	0.58258	0.09795
784	0.58258	0.09857
785	0.58258	0.09844
786	0.58269	0.09795
787	0.58269	0.09788
788	0.58269	0.09788
789	0.58269	0.09797
790	0.58269	0.09823
791	0.58269	0.09854
792	0.58269	0.09838
793	0.58269	0.09836
794	0.58269	0.09873
795	0.58355	0.09845
796	0.58355	0.09754
797	0.58355	0.09765
798	0.58355	0.09729
799	0.58355	0.09715
800	0.58355	0.09661
801	0.58355	0.09608
802	0.58355	0.09554
803	0.58355	0.09538
804	0.58355	0.096
805	0.58355	0.09582
806	0.58355	0.09525
807	0.58355	0.09504
808	0.58322	0.09517
809	0.58283	0.09508
810	0.58238	0.09535
811	0.58159	0.09557
812	0.5813	0.09564
813	0.58042	0.09565
814	0.57894	0.09583
815	0.57863	0.09551
816	0.57845	0.09454
817	0.57845	0.09452
818	0.57838	0.09414
819	0.57838	0.09408
820	0.57713	0.09356
821	0.57683	0.09342
822	0.57628	0.09307
823	0.57489	0.09245
824	0.57515	0.09332
825	0.5762	0.09292
826	0.57646	0.09249
827	0.57787	0.09232
828	0.57951	0.09255
829	0.58172	0.09249
830	0.58255	0.09292
831	0.58255	0.09314
832	0.58292	0.09323
833	0.58369	0.09334
834	0.58572	0.09361
835	0.58586	0.09327
836	0.58664	0.09244
837	0.58682	0.09247
838	0.58719	0.09194
839	0.58801	0.0921
840	0.589	0.09157
841	0.59018	0.09121
842	0.59153	0.09055
843	0.59201	0.09028
844	0.59265	0.09115
845	0.59265	0.09091
846	0.59265	0.09033
847	0.59271	0.09021
848	0.59271	0.09035
849	0.59271	0.09029
850	0.59271	0.09073
851	0.59271	0.09114
852	0.59271	0.09116
853	0.59271	0.09133
854	0.59271	0.09138
855	0.59271	0.09078
856	0.59271	0.09002
857	0.59271	0.09027
858	0.59271	0.08979
859	0.59271	0.08985
860	0.59169	0.08914
861	0.59031	0.08894
862	0.5901	0.08828
863	0.5901	0.08779
864	0.58845	0.08867
865	0.58814	0.08832
866	0.58683	0.08767
867	0.5846	0.08763
868	0.58307	0.08759
869	0.58145	0.08738
870	0.58032	0.08739
871	0.58043	0.08757
872	0.58231	0.08754
873	0.58295	0.08746
874	0.58385	0.08792
875	0.58494	0.08742
876	0.5854	0.08701
877	0.58661	0.08757
878	0.58713	0.08721
879	0.58713	0.08728
880	0.58769	0.08697
881	0.58851	0.08698
882	0.58905	0.08619
883	0.59004	0.08594
884	0.59123	0.08698
885	0.59158	0.08681
886	0.59158	0.08664
887	0.59158	0.08671
888	0.59158	0.087
889	0.59158	0.08692
890	0.59158	0.08702
891	0.59158	0.08697
892	0.59158	0.08691
893	0.59158	0.08652
894	0.59158	0.0867
895	0.59158	0.0861
896	0.59158	0.08557
897	0.59158	0.08601
898	0.59155	0.0857
899	0.59153	0.08605
900	0.59153	0.08559
901	0.59074	0.08556
902	0.59064	0.08456
903	0.58961	0.08397
904	0.58952	0.08496
905	0.58936	0.08462
906	0.58926	0.08442
907	0.58777	0.08458
908	0.58558	0.08472
909	0.5849	0.08464
910	0.58361	0.0847
911	0.58282	0.08459
912	0.58198	0.08457
913	0.58042	0.08419
914	0.57989	0.08416
915	0.58218	0.08373
916	0.58347	0.08313
917	0.58377	0.08347
918	0.58484	0.0831
919	0.58533	0.0833
920	0.58607	0.08262
921	0.58645	0.08274
922	0.58645	0.0818
923	0.5867	0.08143
924	0.58778	0.08245
925	0.58778	0.08258
926	0.58778	0.08257
927	0.58778	0.08277
928	0.58778	0.08294
929	0.58778	0.08312
930	0.58778	0.08309
931	0.58778	0.08315
932	0.58778	0.08299
933	0.58778	0.08272
934	0.58778	0.0826
935	0.58778	0.08243
936	0.58778	0.08182
937	0.58708	0.08215
938	0.58683	0.0819
939	0.58653	0.08212
940	0.58641	0.08131
941	0.5857	0.08164
942	0.58487	0.08082
943	0.5843	0.08022
944	0.5843	0.08119
945	0.5843	0.08118
946	0.5843	0.08126
947	0.58259	0.08146
948	0.58241	0.08147
949	0.58128	0.08153
950	0.57986	0.0815
951	0.57832	0.08156
952	0.57678	0.08141
953	0.57619	0.08119
954	0.57543	0.08091
955	0.57328	0.08091
956	0.57165	0.08036
957	0.57058	0.08079
958	0.56796	0.08042
959	0.56731	0.08049
960	0.56597	0.07962
961	0.56452	0.07993
962	0.56408	0.07902
963	0.5583	0.07833
964	0.55725	0.07906
965	0.5567	0.07871
966	0.55601	0.07872
967	0.55565	0.07861
968	0.55565	0.0785
969	0.55565	0.07892
970	0.55585	0.07925
971	0.55585	0.07949
972	0.55585	0.07968
973	0.55644	0.07971
974	0.55755	0.07969
975	0.56283	0.07984
976	0.56407	0.07915
977	0.56497	0.07954
978	0.56609	0.07939
979	0.56697	0.07933
980	0.56825	0.0787
981	0.57012	0.07909
982	0.57122	0.07829
983	0.57258	0.07767
984	0.57389	0.07849
985	0.57447	0.07816
986	0.57628	0.07795
987	0.57754	0.07772
988	0.57898	0.07765
989	0.57931	0.07797
990	0.58029	0.07826
991	0.58148	0.0786
992	0.58148	0.07871
993	0.58163	0.07863
994	0.58192	0.07843
995	0.58192	0.07848
996	0.58192	0.07756
997	0.58259	0.07806
998	0.58259	0.07781
999	0.58259	0.07771
1000	0.58259	0.07689
1001	0.58259	0.07709
1002	0.58259	0.07623
1003	0.58259	0.07567
1004	0.58259	0.07624
1005	0.58259	0.0761
1006	0.58259	0.07579
1007	0.58259	0.07532
1008	0.58259	0.0752
1009	0.58259	0.07551
1010	0.58139	0.07562
1011	0.58108	0.07582
1012	0.58108	0.07592
1013	0.58108	0.07605
1014	0.58108	0.07609
1015	0.58063	0.07602
1016	0.57981	0.0758
1017	0.5786	0.07654
1018	0.57787	0.07655
1019	0.57659	0.07677
1020	0.57553	0.07602
1021	0.57441	0.07631
1022	0.57393	0.07549
1023	0.57193	0.07503
1024	0.57183	0.07544
1025	0.57284	0.07529
1026	0.57472	0.07498
1027	0.57551	0.07461
1028	0.57602	0.07461
1029	0.57724	0.07482
1030	0.57812	0.07498
1031	0.57911	0.07509
1032	0.57911	0.0753
1033	0.57993	0.07527
1034	0.58085	0.07537
1035	0.58139	0.07505
1036	0.58139	0.07498
1037	0.58139	0.0755
1038	0.58175	0.07543
1039	0.58175	0.0757
1040	0.58175	0.075
1041	0.58175	0.07524
1042	0.58175	0.07443
1043	0.58175	0.07356
1044	0.58175	0.07398
1045	0.58175	0.07364
1046	0.58175	0.07318
1047	0.58175	0.07276
1048	0.58175	0.07247
1049	0.58175	0.0727
1050	0.58175	0.073
1051	0.58034	0.07307
1052	0.58034	0.07352
1053	0.57995	0.07358
1054	0.57995	0.07379
1055	0.57925	0.07357
1056	0.5782	0.0735
1057	0.57793	0.07391
1058	0.57757	0.07367
1059	0.57684	0.0739
1060	0.57502	0.0732
1061	0.57409	0.0736
1062	0.5731	0.07292
1063	0.57145	0.07247
1064	0.57028	0.07317
1065	0.56833	0.07295
1066	0.56742	0.07267
1067	0.56569	0.07248
1068	0.56422	0.0724
1069	0.56464	0.07254
1070	0.56625	0.07282
1071	0.56795	0.07277
1072	0.56876	0.07323
1073	0.56966	0.07334
1074	0.57054	0.07359
1075	0.57085	0.07328
1076	0.57085	0.07317
1077	0.57152	0.07346
1078	0.5718	0.07337
1079	0.57203	0.07359
1080	0.57294	0.07287
1081	0.57294	0.07335
1082	0.5735	0.07262
1083	0.57362	0.07221
1084	0.57362	0.07296
1085	0.57362	0.07271
1086	0.57362	0.07231
1087	0.57362	0.07198
1088	0.57362	0.07165
1089	0.57362	0.07162
1090	0.57362	0.07175
1091	0.57362	0.07155
1092	0.57362	0.07184
1093	0.57362	0.0718
1094	0.57362	0.07182
1095	0.57362	0.07172
1096	0.57339	0.07156
1097	0.57338	0.07207
1098	0.57299	0.07208
1099	0.57273	0.07224
1100	0.57253	0.07166
1101	0.57253	0.07226
1102	0.57202	0.07164
1103	0.57086	0.07116
1104	0.57015	0.07181
1105	0.56913	0.07163
1106	0.56749	0.07146
1107	0.56663	0.07121
1108	0.56519	0.07108
1109	0.56348	0.07099
1110	0.56287	0.07112
1111	0.56141	0.07097
1112	0.56084	0.07146
1113	0.55934	0.07154
1114	0.55934	0.07149
1115	0.55911	0.07146
1116	0.55911	0.07137
1117	0.55938	0.07203
1118	0.56021	0.07195
1119	0.56098	0.07214
1120	0.56143	0.07148
1121	0.56184	0.07201
1122	0.56216	0.07129
1123	0.56272	0.07057
1124	0.56272	0.07108
1125	0.56272	0.07085
1126	0.56272	0.07073
1127	0.56272	0.07047
1128	0.56272	0.07029
1129	0.56272	0.07028
1130	0.56272	0.07038
1131	0.56272	0.07029
1132	0.56272	0.07057
1133	0.56272	0.07063
1134	0.56272	0.07046
1135	0.56272	0.07039
1136	0.56185	0.0702
1137	0.56144	0.07095
1138	0.56119	0.07098
1139	0.56119	0.0711
1140	0.56119	0.07056
1141	0.56081	0.07104
1142	0.56062	0.07042
1143	0.56062	0.06963
1144	0.56062	0.07007
1145	0.56028	0.06989
1146	0.55993	0.06968
1147	0.55957	0.06934
1148	0.5595	0.06924
1149	0.55865	0.06927
1150	0.55836	0.06922
1151	0.55807	0.06919
1152	0.55721	0.06948
1153	0.55721	0.06963
1154	0.55693	0.06963
1155	0.55648	0.06961
1156	0.55571	0.06948
1157	0.55571	0.07035
1158	0.55571	0.0705
1159	0.55658	0.07069
1160	0.55746	0.07014
1161	0.55806	0.07049
1162	0.55889	0.06996
1163	0.55938	0.06903
1164	0.55982	0.06941
1165	0.56096	0.06936
1166	0.56151	0.06922
1167	0.56204	0.06878
1168	0.56244	0.06871
1169	0.56261	0.06864
1170	0.56304	0.06851
1171	0.56307	0.0683
1172	0.56344	0.06846
1173	0.56403	0.06865
1174	0.56408	0.06855
1175	0.56408	0.06857
1176	0.56408	0.06865
1177	0.56408	0.06943
1178	0.56408	0.06953
1179	0.56433	0.06981
1180	0.56433	0.0693
1181	0.56433	0.06966
1182	0.56433	0.06916
1183	0.56433	0.06823
1184	0.56433	0.06869
1185	0.56433	0.06847
1186	0.56433	0.06831
1187	0.56433	0.06777
1188	0.56433	0.06781
1189	0.56433	0.06755
1190	0.56433	0.0674
1191	0.56433	0.06713
1192	0.56425	0.06742
1193	0.56425	0.06752
1194	0.56425	0.06727
1195	0.56423	0.06732
1196	0.56418	0.06717
1197	0.56406	0.06769
1198	0.56385	0.06757
1199	0.56385	0.0678
1200	0.56376	0.06718
1201	0.56322	0.06779
1202	0.56322	0.06709
1203	0.56322	0.06642
1204	0.56296	0.06715
1205	0.56296	0.06693
1206	0.56318	0.06697
1207	0.56381	0.06654
1208	0.56443	0.06664
1209	0.56504	0.06667
1210	0.56543	0.0665
1211	0.56554	0.06632
1212	0.56554	0.06681
1213	0.56554	0.06693
1214	0.56554	0.06677
1215	0.56554	0.06673
1216	0.56554	0.06647
1217	0.56554	0.06698
1218	0.56554	0.06688
1219	0.56614	0.06708
1220	0.56627	0.06641
1221	0.56699	0.0669
1222	0.56814	0.06633
1223	0.56854	0.06586
1224	0.56854	0.06646
1225	0.56875	0.06635
1226	0.56941	0.06631
1227	0.56941	0.06585
1228	0.56941	0.06598
1229	0.56941	0.06588
1230	0.56941	0.06553
1231	0.56941	0.06517
1232	0.56941	0.06553
1233	0.56941	0.0656
1234	0.56941	0.06538
1235	0.56941	0.06541
1236	0.56941	0.06512
1237	0.56941	0.0657
1238	0.56941	0.06569
1239	0.56934	0.06582
1240	0.56934	0.06517
1241	0.56934	0.0657
1242	0.56934	0.06504
1243	0.56865	0.06476
1244	0.56835	0.06549
1245	0.56835	0.06529
1246	0.56829	0.06527
1247	0.56734	0.06476
1248	0.56662	0.06487
1249	0.56612	0.06491
1250	0.56483	0.06475
1251	0.56425	0.06429
1252	0.56316	0.0647
1253	0.56228	0.06504
1254	0.56139	0.06499
1255	0.56056	0.06518
1256	0.56002	0.06483
1257	0.55898	0.06536
1258	0.55938	0.06538
1259	0.56096	0.06567
1260	0.56158	0.06485
1261	0.56251	0.06549
1262	0.56379	0.06491
1263	0.56474	0.0648
1264	0.56572	0.06539
1265	0.56684	0.06512
1266	0.56789	0.06506
1267	0.56854	0.06461
1268	0.56873	0.06468
1269	0.56935	0.06484
1270	0.56957	0.06489
1271	0.56957	0.0645
1272	0.56957	0.06513
1273	0.56957	0.06543
1274	0.56957	0.0654
1275	0.56957	0.06545
1276	0.56957	0.06503
1277	0.56957	0.06531
1278	0.56957	0.06512
1279	0.56957	0.06523
1280	0.56957	0.06424
1281	0.56957	0.06461
1282	0.56957	0.06407
1283	0.56933	0.06385
1284	0.56897	0.06442
1285	0.56823	0.0639
1286	0.56762	0.06386
1287	0.56749	0.0634
1288	0.56671	0.06323
1289	0.5661	0.06355
1290	0.566	0.06342
1291	0.56544	0.06301
1292	0.56544	0.06342
1293	0.56476	0.06378
1294	0.56429	0.06393
1295	0.56288	0.06386
1296	0.56167	0.06382
1297	0.56118	0.0645
1298	0.56062	0.06456
1299	0.55919	0.06482
1300	0.5576	0.06394
1301	0.55457	0.06443
1302	0.55433	0.06414
1303	0.5549	0.06386
1304	0.55554	0.06447
1305	0.55591	0.06392
1306	0.55682	0.06392
1307	0.55706	0.06337
1308	0.55795	0.06311
1309	0.55896	0.06334
1310	0.55926	0.06315
1311	0.55926	0.06263
1312	0.55928	0.06306
1313	0.55928	0.06339
1314	0.55928	0.06363
1315	0.55928	0.06356
1316	0.55928	0.06359
1317	0.55928	0.06415
1318	0.55928	0.06412
1319	0.55928	0.06436
1320	0.55928	0.06371
1321	0.55928	0.06428
1322	0.55928	0.06393
1323	0.55928	0.06369
1324	0.55928	0.06407
1325	0.55868	0.06347
1326	0.55827	0.06321
1327	0.55827	0.06259
1328	0.55741	0.06212
1329	0.55647	0.06236
1330	0.55442	0.06206
1331	0.55356	0.06144
1332	0.55136	0.06189
1333	0.55014	0.06214
1334	0.54961	0.06245
1335	0.54925	0.06237
1336	0.54803	0.06245
1337	0.54673	0.06324
1338	0.54565	0.06315
1339	0.54452	0.06357
1340	0.54279	0.06314
1341	0.54187	0.06395
1342	0.54063	0.06389
1343	0.53923	0.06388
1344	0.53803	0.06442
1345	0.53666	0.06399
1346	0.53532	0.06396
1347	0.53644	0.06343
1348	0.53725	0.06292
1349	0.53838	0.06305
1350	0.53966	0.06276
1351	0.54063	0.06204
1352	0.54182	0.06217
1353	0.54235	0.06213
1354	0.54285	0.06231
1355	0.54324	0.06214
1356	0.54364	0.0621
1357	0.54392	0.06282
1358	0.54415	0.06285
1359	0.54489	0.06312
1360	0.54598	0.06275
1361	0.54598	0.0636
1362	0.54598	0.06348
1363	0.54598	0.06355
1364	0.54598	0.06413
1365	0.54598	0.06387
1366	0.54598	0.06377
1367	0.54598	0.06333
1368	0.54598	0.06293
1369	0.54598	0.06286
1370	0.54598	0.06241
1371	0.54598	0.06158
1372	0.54598	0.06149
1373	0.54559	0.06142
1374	0.54559	0.06149
1375	0.54537	0.06136
1376	0.54508	0.06144
1377	0.54489	0.06213
1378	0.5441	0.06208
1379	0.54374	0.06238
1380	0.54343	0.06192
1381	0.54303	0.06281
1382	0.54099	0.06282
1383	0.54033	0.06275
1384	0.5402	0.06317
1385	0.54015	0.06312
1386	0.53934	0.06313
1387	0.53934	0.06277
1388	0.53911	0.06249
1389	0.53841	0.06234
1390	0.53768	0.06177
1391	0.53881	0.06096
1392	0.5397	0.06081
1393	0.54151	0.06088
1394	0.5431	0.06071
1395	0.54418	0.06072
1396	0.54494	0.06079
1397	0.54507	0.06132
1398	0.54649	0.06132
1399	0.54649	0.06177
1400	0.54749	0.06141
1401	0.54835	0.06224
1402	0.54835	0.06226
1403	0.54861	0.06235
1404	0.54964	0.06274
1405	0.54964	0.06262
1406	0.54964	0.06266
1407	0.54964	0.0624
1408	0.54964	0.06212
1409	0.54964	0.06213
1410	0.54964	0.06168
1411	0.54964	0.06091
1412	0.54964	0.06086
1413	0.54964	0.06088
1414	0.54964	0.06071
1415	0.54964	0.06075
1416	0.54964	0.06062
1417	0.54952	0.06088
1418	0.54927	0.06085
1419	0.54884	0.06123
1420	0.54875	0.06083
1421	0.54829	0.06158
1422	0.5477	0.0614
1423	0.5477	0.06135
1424	0.5477	0.06169
1425	0.54761	0.06151
1426	0.54761	0.0613
1427	0.54761	0.06079
1428	0.54761	0.06045
1429	0.54761	0.06044
1430	0.54761	0.06002
1431	0.54761	0.05949
1432	0.54761	0.05965
1433	0.54761	0.05986
1434	0.54733	0.05996
1435	0.54652	0.06012
1436	0.54652	0.06015
1437	0.54511	0.06016
1438	0.54457	0.06021
1439	0.54457	0.06045
1440	0.54329	0.06013
1441	0.54313	0.06078
1442	0.54238	0.06073
1443	0.54244	0.06067
1444	0.54269	0.06118
1445	0.54269	0.06109
1446	0.54269	0.06103
1447	0.54269	0.06064
1448	0.54269	0.06017
1449	0.54269	0.06036
1450	0.54269	0.05983
1451	0.54269	0.05931
1452	0.54269	0.05935
1453	0.54269	0.05963
1454	0.54269	0.05965
1455	0.54269	0.05984
1456	0.54269	0.05986
1457	0.54234	0.05998
1458	0.54136	0.05999
1459	0.54136	0.06016
1460	0.54136	0.06001
1461	0.54136	0.0605
1462	0.54136	0.06031
1463	0.54136	0.06019
1464	0.54136	0.06044
1465	0.54136	0.06047
1466	0.54136	0.06021
1467	0.54136	0.05966
1468	0.54136	0.05912
1469	0.54136	0.0593
1470	0.54133	0.05867
1471	0.54133	0.05815
1472	0.54133	0.05822
1473	0.54133	0.05863
1474	0.54133	0.05884
1475	0.54133	0.05897
1476	0.54133	0.05908
1477	0.54133	0.05931
1478	0.54095	0.0595
1479	0.54049	0.05976
1480	0.53977	0.05979
1481	0.53975	0.06018
1482	0.53971	0.06016
1483	0.53956	0.06021
1484	0.53894	0.06027
1485	0.53894	0.06034
1486	0.53894	0.05989
1487	0.53855	0.05929
1488	0.5377	0.05871
1489	0.53762	0.05893
1490	0.5367	0.05844
1491	0.53643	0.058
1492	0.53643	0.05814
1493	0.53569	0.05867
1494	0.53569	0.05877
1495	0.53557	0.05891
1496	0.53555	0.05897
1497	0.53639	0.05907
1498	0.53727	0.05922
1499	0.53739	0.05942
1500	0.53739	0.05943
1501	0.53781	0.05978
1502	0.5384	0.05976
1503	0.53897	0.05983
1504	0.53969	0.06
1505	0.53985	0.06004
1506	0.54025	0.05948
1507	0.54102	0.05887
1508	0.54102	0.05838
1509	0.54102	0.05855
1510	0.54116	0.05806
1511	0.54116	0.0576
1512	0.54116	0.05764
1513	0.54116	0.05813
1514	0.54116	0.05827
1515	0.54116	0.05868
1516	0.54116	0.05839
1517	0.54116	0.05842
1518	0.54116	0.05847
1519	0.54116	0.05858
1520	0.54116	0.05859
1521	0.54116	0.05918
1522	0.54116	0.05922
1523	0.54064	0.05939
1524	0.54054	0.05981
1525	0.54042	0.06001
1526	0.53945	0.05951
1527	0.53895	0.05894
1528	0.53839	0.05852
1529	0.53752	0.05882
1530	0.53662	0.05866
1531	0.53549	0.05826
1532	0.53517	0.05846
1533	0.53517	0.0589
1534	0.53474	0.05902
1535	0.5343	0.05929
1536	0.53364	0.05912
1537	0.53377	0.05908
1538	0.53428	0.05894
1539	0.53429	0.059
1540	0.53507	0.0588
1541	0.53588	0.05922
1542	0.53718	0.0593
1543	0.53764	0.05932
1544	0.53806	0.05949
1545	0.53806	0.05958
1546	0.53806	0.05906
1547	0.53872	0.05853
1548	0.53899	0.05804
1549	0.53919	0.05832
1550	0.53919	0.05829
1551	0.53919	0.05788
1552	0.53919	0.05823
1553	0.53919	0.05866
1554	0.53919	0.05877
1555	0.53919	0.05909
1556	0.53919	0.05868
1557	0.53919	0.05857
1558	0.53919	0.05811
1559	0.53919	0.05824
1560	0.53919	0.05795
1561	0.53919	0.05838
1562	0.53907	0.05843
1563	0.53907	0.05846
1564	0.53907	0.05882
1565	0.53907	0.05873
1566	0.53851	0.05827
1567	0.53833	0.05769
1568	0.53833	0.05735
1569	0.53819	0.05752
1570	0.53804	0.05767
1571	0.53804	0.05729
1572	0.53788	0.05763
1573	0.53686	0.05796
1574	0.53636	0.05846
1575	0.53636	0.05872
1576	0.53567	0.05834
1577	0.53372	0.0584
1578	0.53204	0.05802
1579	0.53078	0.0583
1580	0.53078	0.05835
1581	0.52908	0.05876
1582	0.52804	0.05869
1583	0.52667	0.05865
1584	0.52609	0.05882
1585	0.52557	0.05869
1586	0.52542	0.05815
1587	0.52337	0.05751
1588	0.52331	0.05703
1589	0.52274	0.05714
1590	0.52286	0.05727
1591	0.52356	0.05688
1592	0.52407	0.0572
1593	0.52505	0.05745
1594	0.52544	0.05809
1595	0.52605	0.05828
1596	0.52641	0.05808
1597	0.52641	0.05832
1598	0.52675	0.05805
1599	0.52675	0.05832
1600	0.52675	0.05854
1601	0.52675	0.05876
1602	0.52675	0.05875
1603	0.52675	0.05861
1604	0.52675	0.05864
1605	0.52675	0.05841
1606	0.52675	0.05773
1607	0.52675	0.05726
1608	0.52675	0.05675
1609	0.52675	0.0567
1610	0.52675	0.05664
1611	0.5262	0.05605
1612	0.52576	0.05606
1613	0.52502	0.05622
1614	0.52502	0.05696
1615	0.52501	0.05732
1616	0.52501	0.05708
1617	0.52459	0.05749
1618	0.52332	0.05755
1619	0.52283	0.05775
1620	0.52207	0.05815
1621	0.52207	0.05847
1622	0.52178	0.0585
1623	0.52152	0.05838
1624	0.52098	0.05843
1625	0.52042	0.05845
1626	0.51985	0.05794
1627	0.51974	0.05765
1628	0.51981	0.05738
1629	0.52146	0.05713
1630	0.52285	0.057
1631	0.52433	0.05631
1632	0.52452	0.05616
1633	0.52595	0.05622
1634	0.52607	0.05678
1635	0.52684	0.05715
1636	0.52756	0.05694
1637	0.52763	0.0572
1638	0.52813	0.05722
1639	0.52826	0.05745
1640	0.52826	0.05779
1641	0.52826	0.05816
1642	0.52826	0.05809
1643	0.52826	0.058
1644	0.52826	0.05807
1645	0.52826	0.05802
1646	0.52826	0.05755
1647	0.52826	0.05729
1648	0.52826	0.05703
1649	0.52826	0.05667
1650	0.52826	0.05635
1651	0.52826	0.05551
1652	0.52794	0.05497
1653	0.52781	0.05454
1654	0.52712	0.05499
1655	0.52712	0.05517
1656	0.52712	0.05486
1657	0.52622	0.05515
1658	0.52496	0.05528
1659	0.524	0.0555
1660	0.52352	0.0561
1661	0.52324	0.05671
1662	0.52288	0.05703
1663	0.52288	0.05722
1664	0.52288	0.05754
1665	0.52251	0.05765
1666	0.52151	0.05734
1667	0.52126	0.05716
1668	0.52068	0.0571
1669	0.51863	0.05701
1670	0.51767	0.0567
1671	0.51715	0.05606
1672	0.51771	0.05578
1673	0.51841	0.05535
1674	0.51984	0.05581
1675	0.52021	0.05603
1676	0.52253	0.05554
1677	0.5226	0.05575
1678	0.52334	0.05579
1679	0.52339	0.05595
1680	0.52441	0.05654
1681	0.52526	0.05705
1682	0.5266	0.05736
1683	0.52705	0.05745
1684	0.52705	0.05772
1685	0.52705	0.05784
1686	0.52705	0.05753
1687	0.52705	0.0574
1688	0.52705	0.05723
1689	0.52705	0.0571
1690	0.52705	0.05691
1691	0.52705	0.05633
1692	0.52705	0.05577
1693	0.52705	0.0553
1694	0.52705	0.05569
1695	0.52705	0.05588
1696	0.52633	0.05518
1697	0.5262	0.05532
1698	0.5262	0.05534
1699	0.5262	0.05546
1700	0.5262	0.05597
1701	0.52611	0.05643
1702	0.52596	0.05683
1703	0.52541	0.05689
1704	0.52513	0.05716
1705	0.52478	0.0574
1706	0.52478	0.05706
1707	0.52454	0.05695
1708	0.52454	0.05699
1709	0.52408	0.05692
1710	0.52306	0.05671
1711	0.52306	0.0563
1712	0.52234	0.05585
1713	0.52129	0.05557
1714	0.52149	0.05597
1715	0.52217	0.05621
1716	0.52252	0.05551
1717	0.52307	0.05551
1718	0.52395	0.05555
1719	0.52468	0.05566
1720	0.52637	0.05607
1721	0.52686	0.05643
1722	0.52747	0.05679
1723	0.52747	0.05686
1724	0.52747	0.05725
1725	0.52747	0.0574
1726	0.52747	0.05709
1727	0.52747	0.05698
1728	0.52747	0.05676
1729	0.52747	0.05677
1730	0.52747	0.05644
1731	0.52747	0.05601
1732	0.52747	0.05547
1733	0.52747	0.05508
1734	0.52747	0.05552
1735	0.52743	0.05559
1736	0.52743	0.05505
1737	0.52743	0.05497
1738	0.52743	0.05506
1739	0.5268	0.05524
1740	0.5267	0.05568
1741	0.5267	0.056
1742	0.5267	0.05627
1743	0.52514	0.05634
1744	0.52408	0.05664
1745	0.52316	0.05669
1746	0.52269	0.05608
1747	0.5216	0.05627
1748	0.52018	0.05605
1749	0.52015	0.05609
1750	0.51792	0.05582
1751	0.51672	0.05561
1752	0.51589	0.0552
1753	0.51509	0.05512
1754	0.51396	0.05586
1755	0.51314	0.05581
1756	0.51213	0.05545
1757	0.51138	0.0554
1758	0.51151	0.05555
1759	0.51151	0.05561
1760	0.51203	0.05609
1761	0.51266	0.05634
1762	0.51399	0.05649
1763	0.51442	0.05662
1764	0.51511	0.05704
1765	0.51546	0.05691
1766	0.51604	0.05618
1767	0.51604	0.05642
1768	0.51604	0.05617
1769	0.51604	0.05613
1770	0.51604	0.05578
1771	0.51604	0.05545
1772	0.51604	0.05484
1773	0.51604	0.05469
1774	0.51604	0.05535
1775	0.51604	0.05528
1776	0.51604	0.05474
1777	0.51604	0.0546
1778	0.51604	0.05477
1779	0.51584	0.05467
1780	0.51584	0.0552
1781	0.515	0.05542
1782	0.51474	0.05558
1783	0.51474	0.05577
1784	0.51474	0.05623
1785	0.51474	0.05612
1786	0.51474	0.05535
1787	0.51473	0.05557
1788	0.51473	0.05528
1789	0.51328	0.05526
1790	0.51204	0.05479
1791	0.51128	0.05464
1792	0.51053	0.05432
1793	0.50898	0.05398
1794	0.50898	0.05485
1795	0.50898	0.0546
1796	0.50898	0.05433
1797	0.50877	0.05435
1798	0.5079	0.05466
1799	0.50747	0.05467
1800	0.5078	0.05525
1801	0.50791	0.05562
1802	0.50811	0.05583
1803	0.50824	0.05614
1804	0.50889	0.0565
1805	0.50891	0.05624
1806	0.50936	0.05563
1807	0.50936	0.05584
1808	0.50936	0.05549
1809	0.50936	0.05561
1810	0.5094	0.05514
1811	0.50986	0.05489
1812	0.50986	0.05437
1813	0.50986	0.05404
1814	0.50986	0.0548
1815	0.50986	0.05455
1816	0.50986	0.0542
1817	0.50986	0.05416
1818	0.50986	0.05447
1819	0.50986	0.05443
1820	0.50986	0.05502
1821	0.50986	0.05538
1822	0.50986	0.05564
1823	0.50986	0.05587
1824	0.50971	0.05633
1825	0.50865	0.05594
1826	0.50865	0.05543
1827	0.50849	0.05573
1828	0.50707	0.05539
1829	0.50608	0.05557
1830	0.50486	0.05497
1831	0.50446	0.05481
1832	0.50387	0.05419
1833	0.50433	0.05385
1834	0.50536	0.05485
1835	0.50536	0.05461
1836	0.50536	0.05421
1837	0.50542	0.0542
1838	0.50542	0.05437
1839	0.50545	0.05423
1840	0.50573	0.05432
1841	0.50573	0.05451
1842	0.50573	0.05454
1843	0.50573	0.05451
1844	0.50675	0.05497
1845	0.50762	0.05469
1846	0.50766	0.05434
1847	0.50843	0.05493
1848	0.50858	0.05467
1849	0.50858	0.05505
1850	0.50858	0.0548
1851	0.50858	0.05483
1852	0.50858	0.05412
1853	0.50858	0.05382
1854	0.50858	0.05481
1855	0.50858	0.05465
1856	0.50858	0.05458
1857	0.50858	0.05475
1858	0.50858	0.05502
1859	0.50858	0.055
1860	0.50858	0.05522
1861	0.50836	0.05526
1862	0.50826	0.05539
1863	0.5081	0.05517
1864	0.50757	0.05543
1865	0.50639	0.05502
1866	0.50587	0.05463
1867	0.50554	0.05517
1868	0.50464	0.05492
1869	0.50349	0.05524
1870	0.50349	0.05484
1871	0.50325	0.0548
1872	0.50253	0.05403
1873	0.50169	0.05372
1874	0.50113	0.05456
1875	0.50041	0.05432
1876	0.50022	0.05433
1877	0.49939	0.05448
1878	0.49939	0.05466
1879	0.4982	0.05469
1880	0.4982	0.05483
1881	0.4982	0.05479
1882	0.4982	0.05474
1883	0.49854	0.05456
1884	0.49864	0.05458
1885	0.49928	0.0543
1886	0.49928	0.05381
1887	0.49928	0.05421
1888	0.49928	0.05404
1889	0.49928	0.05427
1890	0.49928	0.05372
1891	0.49928	0.05386
1892	0.49928	0.05312
1893	0.49928	0.05293
1894	0.49928	0.05389
1895	0.49928	0.05396
1896	0.49928	0.05403
1897	0.49928	0.05423
1898	0.49882	0.05444
1899	0.49882	0.05462
1900	0.49841	0.05472
1901	0.49817	0.05486
1902	0.49817	0.05484
1903	0.49817	0.05465
1904	0.49748	0.05465
1905	0.49685	0.05458
1906	0.49663	0.05414
1907	0.49597	0.05463
1908	0.49536	0.05442
1909	0.49424	0.05461
1910	0.49355	0.05396
1911	0.49309	0.05431
1912	0.49367	0.05362
1913	0.49429	0.05313
1914	0.49437	0.05404
1915	0.49512	0.054
1916	0.49632	0.05418
1917	0.49678	0.05437
1918	0.49754	0.05447
1919	0.49834	0.05453
1920	0.49834	0.05464
1921	0.49915	0.0547
1922	0.49915	0.05462
1923	0.49997	0.05451
1924	0.50082	0.05429
1925	0.50082	0.05432
1926	0.50088	0.05385
1927	0.50088	0.0543
1928	0.50134	0.05411
1929	0.50246	0.05418
1930	0.50322	0.05337
1931	0.5038	0.05367
1932	0.5038	0.05291
1933	0.5038	0.05243
1934	0.50407	0.05312
1935	0.50407	0.0529
1936	0.50407	0.05293
1937	0.50407	0.05301
1938	0.50407	0.05302
1939	0.50407	0.05346
1940	0.50407	0.05382
1941	0.50407	0.05412
1942	0.50407	0.05436
1943	0.50407	0.05441
1944	0.50407	0.05441
1945	0.50407	0.05457
1946	0.50407	0.05398
1947	0.50296	0.05445
1948	0.50274	0.05433
1949	0.50187	0.05427
1950	0.50112	0.05371
1951	0.50062	0.05413
1952	0.49953	0.05359
1953	0.4987	0.05315
1954	0.49758	0.05388
1955	0.49651	0.05367
1956	0.49624	0.0537
1957	0.49542	0.05358
1958	0.49387	0.05354
1959	0.4936	0.05387
1960	0.4918	0.05412
1961	0.49109	0.0544
1962	0.48939	0.05446
1963	0.48891	0.05455
1964	0.48781	0.0544
1965	0.48694	0.05444
1966	0.48689	0.05383
1967	0.48661	0.05431
1968	0.48799	0.05413
1969	0.48907	0.05408
1970	0.49017	0.05338
1971	0.49233	0.0536
1972	0.49306	0.05281
1973	0.49345	0.05231
1974	0.49466	0.0528
1975	0.49554	0.05264
1976	0.49554	0.05236
1977	0.49592	0.05201
1978	0.49592	0.05191
1979	0.49592	0.05225
1980	0.49592	0.05237
1981	0.49592	0.05259
1982	0.49592	0.05273
1983	0.49592	0.05287
1984	0.49592	0.05296
1985	0.49592	0.05295
1986	0.49592	0.05283
1987	0.49592	0.05361
1988	0.49592	0.05367
1989	0.49592	0.0539
1990	0.49528	0.0533
1991	0.49522	0.05367
1992	0.49522	0.05304
1993	0.49515	0.05271
1994	0.49515	0.05337
1995	0.49515	0.05321
1996	0.49479	0.053
1997	0.49441	0.05265
1998	0.49378	0.05262
1999	0.49373	0.05287
2000	0.49367	0.05293
2001	0.49367	0.05298
2002	0.49367	0.05315
2003	0.49295	0.05322
2004	0.49198	0.05329
2005	0.49153	0.05308
2006	0.49204	0.05305
2007	0.4928	0.05356
2008	0.49393	0.05357
2009	0.49397	0.05378
2010	0.49514	0.05323
2011	0.49625	0.05347
2012	0.49679	0.05275
2013	0.49694	0.05224
2014	0.4975	0.05272
2015	0.49848	0.0525
2016	0.4986	0.05219
2017	0.4986	0.05189
2018	0.4986	0.05169
2019	0.4986	0.05191
2020	0.4986	0.0522
2021	0.4986	0.05224
2022	0.4986	0.05261
2023	0.4986	0.0527
2024	0.4986	0.05291
2025	0.4986	0.05271
2026	0.4986	0.05268
2027	0.4986	0.05317
2028	0.4986	0.05314
2029	0.49832	0.05334
2030	0.49793	0.05273
2031	0.49742	0.05317
2032	0.4974	0.0526
2033	0.49732	0.05223
2034	0.49612	0.05289
2035	0.49485	0.05271
2036	0.4944	0.05248
2037	0.49415	0.05235
2038	0.49405	0.05234
2039	0.49405	0.05244
2040	0.4935	0.05265
2041	0.49323	0.05257
2042	0.49323	0.05292
2043	0.49323	0.05302
2044	0.49394	0.05316
2045	0.49429	0.05305
2046	0.49476	0.05296
2047	0.49624	0.05333
2048	0.49698	0.0533
2049	0.49749	0.05352
2050	0.49841	0.05289
2051	0.49915	0.0534
2052	0.4997	0.05286
2053	0.50031	0.0526
2054	0.50031	0.05336
2055	0.50031	0.05321
2056	0.50031	0.05301
2057	0.50031	0.0528
2058	0.50031	0.05266
2059	0.50031	0.05268
2060	0.50031	0.05276
2061	0.50031	0.05261
2062	0.50031	0.05285
2063	0.50031	0.05286
2064	0.50031	0.05289
2065	0.50031	0.05282
2066	0.49999	0.05269
2067	0.49984	0.05321
2068	0.4994	0.05323
2069	0.49934	0.05343
2070	0.4987	0.05289
2071	0.4987	0.0535
2072	0.4987	0.05295
2073	0.49842	0.05256
2074	0.49788	0.05315
2075	0.49788	0.05299
2076	0.49686	0.05291
2077	0.49673	0.05273
2078	0.49627	0.05263
2079	0.49541	0.0527
2080	0.49459	0.05285
2081	0.49404	0.05275
2082	0.49437	0.0532
2083	0.4959	0.05331
2084	0.49697	0.05336
2085	0.49698	0.05341
2086	0.49699	0.05333
2087	0.49729	0.0539
2088	0.49777	0.05395
2089	0.49777	0.05424
2090	0.49777	0.05373
2091	0.49777	0.05422
2092	0.49787	0.0536
2093	0.49845	0.05307
2094	0.49845	0.05351
2095	0.49845	0.05334
2096	0.49845	0.05318
2097	0.49845	0.053
2098	0.49845	0.05281
2099	0.49873	0.05294
2100	0.49893	0.05307
2101	0.49893	0.05305
2102	0.49893	0.05339
2103	0.49893	0.05354
2104	0.49893	0.0535
2105	0.49893	0.05353
2106	0.49893	0.05339
2107	0.49893	0.05401
2108	0.49893	0.05412
2109	0.49893	0.05422
2110	0.49893	0.0537
2111	0.49893	0.05412
2112	0.49893	0.05356
2113	0.49832	0.05285
2114	0.49786	0.05337
2115	0.49735	0.05319
2116	0.49735	0.0531
2117	0.49692	0.05284
2118	0.49615	0.05273
2119	0.49418	0.05273
2120	0.49374	0.05262
2121	0.49326	0.05258
2122	0.49353	0.05279
2123	0.49487	0.05303
2124	0.49554	0.05297
2125	0.49562	0.0531
2126	0.49674	0.05308
2127	0.49774	0.05388
2128	0.49949	0.05404
2129	0.50036	0.05426
2130	0.50054	0.05377
2131	0.50194	0.05409
2132	0.50219	0.05364
2133	0.50238	0.05292
2134	0.50238	0.05325
2135	0.50245	0.05331
2136	0.50315	0.05311
2137	0.50315	0.05284
2138	0.50315	0.0527
2139	0.50315	0.05275
2140	0.50315	0.0527
2141	0.50315	0.05256
2142	0.50316	0.05285
2143	0.50336	0.05303
2144	0.50336	0.05307
2145	0.50336	0.05307
2146	0.50336	0.0533
2147	0.50336	0.05399
2148	0.50336	0.05411
2149	0.50336	0.05436
2150	0.50336	0.05392
2151	0.50336	0.05432
2152	0.50336	0.05389
2153	0.50336	0.05313
2154	0.50336	0.05366
2155	0.50336	0.05347
2156	0.50298	0.05333
2157	0.50247	0.05288
2158	0.50232	0.05287
2159	0.50205	0.05272
2160	0.50084	0.0525
2161	0.49941	0.05221
2162	0.49922	0.0524
2163	0.49791	0.05245
2164	0.49661	0.05229
2165	0.4948	0.05235
2166	0.49615	0.05214
2167	0.49722	0.05258
2168	0.49848	0.05247
2169	0.49988	0.05276
2170	0.50072	0.05218
2171	0.50086	0.05273
2172	0.50145	0.05224
2173	0.5022	0.05177
2174	0.5022	0.05241
2175	0.50265	0.05231
2176	0.50339	0.05225
2177	0.50339	0.05196
2178	0.50339	0.05203
2179	0.50339	0.05214
2180	0.50404	0.05206
2181	0.50482	0.05197
2182	0.50482	0.05244
2183	0.50482	0.05259
2184	0.50482	0.05249
2185	0.50482	0.05255
2186	0.50482	0.0524
2187	0.50482	0.05299
2188	0.50482	0.05289
2189	0.50482	0.05312
2190	0.50482	0.05258
2191	0.50482	0.05314
2192	0.50482	0.05267
2193	0.50482	0.05229
2194	0.50364	0.0529
2195	0.50344	0.0528
2196	0.50334	0.05277
2197	0.50334	0.05238
2198	0.50253	0.05248
2199	0.50135	0.05235
2200	0.49972	0.05209
2201	0.49902	0.05179
2202	0.49793	0.05207
2203	0.49689	0.05217
2204	0.49535	0.05189
2205	0.49375	0.05193
2206	0.49244	0.0517
2207	0.49124	0.05215
2208	0.49024	0.05216
2209	0.49024	0.05228
2210	0.49032	0.05174
2211	0.49059	0.0522
2212	0.49059	0.05177
2213	0.4907	0.05161
2214	0.4907	0.05224
2215	0.4907	0.05209
2216	0.4907	0.05208
2217	0.49085	0.05166
2218	0.49085	0.05174
2219	0.49085	0.05172
2220	0.49163	0.05159
2221	0.49195	0.05123
2222	0.49195	0.05161
2223	0.49195	0.05191
2224	0.49195	0.0519
2225	0.49195	0.05205
2226	0.49195	0.05182
2227	0.49195	0.05237
2228	0.49195	0.05241
2229	0.49195	0.05272
2230	0.49195	0.0521
2231	0.49195	0.05265
2232	0.49195	0.05219
2233	0.49195	0.05208
2234	0.4918	0.0527
2235	0.49176	0.0525
2236	0.49123	0.05248
2237	0.49123	0.05208
2238	0.49104	0.05219
2239	0.49104	0.05227
2240	0.49047	0.0523
2241	0.48899	0.05196
2242	0.48793	0.05246
2243	0.48706	0.05283
2244	0.48529	0.05283
2245	0.4843	0.05287
2246	0.48325	0.05251
2247	0.48171	0.05277
2248	0.48026	0.05263
2249	0.47959	0.05282
2250	0.47826	0.05193
2251	0.4771	0.05232
2252	0.4771	0.05189
2253	0.4771	0.05173
2254	0.4771	0.05227
2255	0.4771	0.05183
2256	0.47817	0.05182
2257	0.47947	0.05143
2258	0.4795	0.05132
2259	0.48026	0.05161
2260	0.48073	0.05152
2261	0.48275	0.05117
2262	0.48292	0.05157
2263	0.48292	0.05192
2264	0.48292	0.05213
2265	0.48292	0.05211
2266	0.48292	0.05204
2267	0.48292	0.05262
2268	0.48293	0.05269
2269	0.48324	0.05292
2270	0.48324	0.05235
2271	0.48324	0.05291
2272	0.48324	0.05269
2273	0.48324	0.05259
2274	0.48324	0.05315
2275	0.48324	0.05272
2276	0.48324	0.05279
2277	0.48324	0.05241
2278	0.48324	0.05225
2279	0.48324	0.05248
2280	0.48324	0.05225
2281	0.48324	0.05177
2282	0.48288	0.05219
2283	0.4812	0.05248
2284	0.48061	0.05268
2285	0.48061	0.05265
2286	0.47967	0.05265
2287	0.47967	0.05316
2288	0.47924	0.05311
2289	0.47912	0.05343
2290	0.47892	0.05288
2291	0.4797	0.05336
2292	0.48097	0.05312
2293	0.48097	0.05298
2294	0.48108	0.05333
2295	0.48108	0.05283
2296	0.48111	0.05262
2297	0.48171	0.05207
2298	0.482	0.05162
2299	0.482	0.05186
2300	0.48237	0.05163
2301	0.48291	0.05108
2302	0.48324	0.05145
2303	0.48324	0.05172
2304	0.48337	0.05201
2305	0.48379	0.05198
2306	0.48416	0.05209
2307	0.48502	0.05277
2308	0.4861	0.05283
2309	0.48648	0.05318
2310	0.48648	0.05288
2311	0.48648	0.05365
2312	0.48648	0.05361
2313	0.48648	0.05366
2314	0.48648	0.05417
2315	0.48648	0.05383
2316	0.48648	0.05381
2317	0.48648	0.0534
2318	0.48648	0.05302
2319	0.48648	0.05323
2320	0.48648	0.05296
2321	0.48648	0.05237
2322	0.4861	0.05253
2323	0.48529	0.05261
2324	0.48395	0.05274
2325	0.48361	0.0527
2326	0.48272	0.05261
2327	0.48272	0.05318
2328	0.48272	0.0532
2329	0.4822	0.05342
2330	0.4822	0.05316
2331	0.4822	0.0539
2332	0.4822	0.05391
2333	0.4822	0.05399
2334	0.4822	0.05445
2335	0.48071	0.0543
2336	0.48026	0.05431
2337	0.47948	0.05393
2338	0.47847	0.05352
2339	0.47821	0.05355
2340	0.47799	0.05323
2341	0.47798	0.0525
2342	0.47798	0.05246
2343	0.47765	0.05246
2344	0.47659	0.05255
2345	0.47578	0.05244
2346	0.47578	0.05247
2347	0.47621	0.05307
2348	0.47681	0.05305
2349	0.47681	0.05334
2350	0.47681	0.05301
2351	0.47714	0.05383
2352	0.47714	0.05384
2353	0.47714	0.05387
2354	0.47714	0.05423
2355	0.47714	0.05422
2356	0.47714	0.05421
2357	0.47714	0.05388
2358	0.47714	0.05368
2359	0.47714	0.05367
2360	0.47714	0.05319
2361	0.47714	0.05251
2362	0.47714	0.05247
2363	0.47714	0.05263
2364	0.47663	0.05252
2365	0.47663	0.05254
2366	0.47663	0.0525
2367	0.47663	0.05298
2368	0.47638	0.05298
2369	0.47603	0.05335
2370	0.47603	0.05308
2371	0.47603	0.0538
2372	0.47599	0.05383
2373	0.47539	0.05391
2374	0.47503	0.05425
2375	0.47375	0.05419
2376	0.47325	0.05421
2377	0.47295	0.05396
2378	0.47243	0.05368
2379	0.47209	0.05377
2380	0.47152	0.05341
2381	0.47045	0.05276
2382	0.46989	0.05272
2383	0.4692	0.05276
2384	0.46823	0.05274
2385	0.46782	0.05275
2386	0.46782	0.05266
2387	0.46755	0.05299
2388	0.46708	0.05293
2389	0.46695	0.05327
2390	0.46758	0.05307
2391	0.46758	0.05372
2392	0.46766	0.05356
2393	0.46815	0.05355
2394	0.46834	0.05385
2395	0.46963	0.05369
2396	0.47085	0.0536
2397	0.47085	0.05321
2398	0.47085	0.05289
2399	0.47085	0.05293
2400	0.47124	0.0526
2401	0.47141	0.05215
2402	0.47141	0.05233
2403	0.47141	0.05254
2404	0.47141	0.05269
2405	0.47141	0.05276
2406	0.47218	0.05283
2407	0.47261	0.05289
2408	0.47334	0.05293
2409	0.47334	0.05319
2410	0.47334	0.05298
2411	0.47334	0.05351
2412	0.47334	0.0535
2413	0.47334	0.05345
2414	0.47334	0.05384
2415	0.47334	0.05372
2416	0.47334	0.05356
2417	0.47334	0.05317
2418	0.47334	0.05281
2419	0.47334	0.05292
2420	0.47334	0.0525
2421	0.47286	0.05202
2422	0.47286	0.05207
2423	0.47226	0.05232
2424	0.47218	0.05241
2425	0.47187	0.05255
2426	0.47129	0.05259
2427	0.47102	0.05274
2428	0.47067	0.0528
2429	0.47067	0.05301
2430	0.47067	0.05294
2431	0.47067	0.05339
2432	0.47067	0.05331
2433	0.47067	0.05325
2434	0.47067	0.05348
2435	0.47046	0.05352
2436	0.47046	0.05328
2437	0.4704	0.05281
2438	0.46981	0.05238
2439	0.46956	0.0525
2440	0.46916	0.05201
2441	0.46916	0.05156
2442	0.46916	0.05171
2443	0.46995	0.05212
2444	0.47077	0.05234
2445	0.47124	0.05248
2446	0.47124	0.05253
2447	0.47124	0.05275
2448	0.47124	0.05289
2449	0.47124	0.0532
2450	0.47124	0.05319
2451	0.47124	0.05358
2452	0.4714	0.0536
2453	0.4714	0.05371
2454	0.4714	0.0538
2455	0.4714	0.05388
2456	0.4714	0.05351
2457	0.4714	0.05298
2458	0.4714	0.05248
2459	0.4714	0.05264
2460	0.4714	0.05227
2461	0.4714	0.05181
2462	0.4714	0.05192
2463	0.4714	0.05232
2464	0.4714	0.0525
2465	0.47127	0.05259
2466	0.47127	0.05266
2467	0.47113	0.05278
2468	0.47113	0.0529
2469	0.47113	0.0531
2470	0.47113	0.05318
2471	0.47113	0.05361
2472	0.47049	0.05354
2473	0.47049	0.05364
2474	0.47049	0.05381
2475	0.46978	0.05387
2476	0.46899	0.05337
2477	0.4678	0.0528
2478	0.46704	0.05243
2479	0.46564	0.05257
2480	0.46564	0.05213
2481	0.46369	0.0517
2482	0.46325	0.05174
2483	0.46303	0.05211
2484	0.46179	0.05228
2485	0.46112	0.05262
2486	0.46058	0.0523
2487	0.45879	0.05239
2488	0.45879	0.05242
2489	0.45879	0.05258
2490	0.45879	0.05271
2491	0.45879	0.05324
2492	0.45879	0.05328
2493	0.45899	0.05346
2494	0.45927	0.05386
2495	0.46007	0.05402
2496	0.46031	0.05363
2497	0.46031	0.05319
2498	0.46031	0.05285
2499	0.46031	0.05316
2500	0.46031	0.05303
2501	0.46031	0.05271
2502	0.46031	0.05286
2503	0.46031	0.05325
2504	0.46031	0.05349
2505	0.46031	0.05377
2506	0.46031	0.05361
2507	0.46031	0.05373
2508	0.46031	0.05365
2509	0.45981	0.0537
2510	0.45981	0.05362
2511	0.45862	0.05394
2512	0.4576	0.05398
2513	0.45728	0.05402
2514	0.45728	0.05415
2515	0.45728	0.05421
2516	0.45728	0.05378
2517	0.45691	0.05328
2518	0.45678	0.05292
2519	0.45627	0.05315
2520	0.45445	0.05308
2521	0.45365	0.05269
2522	0.45245	0.05296
2523	0.45237	0.05343
2524	0.45237	0.05355
2525	0.45214	0.05389
2526	0.45021	0.05351
2527	0.4488	0.05338
2528	0.44711	0.0531
2529	0.4456	0.05316
2530	0.44441	0.05301
2531	0.44344	0.05341
2532	0.44254	0.05348
2533	0.44378	0.05353
2534	0.44477	0.05383
2535	0.44542	0.0538
2536	0.44773	0.05345
2537	0.44916	0.05294
2538	0.45059	0.05262
2539	0.45093	0.05284
2540	0.45121	0.05294
2541	0.45147	0.05264
2542	0.4522	0.05291
2543	0.45341	0.05319
2544	0.45341	0.05366
2545	0.45341	0.05388
2546	0.45341	0.05362
2547	0.45341	0.05376
2548	0.45376	0.05347
2549	0.45376	0.05373
2550	0.45376	0.05383
2551	0.45376	0.05421
2552	0.45376	0.0542
2553	0.45376	0.05419
2554	0.45376	0.05429
2555	0.45376	0.05418
2556	0.45376	0.05373
2557	0.45376	0.05317
2558	0.45376	0.05277
2559	0.45376	0.05287
2560	0.45376	0.05301
2561	0.4537	0.05271
2562	0.4537	0.05298
2563	0.4537	0.0532
2564	0.4531	0.05377
2565	0.4531	0.05395
2566	0.4531	0.05379
2567	0.4531	0.05401
2568	0.45236	0.05374
2569	0.45146	0.05395
2570	0.45072	0.05416
2571	0.45006	0.05431
2572	0.45006	0.05435
2573	0.45006	0.05421
2574	0.45049	0.05423
2575	0.45069	0.05405
2576	0.45093	0.05341
2577	0.45174	0.05296
2578	0.45258	0.05256
2579	0.45285	0.05254
2580	0.45285	0.05249
2581	0.45328	0.05201
2582	0.45394	0.05198
2583	0.45457	0.05215
2584	0.45483	0.05283
2585	0.45483	0.05312
2586	0.45483	0.05299
2587	0.45483	0.05337
2588	0.45563	0.05344
2589	0.45563	0.05364
2590	0.45609	0.05407
2591	0.45624	0.05433
2592	0.45738	0.05435
2593	0.45738	0.05431
2594	0.45738	0.05444
2595	0.45738	0.05454
2596	0.45738	0.05407
2597	0.45738	0.05382
2598	0.45738	0.05363
2599	0.45738	0.0534
2600	0.45738	0.05331
2601	0.45738	0.05274
2602	0.45738	0.05268
2603	0.45738	0.05279
2604	0.45738	0.05327
2605	0.45736	0.05365
2606	0.45729	0.05348
2607	0.45659	0.05367
2608	0.45627	0.05366
2609	0.45587	0.05385
2610	0.45512	0.05414
2611	0.45396	0.05448
2612	0.45354	0.05443
2613	0.45305	0.05437
2614	0.45305	0.05444
2615	0.45195	0.05439
2616	0.45002	0.05395
2617	0.44894	0.05371
2618	0.44811	0.05346
2619	0.44709	0.05317
2620	0.44584	0.0529
2621	0.44516	0.05209
2622	0.44436	0.05168
2623	0.44435	0.05122
2624	0.44339	0.05163
2625	0.44251	0.05176
2626	0.44203	0.05146
2627	0.44267	0.05169
2628	0.443	0.05177
2629	0.4434	0.05204
2630	0.44456	0.05255
2631	0.44491	0.05315
2632	0.44522	0.05341
2633	0.44522	0.05366
2634	0.44522	0.05393
2635	0.44522	0.05402
2636	0.44522	0.05375
2637	0.44522	0.05368
2638	0.44522	0.0536
2639	0.44522	0.05358
2640	0.44522	0.05334
2641	0.44522	0.05282
2642	0.44522	0.0526
2643	0.44522	0.05223
2644	0.44522	0.05264
2645	0.44479	0.05284
2646	0.444	0.05236
2647	0.44359	0.05254
2648	0.44359	0.05256
2649	0.44359	0.05271
2650	0.44359	0.05321
2651	0.44359	0.05365
2652	0.44359	0.05388
2653	0.44359	0.05401
2654	0.44359	0.0543
2655	0.44359	0.05432
2656	0.44359	0.05401
2657	0.44359	0.05397
2658	0.44354	0.05382
2659	0.44293	0.0537
2660	0.44203	0.05353
2661	0.44115	0.05301
2662	0.44079	0.05245
2663	0.44067	0.05206
2664	0.44006	0.05246
2665	0.44006	0.05264
2666	0.44006	0.05207
2667	0.44006	0.05218
2668	0.43937	0.0522
2669	0.43937	0.05228
2670	0.43863	0.05275
2671	0.43844	0.05314
2672	0.43844	0.05348
2673	0.43796	0.05352
2674	0.43843	0.05377
2675	0.44	0.05396
2676	0.44208	0.05366
2677	0.44312	0.05356
2678	0.4433	0.05354
2679	0.44446	0.05351
2680	0.44536	0.05332
2681	0.44565	0.05298
2682	0.44565	0.05257
2683	0.44565	0.0524
2684	0.44565	0.05283
2685	0.44578	0.05302
2686	0.44663	0.05244
2687	0.44663	0.05246
2688	0.44663	0.05259
2689	0.44663	0.05269
2690	0.44663	0.05313
2691	0.44663	0.05344
2692	0.44663	0.05379
2693	0.44663	0.05379
2694	0.44663	0.05414
2695	0.44663	0.05417
2696	0.44663	0.0539
2697	0.44663	0.05382
2698	0.44663	0.05358
2699	0.44607	0.05362
2700	0.44607	0.05337
2701	0.44607	0.05295
2702	0.44607	0.05242
2703	0.44603	0.05211
2704	0.44562	0.05249
2705	0.44469	0.05252
2706	0.44469	0.05207
2707	0.44406	0.05202
2708	0.44406	0.05213
2709	0.44406	0.05227
2710	0.44406	0.05274
2711	0.44406	0.05307
2712	0.44362	0.05328
2713	0.44362	0.0533
2714	0.44342	0.05356
2715	0.44319	0.05357
2716	0.44268	0.05303
2717	0.44187	0.05323
2718	0.44157	0.05301
2719	0.44133	0.05308
2720	0.44036	0.05276
2721	0.43986	0.05255
2722	0.4405	0.05211
2723	0.44129	0.052
2724	0.44163	0.05271
2725	0.44227	0.05266
2726	0.44227	0.0524
2727	0.44238	0.05251
2728	0.44294	0.05272
2729	0.44294	0.05282
2730	0.4432	0.05331
2731	0.44422	0.05355
2732	0.44462	0.0538
2733	0.44553	0.05385
2734	0.44605	0.05417
2735	0.44654	0.05403
2736	0.44667	0.05346
2737	0.44696	0.0537
2738	0.44696	0.05349
2739	0.44696	0.05348
2740	0.44696	0.05311
2741	0.44696	0.05281
2742	0.44696	0.05223
2743	0.44696	0.052
2744	0.44696	0.05255
2745	0.44696	0.05245
2746	0.44696	0.05205
2747	0.44696	0.05194
2748	0.44696	0.05214
2749	0.44696	0.05215
2750	0.44585	0.05267
2751	0.44499	0.05284
2752	0.44499	0.05301
2753	0.44496	0.05315
2754	0.44432	0.05349
2755	0.44413	0.05332
2756	0.44389	0.05259
2757	0.44381	0.05277
2758	0.44287	0.05253
2759	0.44213	0.05254
2760	0.44158	0.05213
2761	0.44064	0.05205
2762	0.43974	0.05176
2763	0.43801	0.05149
2764	0.43695	0.0523
2765	0.43609	0.05212
2766	0.43785	0.05187
2767	0.43889	0.05187
2768	0.44068	0.0521
2769	0.44277	0.05211
2770	0.44277	0.05264
2771	0.44381	0.05299
2772	0.44437	0.05315
2773	0.44586	0.05339
2774	0.44618	0.05379
2775	0.44666	0.0537
2776	0.44676	0.05317
2777	0.44829	0.05345
2778	0.44864	0.05316
2779	0.44864	0.05331
2780	0.44869	0.0529
2781	0.44894	0.05275
2782	0.44911	0.0523
2783	0.44911	0.05199
2784	0.44911	0.05258
2785	0.44911	0.05237
2786	0.44911	0.05205
2787	0.44911	0.05204
2788	0.44911	0.05225
2789	0.44911	0.0522
2790	0.44911	0.05269
2791	0.44911	0.05304
2792	0.44911	0.05324
2793	0.44911	0.05346
2794	0.44911	0.05389
2795	0.44783	0.05359
2796	0.44674	0.05314
2797	0.44612	0.05343
2798	0.44612	0.05313
2799	0.44526	0.05329
2800	0.44487	0.05273
2801	0.44451	0.05267
2802	0.44451	0.05221
2803	0.44377	0.05184
2804	0.44204	0.05269
2805	0.44024	0.05246
2806	0.4391	0.05214
2807	0.43709	0.05202
2808	0.43573	0.05218
2809	0.43415	0.05203
2810	0.43545	0.05218
2811	0.43668	0.05235
2812	0.43861	0.05239
2813	0.44043	0.05243
2814	0.44152	0.0528
2815	0.44297	0.05255
2816	0.44374	0.05224
2817	0.44409	0.05281
2818	0.4456	0.05266
2819	0.44673	0.05297
2820	0.44693	0.05282
2821	0.44693	0.05288
2822	0.44693	0.05231
2823	0.44696	0.05216
2824	0.44706	0.05304
2825	0.44706	0.05287
2826	0.44706	0.05288
2827	0.44706	0.05294
2828	0.44706	0.05317
2829	0.44706	0.05316
2830	0.44706	0.05329
2831	0.44706	0.05324
2832	0.44706	0.05331
2833	0.44706	0.05312
2834	0.44706	0.05328
2835	0.44706	0.05289
2836	0.44706	0.05244
2837	0.44683	0.05299
2838	0.44596	0.05279
2839	0.44553	0.05305
2840	0.44503	0.05277
2841	0.44428	0.05275
2842	0.44428	0.05208
2843	0.44348	0.05187
2844	0.4431	0.05264
2845	0.44294	0.05244
2846	0.44185	0.05238
2847	0.44096	0.05241
2848	0.43996	0.05264
2849	0.43868	0.05262
2850	0.43737	0.05277
2851	0.43664	0.05276
2852	0.43711	0.05278
2853	0.43776	0.05266
2854	0.43893	0.0527
2855	0.43977	0.05241
2856	0.44072	0.052
2857	0.44072	0.05232
2858	0.44192	0.05213
2859	0.44272	0.05231
2860	0.44287	0.05178
2861	0.44299	0.05189
2862	0.44368	0.05125
2863	0.44368	0.05113
2864	0.44368	0.0521
2865	0.44368	0.05214
2866	0.44368	0.05225
2867	0.44368	0.05245
2868	0.44368	0.05277
2869	0.44368	0.05291
2870	0.44368	0.05304
2871	0.44368	0.05321
2872	0.44368	0.05317
2873	0.44368	0.05304
2874	0.44368	0.05304
2875	0.44339	0.05294
2876	0.44339	0.05253
2877	0.44339	0.05293
2878	0.44339	0.05273
2879	0.44339	0.05296
2880	0.44339	0.05227
2881	0.44339	0.05257
2882	0.4429	0.05194
2883	0.44232	0.05153
2884	0.44139	0.05234
2885	0.44139	0.05226
2886	0.44119	0.05241
2887	0.44119	0.05264
2888	0.43971	0.05276
2889	0.43919	0.05278
2890	0.43789	0.0529
2891	0.43734	0.05294
2892	0.43629	0.05287
2893	0.43629	0.0528
2894	0.43557	0.05265
2895	0.43459	0.0526
2896	0.43366	0.0522
2897	0.4326	0.05257
2898	0.4326	0.05241
2899	0.4326	0.05251
2900	0.43263	0.05176
2901	0.43302	0.05202
2902	0.43472	0.05128
2903	0.43499	0.05078
2904	0.4357	0.05143
2905	0.4357	0.05122
2906	0.4357	0.05126
2907	0.4357	0.0514
2908	0.4357	0.0514
2909	0.4357	0.05176
2910	0.4357	0.05212
2911	0.4357	0.05244
2912	0.4357	0.05272
2913	0.4357	0.05281
2914	0.4357	0.05283
2915	0.4357	0.05294
2916	0.4357	0.05253
2917	0.43633	0.05298
2918	0.43671	0.05295
2919	0.43715	0.05296
2920	0.43792	0.05249
2921	0.43877	0.05284
2922	0.43945	0.05232
2923	0.43945	0.05194
2924	0.43984	0.05255
2925	0.44171	0.05228
2926	0.44198	0.05227
2927	0.44255	0.0521
2928	0.44414	0.05197
2929	0.44467	0.05226
2930	0.44537	0.05235
2931	0.44658	0.05259
2932	0.44658	0.05263
2933	0.44658	0.05269
2934	0.44684	0.05254
2935	0.44689	0.05261
2936	0.44822	0.05207
2937	0.44889	0.05257
2938	0.44889	0.05247
2939	0.44889	0.05246
2940	0.44889	0.05191
2941	0.45029	0.05214
2942	0.45029	0.05142
2943	0.45029	0.05104
2944	0.45029	0.05151
2945	0.45029	0.05144
2946	0.45029	0.05119
2947	0.45029	0.05091
2948	0.45029	0.05079
2949	0.45029	0.05112
2950	0.45029	0.05118
2951	0.45029	0.0514
2952	0.45029	0.05161
2953	0.45029	0.05174
2954	0.44997	0.05187
2955	0.44964	0.05193
2956	0.4484	0.05191
2957	0.44748	0.05256
2958	0.44677	0.0527
2959	0.44489	0.05288
2960	0.44288	0.05239
2961	0.44207	0.05274
2962	0.44003	0.05223
2963	0.43863	0.05194
2964	0.43717	0.05246
2965	0.4362	0.05239
2966	0.43465	0.05214
2967	0.43517	0.05187
2968	0.43518	0.05177
2969	0.43647	0.05199
2970	0.43749	0.05203
2971	0.43788	0.05204
2972	0.43927	0.05214
2973	0.43945	0.05219
2974	0.43958	0.05221
2975	0.43961	0.05205
2976	0.44034	0.05201
2977	0.44094	0.05239
2978	0.44121	0.05241
2979	0.44166	0.05251
2980	0.44175	0.05193
2981	0.44175	0.05218
2982	0.44175	0.05152
2983	0.44175	0.05103
2984	0.44175	0.05154
2985	0.44175	0.05134
2986	0.44175	0.0511
2987	0.44175	0.05085
2988	0.44175	0.05063
2989	0.44175	0.05093
2990	0.44175	0.05111
2991	0.44175	0.05119
2992	0.44175	0.0515
2993	0.44175	0.05159
2994	0.44175	0.05171
2995	0.44167	0.0516
2996	0.44149	0.05157
2997	0.4393	0.05199
2998	0.43595	0.05195
2999		0.05216
		
