#t	--	--
0	0.9999	1E-4
1	0.9999	1E-4
2	0.9999	1E-4
3	0.9998	2E-4
4	0.9998	2E-4
5	0.9998	2E-4
6	0.9997	3E-4
7	0.9997	3E-4
8	0.9997	3E-4
9	0.9997	3E-4
10	0.9996	4E-4
11	0.9996	4E-4
12	0.9996	4E-4
13	0.9994	6E-4
14	0.9992	8E-4
15	0.9991	9E-4
16	0.9988	0.0012
17	0.9983	0.0017
18	0.9978	0.0022
19	0.9974	0.0026
20	0.997	0.003
21	0.9967	0.0033
22	0.9962	0.0038
23	0.9961	0.0039
24	0.9959	0.0041
25	0.9957	0.0043
26	0.9956	0.0044
27	0.9951	0.0049
28	0.9944	0.0056
29	0.9942	0.0058
30	0.9938	0.0062
31	0.9932	0.0068
32	0.9924	0.0076
33	0.9914	0.0086
34	0.9909	0.0091
35	0.9908	0.0092
36	0.9902	0.0098
37	0.9889	0.0111
38	0.9877	0.0123
39	0.987	0.013
40	0.9859	0.0141
41	0.9849	0.0151
42	0.9842	0.0158
43	0.9835	0.0165
44	0.983	0.017
45	0.9827	0.0173
46	0.982	0.018
47	0.9815	0.0185
48	0.9809	0.0191
49	0.9794	0.0206
50	0.9789	0.0211
51	0.9779	0.0221
52	0.9763	0.0237
53	0.9755	0.0245
54	0.9746	0.0254
55	0.9739	0.0261
56	0.9728	0.0272
57	0.9718	0.0282
58	0.9706	0.0294
59	0.9696	0.0304
60	0.9684	0.0316
61	0.9666	0.0334
62	0.9656	0.0344
63	0.9647	0.0353
64	0.9637	0.0363
65	0.9633	0.0367
66	0.9621	0.0379
67	0.9613	0.0387
68	0.9607	0.0393
69	0.9588	0.0412
70	0.9576	0.0424
71	0.9562	0.0438
72	0.9555	0.0445
73	0.9546	0.0454
74	0.9537	0.0463
75	0.953	0.047
76	0.952	0.048
77	0.9507	0.0493
78	0.9496	0.0504
79	0.9485	0.0515
80	0.9473	0.0527
81	0.9466	0.0534
82	0.9459	0.0541
83	0.9454	0.0546
84	0.9446	0.0554
85	0.9441	0.0559
86	0.9432	0.0568
87	0.9426	0.0574
88	0.9418	0.0582
89	0.9413	0.0587
90	0.9407	0.0593
91	0.9402	0.0598
92	0.9389	0.0611
93	0.9379	0.0621
94	0.937	0.063
95	0.9366	0.0634
96	0.9362	0.0638
97	0.9345	0.0655
98	0.9333	0.0667
99	0.9328	0.0672
100	0.9319	0.0681
101	0.9315	0.0685
102	0.9302	0.0698
103	0.9295	0.0705
104	0.9282	0.0718
105	0.9275	0.0725
106	0.9264	0.0736
107	0.9256	0.0744
108	0.9243	0.0757
109	0.924	0.076
110	0.9234	0.0766
111	0.9224	0.0776
112	0.9221	0.0779
113	0.9216	0.0784
114	0.9199	0.0801
115	0.9195	0.0805
116	0.9185	0.0815
117	0.917	0.083
118	0.9153	0.0847
119	0.9144	0.0856
120	0.9132	0.0868
121	0.9124	0.0876
122	0.9116	0.0884
123	0.9112	0.0888
124	0.9103	0.0897
125	0.9092	0.0908
126	0.9084	0.0916
127	0.9073	0.0927
128	0.9064	0.0936
129	0.9053	0.0947
130	0.9044	0.0956
131	0.904	0.096
132	0.9024	0.0976
133	0.9008	0.0992
134	0.9	0.1
135	0.8996	0.1004
136	0.899	0.101
137	0.8984	0.1016
138	0.8963	0.1037
139	0.8939	0.1061
140	0.8925	0.1075
141	0.8915	0.1085
142	0.8913	0.1087
143	0.8908	0.1092
144	0.8897	0.1103
145	0.889	0.111
146	0.8879	0.1121
147	0.8861	0.1139
148	0.8841	0.1159
149	0.8827	0.1173
150	0.8816	0.1184
151	0.8814	0.1186
152	0.8809	0.1191
153	0.8795	0.1205
154	0.8783	0.1217
155	0.8779	0.1221
156	0.8772	0.1228
157	0.8763	0.1237
158	0.8747	0.1253
159	0.8737	0.1263
160	0.8721	0.1279
161	0.8712	0.1288
162	0.8705	0.1295
163	0.8693	0.1307
164	0.8684	0.1316
165	0.8661	0.1339
166	0.8636	0.1364
167	0.8624	0.1376
168	0.8613	0.1387
169	0.8603	0.1397
170	0.8592	0.1408
171	0.8578	0.1422
172	0.8569	0.1431
173	0.8557	0.1443
174	0.8554	0.1446
175	0.855	0.145
176	0.8534	0.1466
177	0.8524	0.1476
178	0.8519	0.1481
179	0.8507	0.1493
180	0.8495	0.1505
181	0.8491	0.1509
182	0.8486	0.1514
183	0.8473	0.1527
184	0.8465	0.1535
185	0.8457	0.1543
186	0.8443	0.1557
187	0.8428	0.1572
188	0.8422	0.1578
189	0.8418	0.1582
190	0.8411	0.1589
191	0.8399	0.1601
192	0.8399	0.1601
193	0.8389	0.1611
194	0.8374	0.1626
195	0.8366	0.1634
196	0.8353	0.1647
197	0.8345	0.1655
198	0.8339	0.1661
199	0.8325	0.1675
200	0.8314	0.1686
201	0.8303	0.1697
202	0.8292	0.1708
203	0.8288	0.1712
204	0.8285	0.1715
205	0.8283	0.1717
206	0.8276	0.1724
207	0.8271	0.1729
208	0.8264	0.1736
209	0.8251	0.1749
210	0.8245	0.1755
211	0.8235	0.1765
212	0.8231	0.1769
213	0.8219	0.1781
214	0.821	0.179
215	0.8194	0.1806
216	0.8189	0.1811
217	0.8184	0.1816
218	0.8176	0.1824
219	0.817	0.183
220	0.8158	0.1842
221	0.8156	0.1844
222	0.8146	0.1854
223	0.8135	0.1865
224	0.8128	0.1872
225	0.8123	0.1877
226	0.8117	0.1883
227	0.8114	0.1886
228	0.8107	0.1893
229	0.8099	0.1901
230	0.8092	0.1908
231	0.808	0.192
232	0.808	0.192
233	0.8066	0.1934
234	0.8053	0.1947
235	0.8045	0.1955
236	0.8041	0.1959
237	0.8036	0.1964
238	0.8032	0.1968
239	0.8021	0.1979
240	0.8007	0.1993
241	0.8	0.2
242	0.7991	0.2009
243	0.7983	0.2017
244	0.798	0.202
245	0.7966	0.2034
246	0.7956	0.2044
247	0.7948	0.2052
248	0.7942	0.2058
249	0.7928	0.2072
250	0.7915	0.2085
251	0.7906	0.2094
252	0.7896	0.2104
253	0.7886	0.2114
254	0.7881	0.2119
255	0.7873	0.2127
256	0.7868	0.2132
257	0.7862	0.2138
258	0.7856	0.2144
259	0.7848	0.2152
260	0.7844	0.2156
261	0.7841	0.2159
262	0.7836	0.2164
263	0.7824	0.2176
264	0.7819	0.2181
265	0.7818	0.2182
266	0.781	0.219
267	0.78	0.22
268	0.7794	0.2206
269	0.7787	0.2213
270	0.778	0.222
271	0.7774	0.2226
272	0.7766	0.2234
273	0.776	0.224
274	0.7753	0.2247
275	0.775	0.225
276	0.7743	0.2257
277	0.7737	0.2263
278	0.7728	0.2272
279	0.7718	0.2282
280	0.7709	0.2291
281	0.7705	0.2295
282	0.7698	0.2302
283	0.7697	0.2303
284	0.7687	0.2313
285	0.7683	0.2317
286	0.7678	0.2322
287	0.7672	0.2328
288	0.7658	0.2342
289	0.7657	0.2343
290	0.7653	0.2347
291	0.7644	0.2356
292	0.7636	0.2364
293	0.7632	0.2368
294	0.7624	0.2376
295	0.762	0.238
296	0.7608	0.2392
297	0.7608	0.2392
298	0.7603	0.2397
299	0.7595	0.2405
300	0.7587	0.2413
301	0.7583	0.2417
302	0.7579	0.2421
303	0.7577	0.2423
304	0.7571	0.2429
305	0.7565	0.2435
306	0.7564	0.2436
307	0.7553	0.2447
308	0.7546	0.2454
309	0.7545	0.2455
310	0.754	0.246
311	0.754	0.246
312	0.7527	0.2473
313	0.7515	0.2485
314	0.7509	0.2491
315	0.7506	0.2494
316	0.7496	0.2504
317	0.7487	0.2513
318	0.7474	0.2526
319	0.7471	0.2529
320	0.7466	0.2534
321	0.7459	0.2541
322	0.7455	0.2545
323	0.7447	0.2553
324	0.7446	0.2554
325	0.7437	0.2563
326	0.7431	0.2569
327	0.7428	0.2572
328	0.7415	0.2585
329	0.7411	0.2589
330	0.7402	0.2598
331	0.7388	0.2612
332	0.7379	0.2621
333	0.7377	0.2623
334	0.7375	0.2625
335	0.7364	0.2636
336	0.7355	0.2645
337	0.7351	0.2649
338	0.7343	0.2657
339	0.7337	0.2663
340	0.7331	0.2669
341	0.7325	0.2675
342	0.732	0.268
343	0.7309	0.2691
344	0.7304	0.2696
345	0.7299	0.2701
346	0.7288	0.2712
347	0.7284	0.2716
348	0.7277	0.2723
349	0.7273	0.2727
350	0.7268	0.2732
351	0.7268	0.2732
352	0.7268	0.2732
353	0.7267	0.2733
354	0.7249	0.2751
355	0.724	0.276
356	0.7231	0.2769
357	0.7225	0.2775
358	0.7222	0.2778
359	0.7213	0.2787
360	0.7211	0.2789
361	0.7207	0.2793
362	0.7201	0.2799
363	0.7199	0.2801
364	0.719	0.281
365	0.7182	0.2818
366	0.7178	0.2822
367	0.7178	0.2822
368	0.7171	0.2829
369	0.7159	0.2841
370	0.7153	0.2847
371	0.7147	0.2853
372	0.714	0.286
373	0.7132	0.2868
374	0.7124	0.2876
375	0.712	0.288
376	0.7108	0.2892
377	0.7106	0.2894
378	0.7098	0.2902
379	0.7094	0.2906
380	0.7078	0.2922
381	0.7063	0.2937
382	0.7056	0.2944
383	0.7055	0.2945
384	0.7055	0.2945
385	0.7051	0.2949
386	0.7044	0.2956
387	0.7033	0.2967
388	0.7031	0.2969
389	0.7023	0.2977
390	0.702	0.298
391	0.7015	0.2985
392	0.7013	0.2987
393	0.6998	0.3002
394	0.6991	0.3009
395	0.6984	0.3016
396	0.6971	0.3029
397	0.6955	0.3045
398	0.6944	0.3056
399	0.6938	0.3062
400	0.6929	0.3071
401	0.692	0.308
402	0.6911	0.3089
403	0.6908	0.3092
404	0.6902	0.3098
405	0.6901	0.3099
406	0.69	0.31
407	0.6893	0.3107
408	0.6888	0.3112
409	0.6884	0.3116
410	0.6882	0.3118
411	0.6879	0.3121
412	0.6866	0.3134
413	0.6864	0.3136
414	0.6861	0.3139
415	0.6858	0.3142
416	0.6849	0.3151
417	0.6836	0.3164
418	0.6821	0.3179
419	0.6807	0.3193
420	0.6793	0.3207
421	0.6787	0.3213
422	0.6782	0.3218
423	0.6775	0.3225
424	0.6771	0.3229
425	0.6766	0.3234
426	0.676	0.324
427	0.6755	0.3245
428	0.6746	0.3254
429	0.6741	0.3259
430	0.6741	0.3259
431	0.6736	0.3264
432	0.6731	0.3269
433	0.6726	0.3274
434	0.6717	0.3283
435	0.6711	0.3289
436	0.6702	0.3298
437	0.6696	0.3304
438	0.669	0.331
439	0.6681	0.3319
440	0.6676	0.3324
441	0.6665	0.3335
442	0.6662	0.3338
443	0.6662	0.3338
444	0.6659	0.3341
445	0.6655	0.3345
446	0.6654	0.3346
447	0.6652	0.3348
448	0.6648	0.3352
449	0.6646	0.3354
450	0.6637	0.3363
451	0.6632	0.3368
452	0.6628	0.3372
453	0.6618	0.3382
454	0.6614	0.3386
455	0.6611	0.3389
456	0.6605	0.3395
457	0.6601	0.3399
458	0.6592	0.3408
459	0.6581	0.3419
460	0.6579	0.3421
461	0.6575	0.3425
462	0.6575	0.3425
463	0.6572	0.3428
464	0.6569	0.3431
465	0.6566	0.3434
466	0.6564	0.3436
467	0.656	0.344
468	0.6559	0.3441
469	0.6557	0.3443
470	0.6554	0.3446
471	0.6554	0.3446
472	0.6552	0.3448
473	0.6546	0.3454
474	0.6533	0.3467
475	0.6532	0.3468
476	0.6527	0.3473
477	0.6519	0.3481
478	0.6499	0.3501
479	0.6489	0.3511
480	0.6489	0.3511
481	0.6484	0.3516
482	0.6475	0.3525
483	0.6472	0.3528
484	0.6472	0.3528
485	0.6473	0.3527
486	0.6472	0.3528
487	0.6471	0.3529
488	0.6464	0.3536
489	0.6463	0.3537
490	0.6464	0.3536
491	0.6459	0.3541
492	0.6456	0.3544
493	0.6459	0.3541
494	0.6451	0.3549
495	0.6449	0.3551
496	0.6445	0.3555
497	0.6443	0.3557
498	0.6424	0.3576
499	0.642	0.358
500	0.6417	0.3583
501	0.6411	0.3589
502	0.6408	0.3592
503	0.6403	0.3597
504	0.6394	0.3606
505	0.6394	0.3606
506	0.6388	0.3612
507	0.6388	0.3612
508	0.6387	0.3613
509	0.6384	0.3616
510	0.638	0.362
511	0.6375	0.3625
512	0.6371	0.3629
513	0.6368	0.3632
514	0.6367	0.3633
515	0.6361	0.3639
516	0.6358	0.3642
517	0.6354	0.3646
518	0.6338	0.3662
519	0.6333	0.3667
520	0.6319	0.3681
521	0.6313	0.3687
522	0.631	0.369
523	0.6308	0.3692
524	0.6302	0.3698
525	0.6298	0.3702
526	0.6297	0.3703
527	0.6292	0.3708
528	0.6287	0.3713
529	0.6279	0.3721
530	0.6275	0.3725
531	0.6272	0.3728
532	0.6267	0.3733
533	0.6265	0.3735
534	0.6263	0.3737
535	0.6261	0.3739
536	0.6249	0.3751
537	0.625	0.375
538	0.6238	0.3762
539	0.6226	0.3774
540	0.6228	0.3772
541	0.6217	0.3783
542	0.6214	0.3786
543	0.6216	0.3784
544	0.6213	0.3787
545	0.6213	0.3787
546	0.6209	0.3791
547	0.6205	0.3795
548	0.62	0.38
549	0.6196	0.3804
550	0.6196	0.3804
551	0.6189	0.3811
552	0.6187	0.3813
553	0.6186	0.3814
554	0.6183	0.3817
555	0.6178	0.3822
556	0.6171	0.3829
557	0.6165	0.3835
558	0.6158	0.3842
559	0.6156	0.3844
560	0.615	0.385
561	0.615	0.385
562	0.6144	0.3856
563	0.6141	0.3859
564	0.6141	0.3859
565	0.6135	0.3865
566	0.6128	0.3872
567	0.6126	0.3874
568	0.6124	0.3876
569	0.6118	0.3882
570	0.6113	0.3887
571	0.6106	0.3894
572	0.6105	0.3895
573	0.6109	0.3891
574	0.6104	0.3896
575	0.6106	0.3894
576	0.6102	0.3898
577	0.6106	0.3894
578	0.6096	0.3904
579	0.609	0.391
580	0.6085	0.3915
581	0.6077	0.3923
582	0.6077	0.3923
583	0.6074	0.3926
584	0.607	0.393
585	0.6071	0.3929
586	0.6069	0.3931
587	0.6064	0.3936
588	0.6062	0.3938
589	0.6061	0.3939
590	0.6061	0.3939
591	0.6061	0.3939
592	0.6057	0.3943
593	0.6055	0.3945
594	0.605	0.395
595	0.605	0.395
596	0.604	0.396
597	0.6037	0.3963
598	0.6023	0.3977
599	0.6012	0.3988
600	0.6007	0.3993
601	0.6002	0.3998
602	0.6	0.4
603	0.5995	0.4005
604	0.5993	0.4007
605	0.5993	0.4007
606	0.5995	0.4005
607	0.5991	0.4009
608	0.5992	0.4008
609	0.5989	0.4011
610	0.5987	0.4013
611	0.5978	0.4022
612	0.5974	0.4026
613	0.5971	0.4029
614	0.5968	0.4032
615	0.5968	0.4032
616	0.5959	0.4041
617	0.5957	0.4043
618	0.5947	0.4053
619	0.594	0.406
620	0.5931	0.4069
621	0.593	0.407
622	0.5929	0.4071
623	0.5929	0.4071
624	0.5926	0.4074
625	0.5927	0.4073
626	0.5925	0.4075
627	0.5922	0.4078
628	0.5923	0.4077
629	0.5923	0.4077
630	0.5924	0.4076
631	0.5927	0.4073
632	0.5926	0.4074
633	0.5928	0.4072
634	0.5924	0.4076
635	0.5919	0.4081
636	0.5912	0.4088
637	0.5907	0.4093
638	0.5887	0.4113
639	0.5883	0.4117
640	0.5876	0.4124
641	0.587	0.413
642	0.5866	0.4134
643	0.5868	0.4132
644	0.5863	0.4137
645	0.5864	0.4136
646	0.5863	0.4137
647	0.5862	0.4138
648	0.5862	0.4138
649	0.5862	0.4138
650	0.5855	0.4145
651	0.5851	0.4149
652	0.5851	0.4149
653	0.5842	0.4158
654	0.5841	0.4159
655	0.5838	0.4162
656	0.5834	0.4166
657	0.5831	0.4169
658	0.5821	0.4179
659	0.5811	0.4189
660	0.5805	0.4195
661	0.58	0.42
662	0.5799	0.4201
663	0.5796	0.4204
664	0.58	0.42
665	0.5801	0.4199
666	0.5796	0.4204
667	0.5794	0.4206
668	0.5792	0.4208
669	0.5787	0.4213
670	0.5784	0.4216
671	0.5778	0.4222
672	0.5777	0.4223
673	0.5771	0.4229
674	0.5763	0.4237
675	0.5756	0.4244
676	0.5752	0.4248
677	0.5747	0.4253
678	0.5735	0.4265
679	0.5733	0.4267
680	0.5734	0.4266
681	0.5732	0.4268
682	0.5729	0.4271
683	0.5732	0.4268
684	0.5739	0.4261
685	0.5739	0.4261
686	0.5737	0.4263
687	0.5735	0.4265
688	0.5735	0.4265
689	0.5732	0.4268
690	0.5731	0.4269
691	0.573	0.427
692	0.5726	0.4274
693	0.5724	0.4276
694	0.5722	0.4278
695	0.572	0.428
696	0.5717	0.4283
697	0.5714	0.4286
698	0.5703	0.4297
699	0.5695	0.4305
700	0.5692	0.4308
701	0.5691	0.4309
702	0.5682	0.4318
703	0.5673	0.4327
704	0.5668	0.4332
705	0.5665	0.4335
706	0.5664	0.4336
707	0.5661	0.4339
708	0.5656	0.4344
709	0.5653	0.4347
710	0.565	0.435
711	0.5647	0.4353
712	0.5641	0.4359
713	0.5639	0.4361
714	0.5637	0.4363
715	0.5635	0.4365
716	0.563	0.437
717	0.563	0.437
718	0.5625	0.4375
719	0.5622	0.4378
720	0.5621	0.4379
721	0.5616	0.4384
722	0.5612	0.4388
723	0.5609	0.4391
724	0.5608	0.4392
725	0.5605	0.4395
726	0.5607	0.4393
727	0.5606	0.4394
728	0.5604	0.4396
729	0.5606	0.4394
730	0.5602	0.4398
731	0.5602	0.4398
732	0.5602	0.4398
733	0.5599	0.4401
734	0.5598	0.4402
735	0.5596	0.4404
736	0.559	0.441
737	0.5587	0.4413
738	0.5575	0.4425
739	0.5571	0.4429
740	0.5567	0.4433
741	0.5562	0.4438
742	0.5559	0.4441
743	0.5555	0.4445
744	0.5552	0.4448
745	0.555	0.445
746	0.5544	0.4456
747	0.5542	0.4458
748	0.5537	0.4463
749	0.5542	0.4458
750	0.5538	0.4462
751	0.5538	0.4462
752	0.5536	0.4464
753	0.5535	0.4465
754	0.5533	0.4467
755	0.5529	0.4471
756	0.5527	0.4473
757	0.5522	0.4478
758	0.5512	0.4488
759	0.5505	0.4495
760	0.5497	0.4503
761	0.5491	0.4509
762	0.5487	0.4513
763	0.548	0.452
764	0.5479	0.4521
765	0.5475	0.4525
766	0.5472	0.4528
767	0.5467	0.4533
768	0.5462	0.4538
769	0.5464	0.4536
770	0.5464	0.4536
771	0.5468	0.4532
772	0.5465	0.4535
773	0.546	0.454
774	0.5464	0.4536
775	0.5465	0.4535
776	0.5459	0.4541
777	0.5455	0.4545
778	0.5455	0.4545
779	0.5449	0.4551
780	0.5447	0.4553
781	0.5447	0.4553
782	0.5446	0.4554
783	0.5443	0.4557
784	0.5443	0.4557
785	0.5442	0.4558
786	0.5439	0.4561
787	0.544	0.456
788	0.544	0.456
789	0.5439	0.4561
790	0.5442	0.4558
791	0.5442	0.4558
792	0.5441	0.4559
793	0.5438	0.4562
794	0.5432	0.4568
795	0.5428	0.4572
796	0.5422	0.4578
797	0.5423	0.4577
798	0.5414	0.4586
799	0.5409	0.4591
800	0.5409	0.4591
801	0.5402	0.4598
802	0.5398	0.4602
803	0.5393	0.4607
804	0.5393	0.4607
805	0.5393	0.4607
806	0.5391	0.4609
807	0.539	0.461
808	0.5392	0.4608
809	0.5392	0.4608
810	0.5388	0.4612
811	0.5387	0.4613
812	0.5383	0.4617
813	0.5375	0.4625
814	0.5379	0.4621
815	0.5384	0.4616
816	0.5378	0.4622
817	0.5381	0.4619
818	0.5371	0.4629
819	0.5368	0.4632
820	0.5363	0.4637
821	0.5359	0.4641
822	0.5359	0.4641
823	0.5361	0.4639
824	0.5364	0.4636
825	0.536	0.464
826	0.5359	0.4641
827	0.5359	0.4641
828	0.5355	0.4645
829	0.536	0.464
830	0.5355	0.4645
831	0.5357	0.4643
832	0.5355	0.4645
833	0.5355	0.4645
834	0.5349	0.4651
835	0.535	0.465
836	0.5347	0.4653
837	0.5345	0.4655
838	0.5341	0.4659
839	0.5339	0.4661
840	0.5333	0.4667
841	0.5328	0.4672
842	0.5324	0.4676
843	0.5324	0.4676
844	0.5322	0.4678
845	0.5325	0.4675
846	0.5325	0.4675
847	0.5323	0.4677
848	0.5327	0.4673
849	0.5322	0.4678
850	0.532	0.468
851	0.5319	0.4681
852	0.5324	0.4676
853	0.5322	0.4678
854	0.5322	0.4678
855	0.5319	0.4681
856	0.5315	0.4685
857	0.5317	0.4683
858	0.5315	0.4685
859	0.5307	0.4693
860	0.5306	0.4694
861	0.5306	0.4694
862	0.5307	0.4693
863	0.531	0.469
864	0.531	0.469
865	0.5308	0.4692
866	0.5307	0.4693
867	0.5307	0.4693
868	0.5306	0.4694
869	0.5313	0.4687
870	0.531	0.469
871	0.5308	0.4692
872	0.5306	0.4694
873	0.5305	0.4695
874	0.5305	0.4695
875	0.5302	0.4698
876	0.5298	0.4702
877	0.5296	0.4704
878	0.5292	0.4708
879	0.5289	0.4711
880	0.5288	0.4712
881	0.5292	0.4708
882	0.5288	0.4712
883	0.529	0.471
884	0.5291	0.4709
885	0.5294	0.4706
886	0.5299	0.4701
887	0.5298	0.4702
888	0.5296	0.4704
889	0.5295	0.4705
890	0.529	0.471
891	0.5288	0.4712
892	0.529	0.471
893	0.5289	0.4711
894	0.5289	0.4711
895	0.5288	0.4712
896	0.5284	0.4716
897	0.5282	0.4718
898	0.5278	0.4722
899	0.527	0.473
900	0.5267	0.4733
901	0.5267	0.4733
902	0.5262	0.4738
903	0.5262	0.4738
904	0.5266	0.4734
905	0.527	0.473
906	0.5271	0.4729
907	0.527	0.473
908	0.5272	0.4728
909	0.5272	0.4728
910	0.5272	0.4728
911	0.5267	0.4733
912	0.5268	0.4732
913	0.5263	0.4737
914	0.5259	0.4741
915	0.5261	0.4739
916	0.5261	0.4739
917	0.5265	0.4735
918	0.5255	0.4745
919	0.525	0.475
920	0.5248	0.4752
921	0.5246	0.4754
922	0.5245	0.4755
923	0.5245	0.4755
924	0.5248	0.4752
925	0.5251	0.4749
926	0.5259	0.4741
927	0.5257	0.4743
928	0.5257	0.4743
929	0.5256	0.4744
930	0.5259	0.4741
931	0.5257	0.4743
932	0.5258	0.4742
933	0.5256	0.4744
934	0.5254	0.4746
935	0.5252	0.4748
936	0.5248	0.4752
937	0.5253	0.4747
938	0.525	0.475
939	0.5254	0.4746
940	0.5246	0.4754
941	0.5244	0.4756
942	0.5253	0.4747
943	0.5251	0.4749
944	0.5252	0.4748
945	0.5252	0.4748
946	0.5255	0.4745
947	0.5251	0.4749
948	0.5247	0.4753
949	0.5245	0.4755
950	0.5243	0.4757
951	0.5245	0.4755
952	0.5245	0.4755
953	0.5248	0.4752
954	0.5248	0.4752
955	0.525	0.475
956	0.5247	0.4753
957	0.5242	0.4758
958	0.5234	0.4766
959	0.5232	0.4768
960	0.5229	0.4771
961	0.5228	0.4772
962	0.5229	0.4771
963	0.5229	0.4771
964	0.5229	0.4771
965	0.5231	0.4769
966	0.523	0.477
967	0.5231	0.4769
968	0.5227	0.4773
969	0.5223	0.4777
970	0.5218	0.4782
971	0.5221	0.4779
972	0.522	0.478
973	0.5218	0.4782
974	0.5217	0.4783
975	0.5214	0.4786
976	0.5216	0.4784
977	0.5213	0.4787
978	0.5209	0.4791
979	0.5208	0.4792
980	0.5205	0.4795
981	0.5201	0.4799
982	0.5199	0.4801
983	0.5201	0.4799
984	0.5201	0.4799
985	0.52	0.48
986	0.5201	0.4799
987	0.5197	0.4803
988	0.5197	0.4803
989	0.5201	0.4799
990	0.5194	0.4806
991	0.5193	0.4807
992	0.5198	0.4802
993	0.5193	0.4807
994	0.519	0.481
995	0.5185	0.4815
996	0.5185	0.4815
997	0.5184	0.4816
998	0.5179	0.4821
999	0.5177	0.4823
1000	0.5174	0.4826
1001	0.5175	0.4825
1002	0.5176	0.4824
1003	0.5174	0.4826
1004	0.5172	0.4828
1005	0.5174	0.4826
1006	0.5171	0.4829
1007	0.5167	0.4833
1008	0.5157	0.4843
1009	0.5161	0.4839
1010	0.516	0.484
1011	0.5156	0.4844
1012	0.5159	0.4841
1013	0.5153	0.4847
1014	0.5153	0.4847
1015	0.5155	0.4845
1016	0.516	0.484
1017	0.5164	0.4836
1018	0.5158	0.4842
1019	0.5157	0.4843
1020	0.5154	0.4846
1021	0.5148	0.4852
1022	0.5146	0.4854
1023	0.5146	0.4854
1024	0.5144	0.4856
1025	0.5141	0.4859
1026	0.5139	0.4861
1027	0.5139	0.4861
1028	0.5135	0.4865
1029	0.5134	0.4866
1030	0.5129	0.4871
1031	0.5127	0.4873
1032	0.5125	0.4875
1033	0.5125	0.4875
1034	0.5131	0.4869
1035	0.5131	0.4869
1036	0.5128	0.4872
1037	0.5126	0.4874
1038	0.5131	0.4869
1039	0.5134	0.4866
1040	0.514	0.486
1041	0.514	0.486
1042	0.5139	0.4861
1043	0.5135	0.4865
1044	0.5134	0.4866
1045	0.5135	0.4865
1046	0.5132	0.4868
1047	0.513	0.487
1048	0.5124	0.4876
1049	0.5122	0.4878
1050	0.512	0.488
1051	0.5122	0.4878
1052	0.5127	0.4873
1053	0.5127	0.4873
1054	0.5127	0.4873
1055	0.5128	0.4872
1056	0.5128	0.4872
1057	0.5128	0.4872
1058	0.513	0.487
1059	0.5129	0.4871
1060	0.5129	0.4871
1061	0.5129	0.4871
1062	0.5129	0.4871
1063	0.5127	0.4873
1064	0.5126	0.4874
1065	0.5126	0.4874
1066	0.5123	0.4877
1067	0.512	0.488
1068	0.5119	0.4881
1069	0.5116	0.4884
1070	0.5112	0.4888
1071	0.5114	0.4886
1072	0.511	0.489
1073	0.5114	0.4886
1074	0.5116	0.4884
1075	0.5117	0.4883
1076	0.5123	0.4877
1077	0.5123	0.4877
1078	0.5122	0.4878
1079	0.5123	0.4877
1080	0.512	0.488
1081	0.5117	0.4883
1082	0.5118	0.4882
1083	0.512	0.488
1084	0.5121	0.4879
1085	0.5125	0.4875
1086	0.5129	0.4871
1087	0.5122	0.4878
1088	0.5117	0.4883
1089	0.5114	0.4886
1090	0.5109	0.4891
1091	0.5102	0.4898
1092	0.5102	0.4898
1093	0.5099	0.4901
1094	0.5099	0.4901
1095	0.5099	0.4901
1096	0.5106	0.4894
1097	0.5103	0.4897
1098	0.5104	0.4896
1099	0.5102	0.4898
1100	0.5101	0.4899
1101	0.5096	0.4904
1102	0.5092	0.4908
1103	0.5092	0.4908
1104	0.5089	0.4911
1105	0.509	0.491
1106	0.5085	0.4915
1107	0.5084	0.4916
1108	0.5084	0.4916
1109	0.508	0.492
1110	0.5079	0.4921
1111	0.5082	0.4918
1112	0.5081	0.4919
1113	0.508	0.492
1114	0.5078	0.4922
1115	0.5083	0.4917
1116	0.5082	0.4918
1117	0.5083	0.4917
1118	0.508	0.492
1119	0.5082	0.4918
1120	0.5082	0.4918
1121	0.5081	0.4919
1122	0.5083	0.4917
1123	0.5083	0.4917
1124	0.5085	0.4915
1125	0.5085	0.4915
1126	0.5083	0.4917
1127	0.508	0.492
1128	0.5075	0.4925
1129	0.5071	0.4929
1130	0.5072	0.4928
1131	0.5077	0.4923
1132	0.5083	0.4917
1133	0.5087	0.4913
1134	0.5087	0.4913
1135	0.5094	0.4906
1136	0.5098	0.4902
1137	0.51	0.49
1138	0.5099	0.4901
1139	0.5102	0.4898
1140	0.5099	0.4901
1141	0.5099	0.4901
1142	0.5098	0.4902
1143	0.5094	0.4906
1144	0.5094	0.4906
1145	0.5096	0.4904
1146	0.5089	0.4911
1147	0.5086	0.4914
1148	0.5082	0.4918
1149	0.5077	0.4923
1150	0.5078	0.4922
1151	0.5082	0.4918
1152	0.5084	0.4916
1153	0.5086	0.4914
1154	0.5087	0.4913
1155	0.5088	0.4912
1156	0.5096	0.4904
1157	0.5096	0.4904
1158	0.5093	0.4907
1159	0.5092	0.4908
1160	0.5091	0.4909
1161	0.509	0.491
1162	0.5088	0.4912
1163	0.5089	0.4911
1164	0.5089	0.4911
1165	0.5091	0.4909
1166	0.5092	0.4908
1167	0.5091	0.4909
1168	0.5084	0.4916
1169	0.5084	0.4916
1170	0.5086	0.4914
1171	0.5088	0.4912
1172	0.5086	0.4914
1173	0.5085	0.4915
1174	0.5089	0.4911
1175	0.5095	0.4905
1176	0.5097	0.4903
1177	0.51	0.49
1178	0.5096	0.4904
1179	0.5097	0.4903
1180	0.51	0.49
1181	0.5098	0.4902
1182	0.5094	0.4906
1183	0.5096	0.4904
1184	0.5096	0.4904
1185	0.5097	0.4903
1186	0.5092	0.4908
1187	0.5092	0.4908
1188	0.5085	0.4915
1189	0.5084	0.4916
1190	0.5088	0.4912
1191	0.5088	0.4912
1192	0.5084	0.4916
1193	0.5082	0.4918
1194	0.5082	0.4918
1195	0.5083	0.4917
1196	0.5091	0.4909
1197	0.5092	0.4908
1198	0.5087	0.4913
1199	0.5092	0.4908
1200	0.5094	0.4906
1201	0.5094	0.4906
1202	0.509	0.491
1203	0.5088	0.4912
1204	0.5087	0.4913
1205	0.5081	0.4919
1206	0.5079	0.4921
1207	0.5082	0.4918
1208	0.5077	0.4923
1209	0.5074	0.4926
1210	0.5073	0.4927
1211	0.5076	0.4924
1212	0.5078	0.4922
1213	0.5078	0.4922
1214	0.5075	0.4925
1215	0.5079	0.4921
1216	0.508	0.492
1217	0.508	0.492
1218	0.508	0.492
1219	0.5079	0.4921
1220	0.5078	0.4922
1221	0.5079	0.4921
1222	0.5073	0.4927
1223	0.5074	0.4926
1224	0.5075	0.4925
1225	0.5078	0.4922
1226	0.5082	0.4918
1227	0.5075	0.4925
1228	0.5069	0.4931
1229	0.5062	0.4938
1230	0.5064	0.4936
1231	0.5067	0.4933
1232	0.5065	0.4935
1233	0.5064	0.4936
1234	0.5067	0.4933
1235	0.5064	0.4936
1236	0.5062	0.4938
1237	0.506	0.494
1238	0.5063	0.4937
1239	0.5067	0.4933
1240	0.5066	0.4934
1241	0.5066	0.4934
1242	0.5064	0.4936
1243	0.5066	0.4934
1244	0.5067	0.4933
1245	0.5072	0.4928
1246	0.507	0.493
1247	0.5068	0.4932
1248	0.5064	0.4936
1249	0.5067	0.4933
1250	0.5067	0.4933
1251	0.5066	0.4934
1252	0.5068	0.4932
1253	0.5068	0.4932
1254	0.507	0.493
1255	0.5068	0.4932
1256	0.5066	0.4934
1257	0.5067	0.4933
1258	0.5067	0.4933
1259	0.5069	0.4931
1260	0.507	0.493
1261	0.5069	0.4931
1262	0.5071	0.4929
1263	0.5071	0.4929
1264	0.5066	0.4934
1265	0.5068	0.4932
1266	0.5066	0.4934
1267	0.5062	0.4938
1268	0.5059	0.4941
1269	0.5053	0.4947
1270	0.5054	0.4946
1271	0.5055	0.4945
1272	0.5058	0.4942
1273	0.5061	0.4939
1274	0.5063	0.4937
1275	0.5062	0.4938
1276	0.5059	0.4941
1277	0.506	0.494
1278	0.5058	0.4942
1279	0.5058	0.4942
1280	0.5059	0.4941
1281	0.5061	0.4939
1282	0.5057	0.4943
1283	0.5055	0.4945
1284	0.5058	0.4942
1285	0.5058	0.4942
1286	0.5062	0.4938
1287	0.5064	0.4936
1288	0.5057	0.4943
1289	0.505	0.495
1290	0.5054	0.4946
1291	0.5052	0.4948
1292	0.5051	0.4949
1293	0.5055	0.4945
1294	0.5056	0.4944
1295	0.5054	0.4946
1296	0.5052	0.4948
1297	0.5051	0.4949
1298	0.505	0.495
1299	0.5051	0.4949
1300	0.5053	0.4947
1301	0.505	0.495
1302	0.5049	0.4951
1303	0.5049	0.4951
1304	0.5048	0.4952
1305	0.5052	0.4948
1306	0.5047	0.4953
1307	0.5046	0.4954
1308	0.5041	0.4959
1309	0.5033	0.4967
1310	0.5032	0.4968
1311	0.5024	0.4976
1312	0.5027	0.4973
1313	0.5026	0.4974
1314	0.5025	0.4975
1315	0.5025	0.4975
1316	0.5031	0.4969
1317	0.5028	0.4972
1318	0.503	0.497
1319	0.5024	0.4976
1320	0.5028	0.4972
1321	0.5029	0.4971
1322	0.5032	0.4968
1323	0.5036	0.4964
1324	0.5034	0.4966
1325	0.5039	0.4961
1326	0.5037	0.4963
1327	0.5038	0.4962
1328	0.5029	0.4971
1329	0.5029	0.4971
1330	0.5025	0.4975
1331	0.5024	0.4976
1332	0.5024	0.4976
1333	0.5022	0.4978
1334	0.5022	0.4978
1335	0.5023	0.4977
1336	0.5023	0.4977
1337	0.5026	0.4974
1338	0.5026	0.4974
1339	0.5025	0.4975
1340	0.5029	0.4971
1341	0.5028	0.4972
1342	0.5026	0.4974
1343	0.5026	0.4974
1344	0.5026	0.4974
1345	0.503	0.497
1346	0.5029	0.4971
1347	0.5032	0.4968
1348	0.5032	0.4968
1349	0.5032	0.4968
1350	0.5034	0.4966
1351	0.5032	0.4968
1352	0.5029	0.4971
1353	0.5031	0.4969
1354	0.5035	0.4965
1355	0.5039	0.4961
1356	0.5043	0.4957
1357	0.5045	0.4955
1358	0.5049	0.4951
1359	0.5049	0.4951
1360	0.505	0.495
1361	0.5049	0.4951
1362	0.505	0.495
1363	0.5058	0.4942
1364	0.5058	0.4942
1365	0.5055	0.4945
1366	0.5054	0.4946
1367	0.5054	0.4946
1368	0.5051	0.4949
1369	0.5046	0.4954
1370	0.5048	0.4952
1371	0.5048	0.4952
1372	0.5047	0.4953
1373	0.5053	0.4947
1374	0.5053	0.4947
1375	0.5056	0.4944
1376	0.5054	0.4946
1377	0.5054	0.4946
1378	0.5055	0.4945
1379	0.5053	0.4947
1380	0.5056	0.4944
1381	0.5054	0.4946
1382	0.5057	0.4943
1383	0.5058	0.4942
1384	0.5059	0.4941
1385	0.5058	0.4942
1386	0.5059	0.4941
1387	0.5058	0.4942
1388	0.5054	0.4946
1389	0.5053	0.4947
1390	0.5056	0.4944
1391	0.5054	0.4946
1392	0.5055	0.4945
1393	0.5054	0.4946
1394	0.5052	0.4948
1395	0.505	0.495
1396	0.5052	0.4948
1397	0.505	0.495
1398	0.5047	0.4953
1399	0.5048	0.4952
1400	0.5043	0.4957
1401	0.5046	0.4954
1402	0.5047	0.4953
1403	0.5043	0.4957
1404	0.5042	0.4958
1405	0.5044	0.4956
1406	0.5047	0.4953
1407	0.5044	0.4956
1408	0.5043	0.4957
1409	0.5043	0.4957
1410	0.5043	0.4957
1411	0.504	0.496
1412	0.5038	0.4962
1413	0.504	0.496
1414	0.5038	0.4962
1415	0.5038	0.4962
1416	0.5037	0.4963
1417	0.5034	0.4966
1418	0.5035	0.4965
1419	0.5038	0.4962
1420	0.5035	0.4965
1421	0.5034	0.4966
1422	0.5037	0.4963
1423	0.5036	0.4964
1424	0.5037	0.4963
1425	0.5037	0.4963
1426	0.5035	0.4965
1427	0.5033	0.4967
1428	0.5031	0.4969
1429	0.5027	0.4973
1430	0.5028	0.4972
1431	0.5028	0.4972
1432	0.5024	0.4976
1433	0.5031	0.4969
1434	0.5033	0.4967
1435	0.5031	0.4969
1436	0.5031	0.4969
1437	0.5026	0.4974
1438	0.5023	0.4977
1439	0.502	0.498
1440	0.5019	0.4981
1441	0.5021	0.4979
1442	0.5021	0.4979
1443	0.5019	0.4981
1444	0.5021	0.4979
1445	0.5021	0.4979
1446	0.5017	0.4983
1447	0.5019	0.4981
1448	0.5019	0.4981
1449	0.5016	0.4984
1450	0.5013	0.4987
1451	0.5011	0.4989
1452	0.5014	0.4986
1453	0.5011	0.4989
1454	0.5013	0.4987
1455	0.5011	0.4989
1456	0.5011	0.4989
1457	0.5009	0.4991
1458	0.5012	0.4988
1459	0.5014	0.4986
1460	0.5016	0.4984
1461	0.5018	0.4982
1462	0.5013	0.4987
1463	0.501	0.499
1464	0.5011	0.4989
1465	0.5009	0.4991
1466	0.5005	0.4995
1467	0.5004	0.4996
1468	0.5	0.5
1469	0.4997	0.5003
1470	0.5	0.5
1471	0.4998	0.5002
1472	0.4999	0.5001
1473	0.5003	0.4997
1474	0.4999	0.5001
1475	0.5002	0.4998
1476	0.5004	0.4996
1477	0.5008	0.4992
1478	0.5005	0.4995
1479	0.5005	0.4995
1480	0.5007	0.4993
1481	0.5008	0.4992
1482	0.5007	0.4993
1483	0.501	0.499
1484	0.5008	0.4992
1485	0.5004	0.4996
1486	0.5006	0.4994
1487	0.5004	0.4996
1488	0.4998	0.5002
1489	0.4994	0.5006
1490	0.499	0.501
1491	0.4994	0.5006
1492	0.4996	0.5004
1493	0.4996	0.5004
1494	0.5	0.5
1495	0.5	0.5
1496	0.4997	0.5003
1497	0.4998	0.5002
1498	0.4995	0.5005
1499	0.4998	0.5002
1500	0.4997	0.5003
1501	0.5003	0.4997
1502	0.5007	0.4993
1503	0.5012	0.4988
1504	0.5011	0.4989
1505	0.5018	0.4982
1506	0.5013	0.4987
1507	0.5015	0.4985
1508	0.5012	0.4988
1509	0.5008	0.4992
1510	0.5006	0.4994
1511	0.5002	0.4998
1512	0.5	0.5
1513	0.5001	0.4999
1514	0.5006	0.4994
1515	0.5008	0.4992
1516	0.5007	0.4993
1517	0.5005	0.4995
1518	0.5003	0.4997
1519	0.5002	0.4998
1520	0.5004	0.4996
1521	0.5005	0.4995
1522	0.5008	0.4992
1523	0.5003	0.4997
1524	0.5008	0.4992
1525	0.5013	0.4987
1526	0.5008	0.4992
1527	0.5006	0.4994
1528	0.5006	0.4994
1529	0.5005	0.4995
1530	0.5004	0.4996
1531	0.5002	0.4998
1532	0.5002	0.4998
1533	0.5004	0.4996
1534	0.5	0.5
1535	0.4999	0.5001
1536	0.4998	0.5002
1537	0.4999	0.5001
1538	0.4993	0.5007
1539	0.4992	0.5008
1540	0.4999	0.5001
1541	0.4998	0.5002
1542	0.4997	0.5003
1543	0.5	0.5
1544	0.5004	0.4996
1545	0.5003	0.4997
1546	0.5001	0.4999
1547	0.5001	0.4999
1548	0.5	0.5
1549	0.5002	0.4998
1550	0.5	0.5
1551	0.4997	0.5003
1552	0.4995	0.5005
1553	0.4996	0.5004
1554	0.4993	0.5007
1555	0.4996	0.5004
1556	0.4996	0.5004
1557	0.4997	0.5003
1558	0.5	0.5
1559	0.4998	0.5002
1560	0.5	0.5
1561	0.4996	0.5004
1562	0.5	0.5
1563	0.4999	0.5001
1564	0.5	0.5
1565	0.4999	0.5001
1566	0.4999	0.5001
1567	0.4995	0.5005
1568	0.4992	0.5008
1569	0.4991	0.5009
1570	0.4988	0.5012
1571	0.4988	0.5012
1572	0.499	0.501
1573	0.4987	0.5013
1574	0.4984	0.5016
1575	0.4986	0.5014
1576	0.499	0.501
1577	0.4991	0.5009
1578	0.4989	0.5011
1579	0.499	0.501
1580	0.499	0.501
1581	0.4991	0.5009
1582	0.4991	0.5009
1583	0.4993	0.5007
1584	0.4992	0.5008
1585	0.5	0.5
1586	0.4997	0.5003
1587	0.4993	0.5007
1588	0.4993	0.5007
1589	0.499	0.501
1590	0.4988	0.5012
1591	0.4983	0.5017
1592	0.4986	0.5014
1593	0.4987	0.5013
1594	0.4986	0.5014
1595	0.4986	0.5014
1596	0.4984	0.5016
1597	0.4981	0.5019
1598	0.498	0.502
1599	0.4986	0.5014
1600	0.4987	0.5013
1601	0.4992	0.5008
1602	0.4992	0.5008
1603	0.4988	0.5012
1604	0.4988	0.5012
1605	0.4988	0.5012
1606	0.4986	0.5014
1607	0.4984	0.5016
1608	0.4981	0.5019
1609	0.4977	0.5023
1610	0.4979	0.5021
1611	0.4983	0.5017
1612	0.4981	0.5019
1613	0.4981	0.5019
1614	0.4981	0.5019
1615	0.4985	0.5015
1616	0.4986	0.5014
1617	0.4986	0.5014
1618	0.4985	0.5015
1619	0.4989	0.5011
1620	0.4981	0.5019
1621	0.4985	0.5015
1622	0.4984	0.5016
1623	0.4986	0.5014
1624	0.4981	0.5019
1625	0.4985	0.5015
1626	0.4979	0.5021
1627	0.4976	0.5024
1628	0.4973	0.5027
1629	0.4971	0.5029
1630	0.4965	0.5035
1631	0.4968	0.5032
1632	0.497	0.503
1633	0.4971	0.5029
1634	0.497	0.503
1635	0.4971	0.5029
1636	0.4973	0.5027
1637	0.4971	0.5029
1638	0.4971	0.5029
1639	0.4973	0.5027
1640	0.4978	0.5022
1641	0.4978	0.5022
1642	0.4978	0.5022
1643	0.498	0.502
1644	0.4985	0.5015
1645	0.4983	0.5017
1646	0.4978	0.5022
1647	0.4974	0.5026
1648	0.4965	0.5035
1649	0.4965	0.5035
1650	0.4965	0.5035
1651	0.4964	0.5036
1652	0.4964	0.5036
1653	0.4962	0.5038
1654	0.496	0.504
1655	0.4961	0.5039
1656	0.4962	0.5038
1657	0.496	0.504
1658	0.4961	0.5039
1659	0.4962	0.5038
1660	0.4966	0.5034
1661	0.4963	0.5037
1662	0.4966	0.5034
1663	0.4967	0.5033
1664	0.4968	0.5032
1665	0.497	0.503
1666	0.4968	0.5032
1667	0.497	0.503
1668	0.4963	0.5037
1669	0.4963	0.5037
1670	0.4963	0.5037
1671	0.4968	0.5032
1672	0.4972	0.5028
1673	0.4974	0.5026
1674	0.4976	0.5024
1675	0.4977	0.5023
1676	0.4981	0.5019
1677	0.4978	0.5022
1678	0.4978	0.5022
1679	0.4981	0.5019
1680	0.498	0.502
1681	0.498	0.502
1682	0.4984	0.5016
1683	0.498	0.502
1684	0.4982	0.5018
1685	0.4979	0.5021
1686	0.4977	0.5023
1687	0.4978	0.5022
1688	0.4976	0.5024
1689	0.498	0.502
1690	0.4974	0.5026
1691	0.4977	0.5023
1692	0.4975	0.5025
1693	0.4976	0.5024
1694	0.4979	0.5021
1695	0.4978	0.5022
1696	0.4978	0.5022
1697	0.4979	0.5021
1698	0.4983	0.5017
1699	0.4984	0.5016
1700	0.4986	0.5014
1701	0.4984	0.5016
1702	0.4983	0.5017
1703	0.4986	0.5014
1704	0.4991	0.5009
1705	0.4991	0.5009
1706	0.5	0.5
1707	0.5001	0.4999
1708	0.4993	0.5007
1709	0.4992	0.5008
1710	0.4995	0.5005
1711	0.4996	0.5004
1712	0.4994	0.5006
1713	0.4992	0.5008
1714	0.4988	0.5012
1715	0.499	0.501
1716	0.4989	0.5011
1717	0.4987	0.5013
1718	0.4988	0.5012
1719	0.4987	0.5013
1720	0.4985	0.5015
1721	0.4986	0.5014
1722	0.4982	0.5018
1723	0.4984	0.5016
1724	0.4984	0.5016
1725	0.4984	0.5016
1726	0.4983	0.5017
1727	0.4984	0.5016
1728	0.4977	0.5023
1729	0.4979	0.5021
1730	0.4977	0.5023
1731	0.4979	0.5021
1732	0.4977	0.5023
1733	0.4975	0.5025
1734	0.4976	0.5024
1735	0.4977	0.5023
1736	0.4982	0.5018
1737	0.4984	0.5016
1738	0.4983	0.5017
1739	0.4982	0.5018
1740	0.4982	0.5018
1741	0.4986	0.5014
1742	0.4985	0.5015
1743	0.4985	0.5015
1744	0.4987	0.5013
1745	0.499	0.501
1746	0.4991	0.5009
1747	0.4997	0.5003
1748	0.4991	0.5009
1749	0.4988	0.5012
1750	0.4988	0.5012
1751	0.4986	0.5014
1752	0.4984	0.5016
1753	0.4987	0.5013
1754	0.4991	0.5009
1755	0.4991	0.5009
1756	0.4991	0.5009
1757	0.4989	0.5011
1758	0.4992	0.5008
1759	0.4994	0.5006
1760	0.4995	0.5005
1761	0.4996	0.5004
1762	0.4997	0.5003
1763	0.5002	0.4998
1764	0.5001	0.4999
1765	0.5002	0.4998
1766	0.5	0.5
1767	0.5	0.5
1768	0.4998	0.5002
1769	0.4994	0.5006
1770	0.4994	0.5006
1771	0.4997	0.5003
1772	0.499	0.501
1773	0.4993	0.5007
1774	0.4995	0.5005
1775	0.4998	0.5002
1776	0.5002	0.4998
1777	0.5005	0.4995
1778	0.5001	0.4999
1779	0.5003	0.4997
1780	0.5004	0.4996
1781	0.5006	0.4994
1782	0.501	0.499
1783	0.5011	0.4989
1784	0.5011	0.4989
1785	0.5016	0.4984
1786	0.5017	0.4983
1787	0.5021	0.4979
1788	0.5017	0.4983
1789	0.5017	0.4983
1790	0.5015	0.4985
1791	0.5014	0.4986
1792	0.5013	0.4987
1793	0.5013	0.4987
1794	0.5013	0.4987
1795	0.5014	0.4986
1796	0.5015	0.4985
1797	0.5014	0.4986
1798	0.5011	0.4989
1799	0.5012	0.4988
1800	0.5015	0.4985
1801	0.5012	0.4988
1802	0.5009	0.4991
1803	0.5008	0.4992
1804	0.5005	0.4995
1805	0.5005	0.4995
1806	0.5005	0.4995
1807	0.5007	0.4993
1808	0.5005	0.4995
1809	0.5002	0.4998
1810	0.5003	0.4997
1811	0.4999	0.5001
1812	0.4997	0.5003
1813	0.4997	0.5003
1814	0.4997	0.5003
1815	0.4999	0.5001
1816	0.4997	0.5003
1817	0.4996	0.5004
1818	0.4998	0.5002
1819	0.4998	0.5002
1820	0.4991	0.5009
1821	0.4989	0.5011
1822	0.4992	0.5008
1823	0.4991	0.5009
1824	0.4994	0.5006
1825	0.4995	0.5005
1826	0.4996	0.5004
1827	0.4992	0.5008
1828	0.499	0.501
1829	0.4986	0.5014
1830	0.4985	0.5015
1831	0.4986	0.5014
1832	0.4988	0.5012
1833	0.499	0.501
1834	0.4989	0.5011
1835	0.4989	0.5011
1836	0.4989	0.5011
1837	0.4988	0.5012
1838	0.4989	0.5011
1839	0.4988	0.5012
1840	0.4987	0.5013
1841	0.499	0.501
1842	0.4987	0.5013
1843	0.4983	0.5017
1844	0.4984	0.5016
1845	0.498	0.502
1846	0.4981	0.5019
1847	0.4978	0.5022
1848	0.4971	0.5029
1849	0.4969	0.5031
1850	0.4969	0.5031
1851	0.4971	0.5029
1852	0.497	0.503
1853	0.4966	0.5034
1854	0.4964	0.5036
1855	0.4962	0.5038
1856	0.4962	0.5038
1857	0.4962	0.5038
1858	0.4961	0.5039
1859	0.4963	0.5037
1860	0.4966	0.5034
1861	0.4966	0.5034
1862	0.4966	0.5034
1863	0.4964	0.5036
1864	0.4966	0.5034
1865	0.4969	0.5031
1866	0.497	0.503
1867	0.497	0.503
1868	0.4965	0.5035
1869	0.4958	0.5042
1870	0.4959	0.5041
1871	0.4963	0.5037
1872	0.4963	0.5037
1873	0.4965	0.5035
1874	0.4965	0.5035
1875	0.4965	0.5035
1876	0.4966	0.5034
1877	0.4966	0.5034
1878	0.4965	0.5035
1879	0.4965	0.5035
1880	0.4963	0.5037
1881	0.4964	0.5036
1882	0.4965	0.5035
1883	0.4962	0.5038
1884	0.4962	0.5038
1885	0.4958	0.5042
1886	0.496	0.504
1887	0.496	0.504
1888	0.4957	0.5043
1889	0.4956	0.5044
1890	0.4953	0.5047
1891	0.4953	0.5047
1892	0.495	0.505
1893	0.4951	0.5049
1894	0.4949	0.5051
1895	0.4946	0.5054
1896	0.4945	0.5055
1897	0.4947	0.5053
1898	0.495	0.505
1899	0.4952	0.5048
1900	0.4955	0.5045
1901	0.4955	0.5045
1902	0.4954	0.5046
1903	0.4951	0.5049
1904	0.4954	0.5046
1905	0.4955	0.5045
1906	0.4957	0.5043
1907	0.4955	0.5045
1908	0.4954	0.5046
1909	0.4949	0.5051
1910	0.495	0.505
1911	0.4954	0.5046
1912	0.4955	0.5045
1913	0.4959	0.5041
1914	0.4961	0.5039
1915	0.4963	0.5037
1916	0.4961	0.5039
1917	0.4962	0.5038
1918	0.4961	0.5039
1919	0.4964	0.5036
1920	0.496	0.504
1921	0.4963	0.5037
1922	0.4959	0.5041
1923	0.4963	0.5037
1924	0.4968	0.5032
1925	0.497	0.503
1926	0.4968	0.5032
1927	0.4965	0.5035
1928	0.4959	0.5041
1929	0.4959	0.5041
1930	0.4961	0.5039
1931	0.496	0.504
1932	0.4956	0.5044
1933	0.4959	0.5041
1934	0.4959	0.5041
1935	0.4966	0.5034
1936	0.4966	0.5034
1937	0.4967	0.5033
1938	0.4967	0.5033
1939	0.4966	0.5034
1940	0.4969	0.5031
1941	0.4966	0.5034
1942	0.4964	0.5036
1943	0.4965	0.5035
1944	0.4969	0.5031
1945	0.4967	0.5033
1946	0.4966	0.5034
1947	0.4963	0.5037
1948	0.4954	0.5046
1949	0.4952	0.5048
1950	0.4949	0.5051
1951	0.4943	0.5057
1952	0.4944	0.5056
1953	0.4942	0.5058
1954	0.4941	0.5059
1955	0.4945	0.5055
1956	0.4943	0.5057
1957	0.4942	0.5058
1958	0.4946	0.5054
1959	0.4944	0.5056
1960	0.4943	0.5057
1961	0.4942	0.5058
1962	0.4942	0.5058
1963	0.4942	0.5058
1964	0.4943	0.5057
1965	0.4938	0.5062
1966	0.4937	0.5063
1967	0.4934	0.5066
1968	0.493	0.507
1969	0.493	0.507
1970	0.4928	0.5072
1971	0.4928	0.5072
1972	0.493	0.507
1973	0.4927	0.5073
1974	0.4932	0.5068
1975	0.493	0.507
1976	0.4927	0.5073
1977	0.4926	0.5074
1978	0.4921	0.5079
1979	0.4918	0.5082
1980	0.4914	0.5086
1981	0.4916	0.5084
1982	0.4917	0.5083
1983	0.4917	0.5083
1984	0.4911	0.5089
1985	0.4916	0.5084
1986	0.4916	0.5084
1987	0.4913	0.5087
1988	0.4908	0.5092
1989	0.4907	0.5093
1990	0.4906	0.5094
1991	0.4908	0.5092
1992	0.491	0.509
1993	0.4908	0.5092
1994	0.4909	0.5091
1995	0.4906	0.5094
1996	0.4903	0.5097
1997	0.4902	0.5098
1998	0.49	0.51
1999	0.4898	0.5102
2000	0.4895	0.5105
2001	0.4893	0.5107
2002	0.4891	0.5109
2003	0.4891	0.5109
2004	0.4893	0.5107
2005	0.4894	0.5106
2006	0.489	0.511
2007	0.4887	0.5113
2008	0.4887	0.5113
2009	0.4888	0.5112
2010	0.4891	0.5109
2011	0.4891	0.5109
2012	0.4892	0.5108
2013	0.4891	0.5109
2014	0.4887	0.5113
2015	0.4894	0.5106
2016	0.4897	0.5103
2017	0.4897	0.5103
2018	0.4894	0.5106
2019	0.4894	0.5106
2020	0.4891	0.5109
2021	0.489	0.511
2022	0.4893	0.5107
2023	0.4894	0.5106
2024	0.4897	0.5103
2025	0.4896	0.5104
2026	0.4898	0.5102
2027	0.4895	0.5105
2028	0.4896	0.5104
2029	0.4892	0.5108
2030	0.4892	0.5108
2031	0.4894	0.5106
2032	0.4891	0.5109
2033	0.4895	0.5105
2034	0.4896	0.5104
2035	0.4897	0.5103
2036	0.4893	0.5107
2037	0.489	0.511
2038	0.4884	0.5116
2039	0.4882	0.5118
2040	0.4885	0.5115
2041	0.4885	0.5115
2042	0.4886	0.5114
2043	0.4886	0.5114
2044	0.4886	0.5114
2045	0.4887	0.5113
2046	0.4889	0.5111
2047	0.4889	0.5111
2048	0.489	0.511
2049	0.4893	0.5107
2050	0.4889	0.5111
2051	0.489	0.511
2052	0.4892	0.5108
2053	0.4897	0.5103
2054	0.4897	0.5103
2055	0.4905	0.5095
2056	0.4906	0.5094
2057	0.4905	0.5095
2058	0.4902	0.5098
2059	0.4895	0.5105
2060	0.4895	0.5105
2061	0.4895	0.5105
2062	0.4895	0.5105
2063	0.4894	0.5106
2064	0.4893	0.5107
2065	0.4895	0.5105
2066	0.4895	0.5105
2067	0.4893	0.5107
2068	0.4889	0.5111
2069	0.489	0.511
2070	0.4887	0.5113
2071	0.4891	0.5109
2072	0.4895	0.5105
2073	0.4894	0.5106
2074	0.489	0.511
2075	0.4894	0.5106
2076	0.489	0.511
2077	0.489	0.511
2078	0.4884	0.5116
2079	0.4885	0.5115
2080	0.4885	0.5115
2081	0.4883	0.5117
2082	0.4885	0.5115
2083	0.4884	0.5116
2084	0.4887	0.5113
2085	0.4887	0.5113
2086	0.4887	0.5113
2087	0.4887	0.5113
2088	0.4889	0.5111
2089	0.4885	0.5115
2090	0.4884	0.5116
2091	0.4886	0.5114
2092	0.4886	0.5114
2093	0.4888	0.5112
2094	0.4888	0.5112
2095	0.4885	0.5115
2096	0.4884	0.5116
2097	0.4881	0.5119
2098	0.4878	0.5122
2099	0.4875	0.5125
2100	0.4872	0.5128
2101	0.4866	0.5134
2102	0.4866	0.5134
2103	0.486	0.514
2104	0.4861	0.5139
2105	0.4865	0.5135
2106	0.4866	0.5134
2107	0.4864	0.5136
2108	0.486	0.514
2109	0.4861	0.5139
2110	0.486	0.514
2111	0.4862	0.5138
2112	0.4864	0.5136
2113	0.4867	0.5133
2114	0.4865	0.5135
2115	0.4866	0.5134
2116	0.4864	0.5136
2117	0.4861	0.5139
2118	0.486	0.514
2119	0.4852	0.5148
2120	0.4856	0.5144
2121	0.486	0.514
2122	0.4859	0.5141
2123	0.4857	0.5143
2124	0.4858	0.5142
2125	0.4858	0.5142
2126	0.4857	0.5143
2127	0.4858	0.5142
2128	0.4858	0.5142
2129	0.4855	0.5145
2130	0.4858	0.5142
2131	0.4858	0.5142
2132	0.4855	0.5145
2133	0.4861	0.5139
2134	0.4861	0.5139
2135	0.4866	0.5134
2136	0.4862	0.5138
2137	0.4859	0.5141
2138	0.4864	0.5136
2139	0.4862	0.5138
2140	0.4863	0.5137
2141	0.4866	0.5134
2142	0.487	0.513
2143	0.4868	0.5132
2144	0.4867	0.5133
2145	0.4872	0.5128
2146	0.4868	0.5132
2147	0.4872	0.5128
2148	0.4878	0.5122
2149	0.4878	0.5122
2150	0.4876	0.5124
2151	0.488	0.512
2152	0.4877	0.5123
2153	0.488	0.512
2154	0.488	0.512
2155	0.4878	0.5122
2156	0.4879	0.5121
2157	0.4879	0.5121
2158	0.4877	0.5123
2159	0.4877	0.5123
2160	0.4875	0.5125
2161	0.4876	0.5124
2162	0.4876	0.5124
2163	0.4877	0.5123
2164	0.4874	0.5126
2165	0.4872	0.5128
2166	0.4874	0.5126
2167	0.4875	0.5125
2168	0.4875	0.5125
2169	0.4879	0.5121
2170	0.4882	0.5118
2171	0.4881	0.5119
2172	0.4875	0.5125
2173	0.4874	0.5126
2174	0.4871	0.5129
2175	0.4871	0.5129
2176	0.487	0.513
2177	0.4872	0.5128
2178	0.4867	0.5133
2179	0.4862	0.5138
2180	0.4864	0.5136
2181	0.487	0.513
2182	0.4867	0.5133
2183	0.4863	0.5137
2184	0.4862	0.5138
2185	0.4864	0.5136
2186	0.4862	0.5138
2187	0.4861	0.5139
2188	0.4866	0.5134
2189	0.4867	0.5133
2190	0.4869	0.5131
2191	0.4869	0.5131
2192	0.4864	0.5136
2193	0.4862	0.5138
2194	0.4866	0.5134
2195	0.4871	0.5129
2196	0.487	0.513
2197	0.4868	0.5132
2198	0.4869	0.5131
2199	0.4869	0.5131
2200	0.4866	0.5134
2201	0.4863	0.5137
2202	0.4862	0.5138
2203	0.4863	0.5137
2204	0.4863	0.5137
2205	0.4863	0.5137
2206	0.4861	0.5139
2207	0.4863	0.5137
2208	0.4866	0.5134
2209	0.4863	0.5137
2210	0.4865	0.5135
2211	0.4863	0.5137
2212	0.4858	0.5142
2213	0.4861	0.5139
2214	0.486	0.514
2215	0.4859	0.5141
2216	0.4857	0.5143
2217	0.4856	0.5144
2218	0.4858	0.5142
2219	0.4856	0.5144
2220	0.4856	0.5144
2221	0.4858	0.5142
2222	0.4857	0.5143
2223	0.4853	0.5147
2224	0.4853	0.5147
2225	0.4852	0.5148
2226	0.4854	0.5146
2227	0.4852	0.5148
2228	0.4852	0.5148
2229	0.485	0.515
2230	0.485	0.515
2231	0.4846	0.5154
2232	0.4845	0.5155
2233	0.4843	0.5157
2234	0.4842	0.5158
2235	0.4847	0.5153
2236	0.4849	0.5151
2237	0.4847	0.5153
2238	0.4848	0.5152
2239	0.4846	0.5154
2240	0.4849	0.5151
2241	0.4846	0.5154
2242	0.4848	0.5152
2243	0.4845	0.5155
2244	0.4844	0.5156
2245	0.4846	0.5154
2246	0.4844	0.5156
2247	0.4842	0.5158
2248	0.4843	0.5157
2249	0.4843	0.5157
2250	0.4844	0.5156
2251	0.4844	0.5156
2252	0.4841	0.5159
2253	0.4844	0.5156
2254	0.4841	0.5159
2255	0.4841	0.5159
2256	0.4839	0.5161
2257	0.4838	0.5162
2258	0.4834	0.5166
2259	0.4832	0.5168
2260	0.4831	0.5169
2261	0.483	0.517
2262	0.4829	0.5171
2263	0.483	0.517
2264	0.4833	0.5167
2265	0.4831	0.5169
2266	0.4833	0.5167
2267	0.4832	0.5168
2268	0.483	0.517
2269	0.4826	0.5174
2270	0.4828	0.5172
2271	0.4829	0.5171
2272	0.4827	0.5173
2273	0.4826	0.5174
2274	0.4828	0.5172
2275	0.4832	0.5168
2276	0.4831	0.5169
2277	0.483	0.517
2278	0.4833	0.5167
2279	0.4829	0.5171
2280	0.4831	0.5169
2281	0.483	0.517
2282	0.4832	0.5168
2283	0.4832	0.5168
2284	0.4833	0.5167
2285	0.4834	0.5166
2286	0.4834	0.5166
2287	0.4832	0.5168
2288	0.4833	0.5167
2289	0.4831	0.5169
2290	0.4831	0.5169
2291	0.4832	0.5168
2292	0.4832	0.5168
2293	0.4836	0.5164
2294	0.4839	0.5161
2295	0.4837	0.5163
2296	0.4835	0.5165
2297	0.4832	0.5168
2298	0.4831	0.5169
2299	0.4829	0.5171
2300	0.4827	0.5173
2301	0.4822	0.5178
2302	0.4817	0.5183
2303	0.4818	0.5182
2304	0.4819	0.5181
2305	0.4818	0.5182
2306	0.4818	0.5182
2307	0.482	0.518
2308	0.4822	0.5178
2309	0.4821	0.5179
2310	0.4822	0.5178
2311	0.4819	0.5181
2312	0.4817	0.5183
2313	0.482	0.518
2314	0.4821	0.5179
2315	0.4821	0.5179
2316	0.4825	0.5175
2317	0.4821	0.5179
2318	0.4822	0.5178
2319	0.4824	0.5176
2320	0.482	0.518
2321	0.4816	0.5184
2322	0.4814	0.5186
2323	0.4813	0.5187
2324	0.4812	0.5188
2325	0.4817	0.5183
2326	0.4821	0.5179
2327	0.4823	0.5177
2328	0.4826	0.5174
2329	0.4826	0.5174
2330	0.4829	0.5171
2331	0.483	0.517
2332	0.4831	0.5169
2333	0.4825	0.5175
2334	0.4827	0.5173
2335	0.4824	0.5176
2336	0.4821	0.5179
2337	0.4819	0.5181
2338	0.4814	0.5186
2339	0.4814	0.5186
2340	0.4818	0.5182
2341	0.4817	0.5183
2342	0.4816	0.5184
2343	0.4819	0.5181
2344	0.4819	0.5181
2345	0.4822	0.5178
2346	0.4819	0.5181
2347	0.482	0.518
2348	0.482	0.518
2349	0.4822	0.5178
2350	0.4824	0.5176
2351	0.4826	0.5174
2352	0.4825	0.5175
2353	0.4826	0.5174
2354	0.4825	0.5175
2355	0.4826	0.5174
2356	0.4826	0.5174
2357	0.4825	0.5175
2358	0.4823	0.5177
2359	0.482	0.518
2360	0.4822	0.5178
2361	0.4819	0.5181
2362	0.4819	0.5181
2363	0.4819	0.5181
2364	0.4819	0.5181
2365	0.4818	0.5182
2366	0.4817	0.5183
2367	0.4817	0.5183
2368	0.4817	0.5183
2369	0.4816	0.5184
2370	0.482	0.518
2371	0.4824	0.5176
2372	0.4823	0.5177
2373	0.4823	0.5177
2374	0.4824	0.5176
2375	0.4821	0.5179
2376	0.4821	0.5179
2377	0.4817	0.5183
2378	0.4817	0.5183
2379	0.4821	0.5179
2380	0.4819	0.5181
2381	0.482	0.518
2382	0.4818	0.5182
2383	0.4816	0.5184
2384	0.4819	0.5181
2385	0.4818	0.5182
2386	0.4819	0.5181
2387	0.4816	0.5184
2388	0.4819	0.5181
2389	0.482	0.518
2390	0.482	0.518
2391	0.4822	0.5178
2392	0.4823	0.5177
2393	0.4821	0.5179
2394	0.4822	0.5178
2395	0.482	0.518
2396	0.4821	0.5179
2397	0.4818	0.5182
2398	0.4816	0.5184
2399	0.4814	0.5186
2400	0.4822	0.5178
2401	0.4814	0.5186
2402	0.4808	0.5192
2403	0.4806	0.5194
2404	0.4802	0.5198
2405	0.4804	0.5196
2406	0.4805	0.5195
2407	0.4801	0.5199
2408	0.4804	0.5196
2409	0.4809	0.5191
2410	0.4813	0.5187
2411	0.4814	0.5186
2412	0.4815	0.5185
2413	0.4815	0.5185
2414	0.4816	0.5184
2415	0.4814	0.5186
2416	0.4816	0.5184
2417	0.4818	0.5182
2418	0.4813	0.5187
2419	0.4809	0.5191
2420	0.4807	0.5193
2421	0.4801	0.5199
2422	0.48	0.52
2423	0.4806	0.5194
2424	0.4808	0.5192
2425	0.4808	0.5192
2426	0.4807	0.5193
2427	0.4808	0.5192
2428	0.4805	0.5195
2429	0.4811	0.5189
2430	0.4811	0.5189
2431	0.4813	0.5187
2432	0.4813	0.5187
2433	0.4811	0.5189
2434	0.4813	0.5187
2435	0.4813	0.5187
2436	0.4815	0.5185
2437	0.4814	0.5186
2438	0.4812	0.5188
2439	0.4812	0.5188
2440	0.4817	0.5183
2441	0.4815	0.5185
2442	0.4819	0.5181
2443	0.4817	0.5183
2444	0.4813	0.5187
2445	0.4816	0.5184
2446	0.4814	0.5186
2447	0.4814	0.5186
2448	0.4815	0.5185
2449	0.4811	0.5189
2450	0.4813	0.5187
2451	0.4812	0.5188
2452	0.4813	0.5187
2453	0.4813	0.5187
2454	0.4815	0.5185
2455	0.4814	0.5186
2456	0.4815	0.5185
2457	0.4816	0.5184
2458	0.4816	0.5184
2459	0.4814	0.5186
2460	0.4814	0.5186
2461	0.4813	0.5187
2462	0.4812	0.5188
2463	0.4817	0.5183
2464	0.4821	0.5179
2465	0.4821	0.5179
2466	0.4819	0.5181
2467	0.4818	0.5182
2468	0.4815	0.5185
2469	0.4812	0.5188
2470	0.4814	0.5186
2471	0.4814	0.5186
2472	0.4815	0.5185
2473	0.4815	0.5185
2474	0.4815	0.5185
2475	0.4812	0.5188
2476	0.4812	0.5188
2477	0.4815	0.5185
2478	0.4806	0.5194
2479	0.4803	0.5197
2480	0.4804	0.5196
2481	0.4805	0.5195
2482	0.48	0.52
2483	0.4801	0.5199
2484	0.4804	0.5196
2485	0.48	0.52
2486	0.4801	0.5199
2487	0.4798	0.5202
2488	0.48	0.52
2489	0.4805	0.5195
2490	0.4803	0.5197
2491	0.4804	0.5196
2492	0.4806	0.5194
2493	0.48	0.52
2494	0.4799	0.5201
2495	0.4799	0.5201
2496	0.4801	0.5199
2497	0.4804	0.5196
2498	0.4801	0.5199
2499	0.4797	0.5203
2500	0.4798	0.5202
2501	0.4794	0.5206
2502	0.4794	0.5206
2503	0.4799	0.5201
2504	0.4801	0.5199
2505	0.48	0.52
2506	0.4799	0.5201
2507	0.4799	0.5201
2508	0.48	0.52
2509	0.48	0.52
2510	0.4802	0.5198
2511	0.4801	0.5199
2512	0.48	0.52
2513	0.4803	0.5197
2514	0.4803	0.5197
2515	0.4803	0.5197
2516	0.4802	0.5198
2517	0.4805	0.5195
2518	0.4804	0.5196
2519	0.4794	0.5206
2520	0.4791	0.5209
2521	0.4794	0.5206
2522	0.4793	0.5207
2523	0.4793	0.5207
2524	0.4793	0.5207
2525	0.479	0.521
2526	0.4789	0.5211
2527	0.4792	0.5208
2528	0.4796	0.5204
2529	0.4799	0.5201
2530	0.4797	0.5203
2531	0.4794	0.5206
2532	0.4796	0.5204
2533	0.4796	0.5204
2534	0.4799	0.5201
2535	0.48	0.52
2536	0.4802	0.5198
2537	0.4804	0.5196
2538	0.4808	0.5192
2539	0.4809	0.5191
2540	0.4806	0.5194
2541	0.4802	0.5198
2542	0.4803	0.5197
2543	0.4803	0.5197
2544	0.48	0.52
2545	0.4801	0.5199
2546	0.4803	0.5197
2547	0.4802	0.5198
2548	0.4803	0.5197
2549	0.4804	0.5196
2550	0.4803	0.5197
2551	0.4803	0.5197
2552	0.4801	0.5199
2553	0.4803	0.5197
2554	0.4803	0.5197
2555	0.4806	0.5194
2556	0.4805	0.5195
2557	0.4804	0.5196
2558	0.4798	0.5202
2559	0.479	0.521
2560	0.4789	0.5211
2561	0.4785	0.5215
2562	0.4786	0.5214
2563	0.4785	0.5215
2564	0.4785	0.5215
2565	0.4786	0.5214
2566	0.4787	0.5213
2567	0.4788	0.5212
2568	0.4788	0.5212
2569	0.4788	0.5212
2570	0.4784	0.5216
2571	0.4785	0.5215
2572	0.4786	0.5214
2573	0.4786	0.5214
2574	0.4784	0.5216
2575	0.4785	0.5215
2576	0.4781	0.5219
2577	0.4777	0.5223
2578	0.4777	0.5223
2579	0.4778	0.5222
2580	0.4778	0.5222
2581	0.478	0.522
2582	0.4781	0.5219
2583	0.4782	0.5218
2584	0.4784	0.5216
2585	0.4786	0.5214
2586	0.4789	0.5211
2587	0.4786	0.5214
2588	0.4792	0.5208
2589	0.479	0.521
2590	0.4791	0.5209
2591	0.479	0.521
2592	0.4789	0.5211
2593	0.4786	0.5214
2594	0.4787	0.5213
2595	0.4791	0.5209
2596	0.4792	0.5208
2597	0.479	0.521
2598	0.478	0.522
2599	0.4779	0.5221
2600	0.4775	0.5225
2601	0.4769	0.5231
2602	0.4766	0.5234
2603	0.4766	0.5234
2604	0.4766	0.5234
2605	0.4768	0.5232
2606	0.4767	0.5233
2607	0.477	0.523
2608	0.477	0.523
2609	0.4766	0.5234
2610	0.4767	0.5233
2611	0.477	0.523
2612	0.4767	0.5233
2613	0.4766	0.5234
2614	0.4764	0.5236
2615	0.4767	0.5233
2616	0.477	0.523
2617	0.4767	0.5233
2618	0.4767	0.5233
2619	0.4766	0.5234
2620	0.4769	0.5231
2621	0.4762	0.5238
2622	0.4761	0.5239
2623	0.4759	0.5241
2624	0.4762	0.5238
2625	0.476	0.524
2626	0.4761	0.5239
2627	0.4762	0.5238
2628	0.4763	0.5237
2629	0.4763	0.5237
2630	0.4762	0.5238
2631	0.4761	0.5239
2632	0.476	0.524
2633	0.4763	0.5237
2634	0.4765	0.5235
2635	0.4764	0.5236
2636	0.476	0.524
2637	0.4764	0.5236
2638	0.4761	0.5239
2639	0.4757	0.5243
2640	0.4755	0.5245
2641	0.4754	0.5246
2642	0.4755	0.5245
2643	0.4757	0.5243
2644	0.4758	0.5242
2645	0.4764	0.5236
2646	0.4764	0.5236
2647	0.4765	0.5235
2648	0.4762	0.5238
2649	0.4761	0.5239
2650	0.4757	0.5243
2651	0.4758	0.5242
2652	0.4761	0.5239
2653	0.4761	0.5239
2654	0.476	0.524
2655	0.4763	0.5237
2656	0.4762	0.5238
2657	0.4757	0.5243
2658	0.4761	0.5239
2659	0.4761	0.5239
2660	0.476	0.524
2661	0.4759	0.5241
2662	0.4757	0.5243
2663	0.4762	0.5238
2664	0.4763	0.5237
2665	0.4764	0.5236
2666	0.4761	0.5239
2667	0.4762	0.5238
2668	0.476	0.524
2669	0.4762	0.5238
2670	0.4762	0.5238
2671	0.4761	0.5239
2672	0.4764	0.5236
2673	0.4766	0.5234
2674	0.4765	0.5235
2675	0.4763	0.5237
2676	0.4757	0.5243
2677	0.4756	0.5244
2678	0.4755	0.5245
2679	0.4756	0.5244
2680	0.4755	0.5245
2681	0.4753	0.5247
2682	0.4754	0.5246
2683	0.4752	0.5248
2684	0.4754	0.5246
2685	0.4757	0.5243
2686	0.4756	0.5244
2687	0.4758	0.5242
2688	0.4757	0.5243
2689	0.4759	0.5241
2690	0.4759	0.5241
2691	0.476	0.524
2692	0.4763	0.5237
2693	0.4764	0.5236
2694	0.4763	0.5237
2695	0.4763	0.5237
2696	0.4761	0.5239
2697	0.4761	0.5239
2698	0.4759	0.5241
2699	0.4755	0.5245
2700	0.4758	0.5242
2701	0.4757	0.5243
2702	0.4758	0.5242
2703	0.4759	0.5241
2704	0.4757	0.5243
2705	0.4758	0.5242
2706	0.4758	0.5242
2707	0.4759	0.5241
2708	0.4758	0.5242
2709	0.4758	0.5242
2710	0.4761	0.5239
2711	0.4761	0.5239
2712	0.4757	0.5243
2713	0.4757	0.5243
2714	0.4761	0.5239
2715	0.4763	0.5237
2716	0.4763	0.5237
2717	0.476	0.524
2718	0.4757	0.5243
2719	0.4754	0.5246
2720	0.4756	0.5244
2721	0.4756	0.5244
2722	0.4757	0.5243
2723	0.4755	0.5245
2724	0.4753	0.5247
2725	0.4754	0.5246
2726	0.4758	0.5242
2727	0.476	0.524
2728	0.476	0.524
2729	0.4764	0.5236
2730	0.4763	0.5237
2731	0.4767	0.5233
2732	0.4765	0.5235
2733	0.4765	0.5235
2734	0.4762	0.5238
2735	0.4765	0.5235
2736	0.4764	0.5236
2737	0.4766	0.5234
2738	0.4767	0.5233
2739	0.4765	0.5235
2740	0.4763	0.5237
2741	0.4763	0.5237
2742	0.4764	0.5236
2743	0.4767	0.5233
2744	0.4764	0.5236
2745	0.4764	0.5236
2746	0.4765	0.5235
2747	0.4765	0.5235
2748	0.4767	0.5233
2749	0.4769	0.5231
2750	0.4771	0.5229
2751	0.477	0.523
2752	0.4767	0.5233
2753	0.4765	0.5235
2754	0.4766	0.5234
2755	0.4765	0.5235
2756	0.4762	0.5238
2757	0.4762	0.5238
2758	0.4761	0.5239
2759	0.476	0.524
2760	0.4759	0.5241
2761	0.4757	0.5243
2762	0.4758	0.5242
2763	0.476	0.524
2764	0.4758	0.5242
2765	0.4757	0.5243
2766	0.4755	0.5245
2767	0.4753	0.5247
2768	0.4754	0.5246
2769	0.4756	0.5244
2770	0.4756	0.5244
2771	0.4757	0.5243
2772	0.4758	0.5242
2773	0.4762	0.5238
2774	0.476	0.524
2775	0.4761	0.5239
2776	0.4758	0.5242
2777	0.4755	0.5245
2778	0.4749	0.5251
2779	0.4751	0.5249
2780	0.4754	0.5246
2781	0.4752	0.5248
2782	0.475	0.525
2783	0.4754	0.5246
2784	0.4755	0.5245
2785	0.4755	0.5245
2786	0.4753	0.5247
2787	0.4752	0.5248
2788	0.4753	0.5247
2789	0.4752	0.5248
2790	0.4754	0.5246
2791	0.4755	0.5245
2792	0.4755	0.5245
2793	0.4757	0.5243
2794	0.4757	0.5243
2795	0.4755	0.5245
2796	0.4755	0.5245
2797	0.4757	0.5243
2798	0.4752	0.5248
2799	0.4751	0.5249
2800	0.4752	0.5248
2801	0.4753	0.5247
2802	0.4753	0.5247
2803	0.4753	0.5247
2804	0.4752	0.5248
2805	0.4751	0.5249
2806	0.4753	0.5247
2807	0.4756	0.5244
2808	0.4756	0.5244
2809	0.4757	0.5243
2810	0.4755	0.5245
2811	0.4756	0.5244
2812	0.4755	0.5245
2813	0.4752	0.5248
2814	0.4752	0.5248
2815	0.4752	0.5248
2816	0.4751	0.5249
2817	0.4754	0.5246
2818	0.4747	0.5253
2819	0.4745	0.5255
2820	0.4745	0.5255
2821	0.4739	0.5261
2822	0.474	0.526
2823	0.4739	0.5261
2824	0.4738	0.5262
2825	0.4736	0.5264
2826	0.474	0.526
2827	0.4743	0.5257
2828	0.4739	0.5261
2829	0.4744	0.5256
2830	0.4745	0.5255
2831	0.4742	0.5258
2832	0.4743	0.5257
2833	0.4742	0.5258
2834	0.4744	0.5256
2835	0.4744	0.5256
2836	0.4741	0.5259
2837	0.4739	0.5261
2838	0.4731	0.5269
2839	0.4731	0.5269
2840	0.4731	0.5269
2841	0.4732	0.5268
2842	0.4729	0.5271
2843	0.4734	0.5266
2844	0.4736	0.5264
2845	0.4735	0.5265
2846	0.4734	0.5266
2847	0.4731	0.5269
2848	0.473	0.527
2849	0.4733	0.5267
2850	0.4731	0.5269
2851	0.4727	0.5273
2852	0.4719	0.5281
2853	0.4718	0.5282
2854	0.4718	0.5282
2855	0.4721	0.5279
2856	0.4722	0.5278
2857	0.4722	0.5278
2858	0.4719	0.5281
2859	0.472	0.528
2860	0.4714	0.5286
2861	0.4716	0.5284
2862	0.4716	0.5284
2863	0.4714	0.5286
2864	0.4712	0.5288
2865	0.4714	0.5286
2866	0.4711	0.5289
2867	0.471	0.529
2868	0.4709	0.5291
2869	0.4712	0.5288
2870	0.4711	0.5289
2871	0.471	0.529
2872	0.4715	0.5285
2873	0.471	0.529
2874	0.4713	0.5287
2875	0.4716	0.5284
2876	0.4719	0.5281
2877	0.4718	0.5282
2878	0.4714	0.5286
2879	0.4708	0.5292
2880	0.4707	0.5293
2881	0.4708	0.5292
2882	0.4706	0.5294
2883	0.4708	0.5292
2884	0.4708	0.5292
2885	0.4708	0.5292
2886	0.4708	0.5292
2887	0.4707	0.5293
2888	0.4704	0.5296
2889	0.4707	0.5293
2890	0.4708	0.5292
2891	0.4707	0.5293
2892	0.4709	0.5291
2893	0.4714	0.5286
2894	0.4717	0.5283
2895	0.4716	0.5284
2896	0.4714	0.5286
2897	0.4709	0.5291
2898	0.4705	0.5295
2899	0.4709	0.5291
2900	0.4707	0.5293
2901	0.4707	0.5293
2902	0.4708	0.5292
2903	0.4708	0.5292
2904	0.4709	0.5291
2905	0.4708	0.5292
2906	0.4713	0.5287
2907	0.4711	0.5289
2908	0.471	0.529
2909	0.4711	0.5289
2910	0.4714	0.5286
2911	0.4712	0.5288
2912	0.4713	0.5287
2913	0.4717	0.5283
2914	0.4717	0.5283
2915	0.4715	0.5285
2916	0.4714	0.5286
2917	0.4715	0.5285
2918	0.4716	0.5284
2919	0.471	0.529
2920	0.4707	0.5293
2921	0.4705	0.5295
2922	0.4704	0.5296
2923	0.4702	0.5298
2924	0.4702	0.5298
2925	0.4698	0.5302
2926	0.4698	0.5302
2927	0.4702	0.5298
2928	0.4705	0.5295
2929	0.4704	0.5296
2930	0.4703	0.5297
2931	0.4704	0.5296
2932	0.4703	0.5297
2933	0.4698	0.5302
2934	0.4703	0.5297
2935	0.4702	0.5298
2936	0.47	0.53
2937	0.4701	0.5299
2938	0.4699	0.5301
2939	0.4696	0.5304
2940	0.4693	0.5307
2941	0.4689	0.5311
2942	0.4685	0.5315
2943	0.4689	0.5311
2944	0.4691	0.5309
2945	0.4687	0.5313
2946	0.469	0.531
2947	0.4691	0.5309
2948	0.4688	0.5312
2949	0.4687	0.5313
2950	0.4687	0.5313
2951	0.4686	0.5314
2952	0.4687	0.5313
2953	0.4684	0.5316
2954	0.4686	0.5314
2955	0.4686	0.5314
2956	0.4685	0.5315
2957	0.4687	0.5313
2958	0.4686	0.5314
2959	0.4683	0.5317
2960	0.4683	0.5317
2961	0.4685	0.5315
2962	0.4684	0.5316
2963	0.4681	0.5319
2964	0.468	0.532
2965	0.4677	0.5323
2966	0.4676	0.5324
2967	0.4674	0.5326
2968	0.4673	0.5327
2969	0.467	0.533
2970	0.4667	0.5333
2971	0.4668	0.5332
2972	0.4666	0.5334
2973	0.4666	0.5334
2974	0.4666	0.5334
2975	0.4665	0.5335
2976	0.4665	0.5335
2977	0.4665	0.5335
2978	0.4666	0.5334
2979	0.4666	0.5334
2980	0.4669	0.5331
2981	0.467	0.533
2982	0.4667	0.5333
2983	0.4669	0.5331
2984	0.4668	0.5332
2985	0.4672	0.5328
2986	0.4668	0.5332
2987	0.4665	0.5335
2988	0.4663	0.5337
2989	0.4662	0.5338
2990	0.4666	0.5334
2991	0.4666	0.5334
2992	0.4668	0.5332
2993	0.4666	0.5334
2994	0.4669	0.5331
2995	0.4669	0.5331
2996	0.4674	0.5326
2997	0.4671	0.5329
2998	0.4669	0.5331
2999	0.4669	0.5331
		
		
		
		
		
		
		
