-0.90379	0.87057
-0.82312	0.89063
-0.8208	0.8888
-0.81836	0.88692
-0.81606	0.88523
-0.81372	0.88354
-0.8115	0.88192
-0.80951	0.88044
-0.80784	0.87929
-0.80636	0.87823
-0.80532	0.87742
-0.80447	0.87682
-0.80405	0.87647
-0.80429	0.8765
-0.80462	0.87667
-0.80536	0.87709
-0.80664	0.87779
-0.80819	0.87874
-0.80998	0.87974
-0.81212	0.88104
-0.81429	0.88237
-0.8166	0.88379
-0.81891	0.88515
-0.82112	0.88652
-0.8232	0.8878
-0.82512	0.88899
-0.82678	0.88997
-0.82816	0.89083
-0.8293	0.8915
-0.83015	0.89194
-0.83074	0.89226
-0.83103	0.8923
-0.83113	0.89222
-0.83092	0.89189
-0.83049	0.89141
-0.82976	0.8907
-0.82874	0.88978
-0.8275	0.88869
-0.82598	0.88742
-0.82428	0.88609
-0.8224	0.88466
-0.82053	0.8832
-0.81847	0.88174
-0.81647	0.88034
-0.81459	0.87905
-0.81288	0.87802
-0.81121	0.87688
-0.80992	0.87612
-0.8088	0.87551
-0.808	0.87515
-0.80752	0.87505
-0.80742	0.87518
-0.80754	0.87548
-0.8081	0.87612
-0.80894	0.87696
-0.81011	0.878
-0.81153	0.87923
-0.81325	0.88068
-0.81514	0.88226
-0.81718	0.88393
-0.81928	0.88565
-0.82142	0.88743
-0.82349	0.88917
-0.82549	0.89084
-0.8273	0.8924
-0.82897	0.89389
-0.83044	0.89524
-0.83171	0.89643
-0.8327	0.89745
-0.83353	0.89834
-0.83399	0.89895
-0.83423	0.89941
-0.83424	0.89966
-0.83395	0.89967
-0.83334	0.89946
-0.83243	0.899
-0.8312	0.89824
-0.82966	0.89726
-0.82786	0.89607
-0.82586	0.89472
-0.82367	0.89315
-0.82144	0.89165
-0.81918	0.88995
-0.81702	0.88855
-0.81496	0.88719
-0.81323	0.88608
-0.81161	0.88503
-0.81027	0.88427
-0.80928	0.88379
-0.80853	0.88351
-0.8081	0.88348
-0.80798	0.88365
-0.80825	0.88414
-0.80875	0.8848
-0.8095	0.8856
-0.81053	0.88658
-0.81177	0.88769
-0.81308	0.88883
-0.81453	0.89005
-0.816	0.89129
-0.8174	0.89247
-0.81881	0.89362
-0.82008	0.8947
-0.82124	0.89566
-0.8222	0.89652
-0.82302	0.8972
-0.82372	0.89782
-0.82414	0.89826
-0.82448	0.8986
-0.82457	0.89877
-0.82453	0.89878
-0.82423	0.89867
-0.82373	0.8984
-0.82306	0.89794
-0.82213	0.89727
-0.82097	0.89641
-0.81957	0.89537
-0.8179	0.89416
-0.8161	0.89285
-0.81415	0.89136
-0.81209	0.88976
-0.80999	0.88809
-0.80797	0.88656
-0.806	0.8851
-0.80418	0.88362
-0.80264	0.88241
-0.80127	0.88133
-0.80029	0.8806
-0.79947	0.88006
-0.79898	0.87964
-0.79885	0.8795
-0.79892	0.87958
-0.79934	0.87981
-0.79996	0.88011
-0.80086	0.88077
-0.80211	0.88154
-0.80327	0.88245
-0.80469	0.88351
-0.80615	0.88466
-0.80762	0.88572
-0.809	0.88682
-0.81023	0.88771
-0.81133	0.88863
-0.81235	0.88944
-0.8131	0.89007
-0.81386	0.89067
-0.81438	0.89114
-0.81473	0.89147
-0.81501	0.89179
-0.81509	0.89193
-0.81501	0.89195
-0.81484	0.8919
-0.81449	0.8917
-0.81402	0.89141
-0.81337	0.89098
-0.8126	0.89047
-0.8117	0.88985
-0.81065	0.88913
-0.80959	0.8883
-0.80841	0.88744
-0.80722	0.88655
-0.80615	0.88569
-0.80508	0.88483
-0.80405	0.88398
-0.80323	0.88324
-0.80266	0.88264
-0.8021	0.88206
-0.80188	0.8817
-0.80182	0.88145
-0.80207	0.88137
-0.80257	0.88145
-0.80317	0.88178
-0.8042	0.88224
-0.80537	0.88293
-0.80677	0.88373
-0.80833	0.8846
-0.81006	0.88575
-0.81181	0.88702
-0.81367	0.88832
-0.81544	0.88965
-0.81724	0.89098
-0.81886	0.89223
-0.8204	0.89345
-0.82182	0.89455
-0.82308	0.89558
-0.82414	0.89646
-0.82506	0.89726
-0.82587	0.89796
-0.82651	0.89854
-0.82693	0.89889
-0.82725	0.89917
-0.82741	0.89931
-0.8273	0.89924
-0.82711	0.89911
-0.82679	0.89881
-0.82623	0.89841
-0.82558	0.89785
-0.82486	0.89721
-0.82407	0.89651
-0.82327	0.89579
-0.8225	0.89504
-0.82179	0.89434
-0.82111	0.89367
-0.82063	0.89308
-0.8202	0.89254
-0.81995	0.89212
-0.81979	0.89177
-0.81981	0.89154
-0.81993	0.89137
-0.82024	0.89133
-0.82072	0.89138
-0.82129	0.89148
-0.82195	0.89168
-0.82278	0.89199
-0.8236	0.89231
-0.82448	0.89264
-0.82528	0.89289
-0.82623	0.8934
-0.82703	0.8938
-0.82785	0.89422
-0.82851	0.89456
-0.82911	0.89485
-0.82966	0.89513
-0.83004	0.89534
-0.83039	0.89562
-0.83054	0.89558
-0.8307	0.89579
-0.83063	0.89571
-0.83047	0.89559
-0.8302	0.89543
-0.82972	0.8951
-0.82913	0.89467
-0.8285	0.89417
-0.82766	0.89354
-0.82679	0.89287
-0.8258	0.89206
-0.82472	0.89118
-0.82374	0.89034
-0.82276	0.8895
-0.82185	0.88868
-0.82097	0.88786
-0.82026	0.88716
-0.81965	0.88652
-0.81919	0.88596
-0.81887	0.8855
-0.81868	0.88519
-0.81863	0.88489
-0.81871	0.88471
-0.81888	0.88457
-0.81927	0.88461
-0.81968	0.88454
-0.8202	0.88465
-0.82078	0.88475
-0.8213	0.88475
-0.82193	0.88486
-0.82257	0.88507
-0.82317	0.88512
-0.82365	0.88515
-0.82416	0.88527
-0.82462	0.88542
-0.82494	0.88546
-0.82523	0.8856
-0.8254	0.88571
-0.82547	0.88579
-0.82554	0.88594
-0.82553	0.88615
-0.82533	0.88625
-0.82516	0.88648
-0.82488	0.8867
-0.8245	0.88687
-0.82411	0.88713
-0.82354	0.88714
-0.82297	0.88721
-0.8224	0.88736
-0.82175	0.88742
-0.82112	0.8874
-0.82052	0.88739
-0.81995	0.88733
-0.81943	0.88728
-0.81903	0.88728
-0.81871	0.8873
-0.81852	0.88736
-0.81855	0.88753
-0.81861	0.88771
-0.81873	0.88797
-0.81903	0.8883
-0.8194	0.8886
-0.8199	0.88908
-0.82048	0.88957
-0.82112	0.89007
-0.82174	0.89061
-0.8224	0.89113
-0.82306	0.89167
-0.82369	0.89213
-0.82424	0.89263
-0.82476	0.89306
-0.8251	0.89345
-0.82535	0.89374
-0.82554	0.89397
-0.82555	0.89412
-0.82543	0.89422
-0.82526	0.89427
-0.82492	0.89424
-0.8245	0.89417
-0.82392	0.89404
-0.82327	0.89381
-0.82251	0.89356
-0.82165	0.89339
-0.82063	0.89282
-0.81951	0.89244
-0.81837	0.89204
-0.81723	0.89161
-0.81587	0.89106
-0.81471	0.89065
-0.81354	0.89014
-0.81247	0.88954
-0.81141	0.88899
-0.81059	0.88856
-0.80987	0.88815
-0.80948	0.8878
-0.80919	0.88765
-0.80909	0.88748
-0.80911	0.88741
-0.80955	0.88759
-0.80983	0.8877
-0.8105	0.88797
-0.8112	0.88831
-0.81195	0.88865
-0.81271	0.88897
-0.81355	0.88936
-0.81435	0.88972
-0.81503	0.88998
-0.81573	0.89028
-0.81633	0.89051
-0.81682	0.89063
-0.81705	0.89065
-0.8172	0.8906
-0.81728	0.89042
-0.81707	0.89021
-0.81687	0.88987
-0.81654	0.8895
-0.81602	0.88898
-0.81543	0.8884
-0.81466	0.88775
-0.81377	0.88699
-0.8127	0.88621
-0.81148	0.8853
-0.81014	0.88427
-0.80858	0.88317
-0.80691	0.88205
-0.80513	0.88086
-0.8034	0.87974
-0.80166	0.87872
-0.80002	0.87774
-0.79865	0.87699
-0.79742	0.87625
-0.79647	0.8757
-0.79563	0.87524
-0.79525	0.87501
-0.79514	0.87485
-0.79533	0.87491
-0.79582	0.8752
-0.79659	0.8756
-0.7975	0.87598
-0.79875	0.87672
-0.80016	0.87755
-0.80168	0.87851
-0.80332	0.87956
-0.80499	0.88063
-0.80659	0.88171
-0.80812	0.88268
-0.80956	0.88369
-0.81087	0.88458
-0.812	0.88539
-0.8129	0.88606
-0.81367	0.88667
-0.81426	0.88709
-0.81466	0.88742
-0.81492	0.88767
-0.81506	0.8878
-0.81498	0.88781
-0.81483	0.88778
-0.81449	0.88764
-0.81402	0.88741
-0.8133	0.88706
-0.81245	0.88663
-0.81143	0.88615
-0.81016	0.88551
-0.80883	0.8849
-0.80732	0.88416
-0.80578	0.88348
-0.80409	0.88272
-0.80244	0.88192
-0.80096	0.88132
-0.79962	0.88076
-0.79852	0.88027
-0.79778	0.87997
-0.79737	0.87989
-0.79737	0.87998
-0.79781	0.88033
-0.79868	0.88081
-0.79989	0.8815
-0.80135	0.88237
-0.80323	0.88338
-0.80534	0.88464
-0.80762	0.88587
-0.81005	0.88723
-0.81258	0.88873
-0.81502	0.89011
-0.8174	0.89147
-0.81956	0.89275
-0.82148	0.89391
-0.82319	0.89485
-0.82462	0.8957
-0.82581	0.89636
-0.82666	0.89683
-0.8273	0.89717
-0.8277	0.8973
-0.82794	0.89732
-0.82789	0.89722
-0.82773	0.89698
-0.82733	0.89661
-0.82674	0.89615
-0.82587	0.89551
-0.82489	0.89485
-0.82368	0.89401
-0.82219	0.89313
-0.82058	0.89209
-0.81874	0.89098
-0.81689	0.8899
-0.81501	0.88877
-0.8131	0.88763
-0.81138	0.88659
-0.80978	0.88559
-0.80842	0.88471
-0.80745	0.88399
-0.80675	0.88348
-0.80648	0.88303
-0.80649	0.88287
-0.80695	0.8828
-0.80773	0.88296
-0.80887	0.88332
-0.81037	0.88383
-0.81206	0.88448
-0.81409	0.88525
-0.81619	0.88616
-0.81832	0.88707
-0.82061	0.88819
-0.82263	0.88887
-0.82467	0.8898
-0.82649	0.89072
-0.82808	0.89153
-0.8293	0.89207
-0.83028	0.89261
-0.83096	0.89292
-0.83135	0.89311
-0.83158	0.8933
-0.83157	0.89326
-0.83132	0.89312
-0.83088	0.89283
-0.83024	0.89246
-0.82938	0.89194
-0.82829	0.89127
-0.82688	0.89045
-0.82524	0.8895
-0.82331	0.88845
-0.82116	0.88731
-0.81877	0.88605
-0.81626	0.88473
-0.81377	0.88343
-0.8112	0.88213
-0.80888	0.88096
-0.80679	0.87997
-0.80494	0.87909
-0.80354	0.87845
-0.80262	0.87809
-0.80213	0.87789
-0.80221	0.87808
-0.80268	0.87842
-0.80358	0.87899
-0.80506	0.8799
-0.80677	0.88094
-0.80889	0.88218
-0.81131	0.8836
-0.81385	0.8851
-0.81656	0.88668
-0.81918	0.88821
-0.82175	0.88974
-0.82412	0.89114
-0.82627	0.89241
-0.82814	0.89351
-0.82965	0.89449
-0.83085	0.89516
-0.83165	0.89566
-0.83221	0.89623
-0.83244	0.89629
-0.83245	0.89643
-0.83224	0.8963
-0.83169	0.89598
-0.831	0.89558
-0.83001	0.895
-0.82873	0.89424
-0.82712	0.89329
-0.82519	0.8922
-0.82277	0.89076
-0.82003	0.88921
-0.8169	0.88743
-0.81347	0.88552
-0.80976	0.88346
-0.80592	0.88133
-0.80203	0.87921
-0.79827	0.87722
-0.79486	0.87539
-0.79183	0.87382
-0.78932	0.87247
-0.7874	0.8715
-0.78613	0.87083
-0.78543	0.87051
-0.78554	0.87058
-0.78624	0.87099
-0.78759	0.87171
-0.78958	0.87272
-0.79181	0.87392
-0.7945	0.87527
-0.79739	0.87676
-0.80044	0.8782
-0.80341	0.87973
-0.8062	0.88097
-0.80861	0.88202
-0.8107	0.88285
-0.81231	0.88337
-0.81345	0.88365
-0.81411	0.88358
-0.81436	0.88331
-0.81428	0.88278
-0.81374	0.88197
-0.81308	0.88113
-0.81218	0.8801
-0.8111	0.87899
-0.80984	0.87776
-0.80834	0.87646
-0.80668	0.87523
-0.80459	0.87366
-0.80225	0.87208
-0.7995	0.87024
-0.79636	0.86826
-0.79289	0.86608
-0.78908	0.8638
-0.785	0.86136
-0.78082	0.85897
-0.77669	0.85664
-0.77271	0.8544
-0.76891	0.85238
-0.76562	0.85068
-0.76294	0.84925
-0.76066	0.8481
-0.75921	0.84735
-0.75848	0.84702
-0.7585	0.84702
-0.75913	0.84742
-0.76049	0.84808
-0.76255	0.84912
-0.7651	0.85038
-0.76813	0.85187
-0.77144	0.85352
-0.77499	0.85519
-0.77841	0.85687
-0.78175	0.85844
-0.78482	0.85985
-0.7874	0.86104
-0.78959	0.86199
-0.79129	0.86272
-0.79254	0.86318
-0.79334	0.86345
-0.79379	0.86349
-0.79396	0.86341
-0.79397	0.86321
-0.79376	0.86289
-0.79333	0.86246
-0.79279	0.86197
-0.792	0.86132
-0.79099	0.86053
-0.78955	0.85951
-0.78777	0.85842
-0.78548	0.85699
-0.78285	0.85558
-0.77973	0.85375
-0.77632	0.85193
-0.77279	0.85019
-0.76909	0.84822
-0.76562	0.84658
-0.76245	0.84515
-0.75949	0.84378
-0.75697	0.84266
-0.75513	0.84194
-0.75389	0.84151
-0.7533	0.84145
-0.75343	0.84183
-0.75429	0.84252
-0.75584	0.8437
-0.75799	0.84511
-0.76089	0.84691
-0.76412	0.84889
-0.76778	0.85112
-0.7717	0.85343
-0.77568	0.85581
-0.77964	0.85812
-0.78342	0.86035
-0.78697	0.86244
-0.79014	0.86442
-0.79292	0.86614
-0.79525	0.86767
-0.79721	0.86898
-0.79883	0.87013
-0.80012	0.87111
-0.80118	0.87195
-0.80205	0.87268
-0.80274	0.87329
-0.80328	0.87377
-0.80364	0.87412
-0.80369	0.8743
-0.80338	0.87423
-0.80268	0.87394
-0.8014	0.87334
-0.79959	0.87237
-0.79718	0.87116
-0.79421	0.86962
-0.7908	0.86777
-0.7871	0.86581
-0.78348	0.86386
-0.77959	0.86176
-0.77622	0.85999
-0.77336	0.85843
-0.77088	0.85711
-0.76929	0.8562
-0.76836	0.85584
-0.76839	0.85596
-0.76916	0.85645
-0.77065	0.85737
-0.77304	0.85884
-0.77573	0.86025
-0.77934	0.86212
-0.78311	0.86419
-0.78729	0.86646
-0.79185	0.86901
-0.79635	0.87159
-0.80072	0.87417
-0.80492	0.87667
-0.80877	0.87893
-0.81226	0.88107
-0.81524	0.88296
-0.81773	0.88452
-0.81978	0.88588
-0.82139	0.887
-0.82264	0.88792
-0.82351	0.88855
-0.82414	0.88905
-0.82447	0.88937
-0.82454	0.88943
-0.82434	0.88937
-0.82383	0.88904
-0.82292	0.88848
-0.82155	0.88761
-0.81968	0.88643
-0.81723	0.88486
-0.8142	0.88303
-0.81059	0.88085
-0.80656	0.87835
-0.80211	0.87567
-0.7974	0.87281
-0.79281	0.86998
-0.78817	0.86713
-0.78392	0.8645
-0.78005	0.86205
-0.77674	0.85994
-0.7741	0.85821
-0.77225	0.85676
-0.77128	0.85596
-0.77119	0.8556
-0.77202	0.8558
-0.77375	0.85646
-0.77642	0.85768
-0.77972	0.8593
-0.78349	0.86121
-0.78764	0.86331
-0.79221	0.8656
-0.79667	0.86802
-0.80092	0.87009
-0.80505	0.87239
-0.80888	0.87458
-0.81225	0.87662
-0.81521	0.87849
-0.81762	0.88018
-0.8196	0.88163
-0.82109	0.88289
-0.82223	0.88393
-0.82296	0.88473
-0.82344	0.88537
-0.82361	0.88577
-0.82355	0.88595
-0.82319	0.88599
-0.82251	0.88574
-0.82156	0.88533
-0.8201	0.88452
-0.8182	0.88346
-0.81591	0.88212
-0.81316	0.88054
-0.80993	0.87859
-0.80644	0.87654
-0.80268	0.8743
-0.79877	0.87193
-0.79486	0.86957
-0.79108	0.86721
-0.78748	0.86503
-0.7842	0.86296
-0.78132	0.86106
-0.77886	0.85944
-0.77694	0.85807
-0.77562	0.85695
-0.77498	0.85619
-0.77492	0.85576
-0.77537	0.85548
-0.7766	0.85563
-0.77832	0.85597
-0.78045	0.8566
-0.78284	0.85729
-0.78556	0.85818
-0.78824	0.85913
-0.79083	0.86003
-0.79329	0.86107
-0.79543	0.86191
-0.79729	0.86268
-0.79872	0.86324
-0.79981	0.86378
-0.8005	0.86415
-0.80086	0.8644
-0.80087	0.86458
-0.80063	0.86458
-0.80005	0.86433
-0.79922	0.86391
-0.79814	0.86338
-0.79681	0.86259
-0.79513	0.86161
-0.79313	0.86033
-0.79081	0.85881
-0.78807	0.85704
-0.78505	0.85497
-0.78169	0.85283
-0.77813	0.85049
-0.77441	0.84801
-0.77065	0.84557
-0.76703	0.84317
-0.76348	0.84076
-0.76016	0.83851
-0.75723	0.83644
-0.75463	0.83455
-0.75233	0.83282
-0.75057	0.83131
-0.74919	0.83008
-0.74832	0.82901
-0.74792	0.82817
-0.74788	0.8275
-0.74824	0.827
-0.74895	0.82664
-0.75003	0.82644
-0.75127	0.82637
-0.75261	0.82624
-0.75402	0.82619
-0.75537	0.82609
-0.75666	0.82604
-0.75776	0.8259
-0.75868	0.82566
-0.75941	0.82545
-0.75991	0.82522
-0.76021	0.82502
-0.76035	0.82487
-0.76019	0.82449
-0.75993	0.82408
-0.75951	0.82386
-0.75889	0.82354
-0.75816	0.82323
-0.75722	0.8228
-0.75613	0.82234
-0.75474	0.82165
-0.75312	0.82086
-0.75111	0.81982
-0.74888	0.81861
-0.74637	0.81725
-0.74372	0.81574
-0.74099	0.81423
-0.73818	0.81259
-0.73547	0.81105
-0.73296	0.80957
-0.73072	0.80822
-0.72888	0.80704
-0.72722	0.80603
-0.72602	0.80521
-0.72518	0.8046
-0.72484	0.80419
-0.72494	0.80399
-0.72549	0.80405
-0.7263	0.8042
-0.72744	0.80452
-0.72902	0.80506
-0.73067	0.8056
-0.73258	0.8063
-0.73449	0.807
-0.73648	0.80779
-0.73848	0.80862
-0.74042	0.80946
-0.74227	0.81028
-0.74403	0.81116
-0.74572	0.81208
-0.74724	0.81299
-0.74869	0.81391
-0.75	0.81485
-0.75122	0.81578
-0.75245	0.81692
-0.75349	0.81806
-0.7544	0.81905
-0.75525	0.8202
-0.75596	0.82136
-0.75651	0.8224
-0.75684	0.82339
-0.75692	0.82429
-0.75675	0.82501
-0.75623	0.82554
-0.75548	0.82587
-0.75452	0.82605
-0.75336	0.82608
-0.75203	0.82599
-0.7507	0.82578
-0.74942	0.82562
-0.74826	0.82538
-0.74727	0.82524
-0.74647	0.82512
-0.74607	0.82514
-0.74603	0.82537
-0.74634	0.8257
-0.74713	0.82625
-0.74835	0.82698
-0.74995	0.82787
-0.75197	0.829
-0.75416	0.83015
-0.75665	0.8315
-0.75935	0.83298
-0.76216	0.83454
-0.76497	0.83613
-0.76781	0.83778
-0.77058	0.83944
-0.77324	0.84114
-0.77586	0.84285
-0.77831	0.84449
-0.78064	0.84621
-0.78279	0.84784
-0.78482	0.84948
-0.78667	0.85106
-0.78836	0.85253
-0.78994	0.85412
-0.79126	0.85532
-0.79242	0.85653
-0.79336	0.85758
-0.79404	0.85849
-0.79437	0.85904
-0.79449	0.85944
-0.79423	0.85961
-0.79377	0.85962
-0.79289	0.8595
-0.79188	0.85919
-0.79056	0.85869
-0.78908	0.85793
-0.78759	0.85725
-0.78587	0.85622
-0.78422	0.8554
-0.78262	0.85441
-0.7811	0.85343
-0.77981	0.85266
-0.77867	0.85194
-0.77793	0.85145
-0.77754	0.85109
-0.77758	0.85099
-0.77769	0.85087
-0.77837	0.85112
-0.77932	0.85143
-0.78056	0.85208
-0.78206	0.85277
-0.78374	0.85368
-0.78562	0.85472
-0.78756	0.85581
-0.78958	0.8571
-0.7916	0.85841
-0.7936	0.85977
-0.79555	0.86116
-0.7974	0.8625
-0.79914	0.86388
-0.80075	0.86522
-0.80221	0.86652
-0.80347	0.86768
-0.80457	0.86875
-0.80541	0.86965
-0.80613	0.87048
-0.80652	0.871
-0.8067	0.87137
-0.80653	0.87144
-0.80609	0.87127
-0.80529	0.87081
-0.80419	0.87019
-0.80275	0.86927
-0.80103	0.86814
-0.79906	0.86682
-0.79686	0.86536
-0.7945	0.86375
-0.79209	0.86214
-0.78954	0.86034
-0.787	0.85851
-0.78461	0.85676
-0.78226	0.85508
-0.78017	0.85343
-0.77832	0.85194
-0.77668	0.85051
-0.77546	0.84929
-0.77441	0.84823
-0.77403	0.84764
-0.77392	0.84717
-0.77404	0.84668
-0.77448	0.84652
-0.77524	0.84665
-0.77626	0.84714
-0.7774	0.84779
-0.7787	0.84846
-0.78005	0.84919
-0.78148	0.85023
-0.78286	0.85114
-0.78414	0.8521
-0.7854	0.8531
-0.78655	0.85397
-0.7875	0.85486
-0.78827	0.85558
-0.78883	0.85617
-0.78916	0.85657
-0.78925	0.8568
-0.7891	0.85681
-0.78863	0.85657
-0.7879	0.8561
-0.7868	0.85534
-0.78553	0.85441
-0.78378	0.85314
-0.7818	0.8517
-0.77949	0.84995
-0.77693	0.84808
-0.77404	0.84596
-0.77089	0.84362
-0.76756	0.8411
-0.76402	0.83843
-0.76035	0.83561
-0.75654	0.83262
-0.75273	0.8296
-0.74905	0.82642
-0.74556	0.82333
-0.74238	0.82033
-0.73957	0.81745
-0.73725	0.81494
-0.73539	0.8127
-0.73405	0.81086
-0.73313	0.80926
-0.7326	0.8079
-0.73268	0.80719
-0.73289	0.80651
-0.73336	0.80592
-0.73412	0.80592
