#t	--	--	--	--
0	1E-4	0.9999	0	0
1	1E-4	0.9999	0	0
2	1E-4	0.9999	0	0
3	2E-4	0.9998	0	0
4	2E-4	0.9998	0	0
5	2E-4	0.9998	0	0
6	3E-4	0.9997	0	0
7	3E-4	0.9997	0	0
8	3E-4	0.9997	0	0
9	3E-4	0.9997	0	0
10	4E-4	0.9996	0	0
11	4E-4	0.9996	0	0
12	4E-4	0.9996	0	0
13	6E-4	0.9994	0	0
14	8E-4	0.9992	0	0
15	9E-4	0.9991	0	0
16	0.0012	0.9988	0	0
17	0.0017	0.9983	0	0
18	0.0022	0.9978	0	0
19	0.0026	0.9974	0	0
20	0.003	0.997	0	0
21	0.0033	0.9967	0	0
22	0.0038	0.9962	0	0
23	0.0039	0.996	1E-4	0
24	0.0041	0.9958	1E-4	0
25	0.0043	0.9956	1E-4	0
26	0.0044	0.9955	1E-4	0
27	0.0049	0.995	1E-4	0
28	0.0056	0.9943	1E-4	0
29	0.0058	0.9941	1E-4	0
30	0.0062	0.9937	1E-4	0
31	0.0068	0.9931	1E-4	0
32	0.0076	0.9923	1E-4	0
33	0.0086	0.9913	1E-4	0
34	0.0091	0.9908	1E-4	0
35	0.0092	0.9907	1E-4	0
36	0.0098	0.9901	1E-4	0
37	0.0111	0.9888	1E-4	0
38	0.0123	0.9876	1E-4	0
39	0.013	0.9869	1E-4	0
40	0.0141	0.9858	1E-4	0
41	0.0151	0.9848	1E-4	0
42	0.0158	0.9841	1E-4	0
43	0.0165	0.9834	1E-4	0
44	0.017	0.9829	1E-4	0
45	0.0173	0.9826	1E-4	0
46	0.018	0.9819	1E-4	0
47	0.0185	0.9814	1E-4	0
48	0.0191	0.9808	1E-4	0
49	0.0206	0.9793	1E-4	0
50	0.0211	0.9788	1E-4	0
51	0.0221	0.9778	1E-4	0
52	0.0237	0.9762	1E-4	0
53	0.0245	0.9754	1E-4	0
54	0.0254	0.9745	1E-4	0
55	0.0261	0.9738	1E-4	0
56	0.0272	0.9727	1E-4	0
57	0.0282	0.9717	1E-4	0
58	0.0294	0.9705	1E-4	0
59	0.0304	0.9695	1E-4	0
60	0.0316	0.9683	1E-4	0
61	0.0334	0.9665	1E-4	0
62	0.0344	0.9655	1E-4	0
63	0.0353	0.9646	1E-4	0
64	0.0363	0.9636	1E-4	0
65	0.0367	0.9632	1E-4	0
66	0.0379	0.962	1E-4	0
67	0.0387	0.9612	1E-4	0
68	0.0393	0.9606	1E-4	0
69	0.0412	0.9587	1E-4	0
70	0.0424	0.9575	1E-4	0
71	0.0438	0.9561	1E-4	0
72	0.0445	0.9554	1E-4	0
73	0.0454	0.9545	1E-4	0
74	0.0463	0.9536	1E-4	0
75	0.047	0.9529	1E-4	0
76	0.048	0.9519	1E-4	0
77	0.0493	0.9506	1E-4	0
78	0.0504	0.9495	1E-4	0
79	0.0515	0.9484	1E-4	0
80	0.0527	0.9472	1E-4	0
81	0.0534	0.9465	1E-4	0
82	0.0541	0.9458	1E-4	0
83	0.0546	0.9453	1E-4	0
84	0.0554	0.9445	1E-4	0
85	0.0559	0.944	1E-4	0
86	0.0568	0.9431	1E-4	0
87	0.0574	0.9425	1E-4	0
88	0.0582	0.9417	1E-4	0
89	0.0587	0.9412	1E-4	0
90	0.0593	0.9406	1E-4	0
91	0.0598	0.9401	1E-4	0
92	0.0611	0.9388	1E-4	0
93	0.0621	0.9378	1E-4	0
94	0.063	0.9369	1E-4	0
95	0.0634	0.9365	1E-4	0
96	0.0638	0.9361	1E-4	0
97	0.0655	0.9344	1E-4	0
98	0.0667	0.9332	1E-4	0
99	0.0672	0.9327	1E-4	0
100	0.0681	0.9318	1E-4	0
101	0.0685	0.9314	1E-4	0
102	0.0698	0.9301	1E-4	0
103	0.0705	0.9294	1E-4	0
104	0.0718	0.9281	1E-4	0
105	0.0725	0.9274	1E-4	0
106	0.0736	0.9263	1E-4	0
107	0.0744	0.9255	1E-4	0
108	0.0757	0.9242	1E-4	0
109	0.076	0.9239	1E-4	0
110	0.0766	0.9233	1E-4	0
111	0.0776	0.9223	1E-4	0
112	0.0779	0.922	1E-4	0
113	0.0784	0.9215	1E-4	0
114	0.0801	0.9198	1E-4	0
115	0.0805	0.9194	1E-4	0
116	0.0815	0.9184	1E-4	0
117	0.083	0.9169	1E-4	0
118	0.0847	0.9152	1E-4	0
119	0.0856	0.9143	1E-4	0
120	0.0868	0.9131	1E-4	0
121	0.0876	0.9123	1E-4	0
122	0.0884	0.9115	1E-4	0
123	0.0888	0.9111	1E-4	0
124	0.0897	0.9102	1E-4	0
125	0.0908	0.9091	1E-4	0
126	0.0916	0.9083	1E-4	0
127	0.0927	0.9072	1E-4	0
128	0.0936	0.9063	1E-4	0
129	0.0947	0.9052	1E-4	0
130	0.0956	0.9043	1E-4	0
131	0.096	0.9039	1E-4	0
132	0.0976	0.9023	1E-4	0
133	0.0992	0.9007	1E-4	0
134	0.1	0.8999	1E-4	0
135	0.1004	0.8995	1E-4	0
136	0.101	0.8989	1E-4	0
137	0.1016	0.8983	1E-4	0
138	0.1037	0.8962	1E-4	0
139	0.1061	0.8938	1E-4	0
140	0.1075	0.8924	1E-4	0
141	0.1085	0.8914	1E-4	0
142	0.1087	0.8912	1E-4	0
143	0.1092	0.8907	1E-4	0
144	0.1103	0.8896	1E-4	0
145	0.111	0.8889	1E-4	0
146	0.1121	0.8878	1E-4	0
147	0.1139	0.886	1E-4	0
148	0.1159	0.884	1E-4	0
149	0.1173	0.8826	1E-4	0
150	0.1184	0.8815	1E-4	0
151	0.1186	0.8813	1E-4	0
152	0.1191	0.8808	1E-4	0
153	0.1205	0.8794	1E-4	0
154	0.1217	0.8782	1E-4	0
155	0.1221	0.8778	1E-4	0
156	0.1228	0.8771	1E-4	0
157	0.1237	0.8762	1E-4	0
158	0.1253	0.8746	1E-4	0
159	0.1263	0.8736	1E-4	0
160	0.1279	0.872	1E-4	0
161	0.1288	0.8711	1E-4	0
162	0.1295	0.8704	1E-4	0
163	0.1307	0.8692	1E-4	0
164	0.1316	0.8683	1E-4	0
165	0.1339	0.866	1E-4	0
166	0.1364	0.8635	1E-4	0
167	0.1376	0.8623	1E-4	0
168	0.1387	0.8612	1E-4	0
169	0.1397	0.8601	2E-4	0
170	0.1408	0.859	2E-4	0
171	0.1422	0.8576	2E-4	0
172	0.1431	0.8567	2E-4	0
173	0.1443	0.8555	2E-4	0
174	0.1446	0.8552	2E-4	0
175	0.145	0.8548	2E-4	0
176	0.1466	0.8532	2E-4	0
177	0.1476	0.8522	2E-4	0
178	0.1481	0.8517	2E-4	0
179	0.1493	0.8505	2E-4	0
180	0.1505	0.8493	2E-4	0
181	0.1509	0.8489	2E-4	0
182	0.1514	0.8484	2E-4	0
183	0.1527	0.8471	2E-4	0
184	0.1535	0.8463	2E-4	0
185	0.1543	0.8455	2E-4	0
186	0.1557	0.8441	2E-4	0
187	0.1572	0.8426	2E-4	0
188	0.1578	0.842	2E-4	0
189	0.1582	0.8416	2E-4	0
190	0.1589	0.8409	2E-4	0
191	0.1601	0.8397	2E-4	0
192	0.1601	0.8397	2E-4	0
193	0.1611	0.8387	2E-4	0
194	0.1626	0.8372	2E-4	0
195	0.1634	0.8364	2E-4	0
196	0.1647	0.8351	2E-4	0
197	0.1655	0.8342	3E-4	0
198	0.1661	0.8336	3E-4	0
199	0.1675	0.8322	3E-4	0
200	0.1686	0.8311	3E-4	0
201	0.1697	0.83	3E-4	0
202	0.1708	0.8289	3E-4	0
203	0.1712	0.8285	3E-4	0
204	0.1715	0.8282	3E-4	0
205	0.1717	0.828	3E-4	0
206	0.1724	0.8273	3E-4	0
207	0.1729	0.8268	3E-4	0
208	0.1736	0.8261	3E-4	0
209	0.1749	0.8248	3E-4	0
210	0.1755	0.8242	3E-4	0
211	0.1765	0.8232	3E-4	0
212	0.1769	0.8228	3E-4	0
213	0.1781	0.8216	3E-4	0
214	0.179	0.8207	3E-4	0
215	0.1806	0.8191	3E-4	0
216	0.1811	0.8186	3E-4	0
217	0.1816	0.8181	3E-4	0
218	0.1824	0.8173	3E-4	0
219	0.183	0.8167	3E-4	0
220	0.1842	0.8155	3E-4	0
221	0.1844	0.8153	3E-4	0
222	0.1854	0.8143	3E-4	0
223	0.1865	0.8132	3E-4	0
224	0.1872	0.8125	3E-4	0
225	0.1877	0.812	3E-4	0
226	0.1883	0.8114	3E-4	0
227	0.1886	0.8111	3E-4	0
228	0.1893	0.8104	3E-4	0
229	0.1901	0.8096	3E-4	0
230	0.1908	0.8089	3E-4	0
231	0.192	0.8077	3E-4	0
232	0.192	0.8077	3E-4	0
233	0.1934	0.8063	3E-4	0
234	0.1947	0.805	3E-4	0
235	0.1955	0.8042	3E-4	0
236	0.1959	0.8038	3E-4	0
237	0.1964	0.8033	3E-4	0
238	0.1968	0.8029	3E-4	0
239	0.1979	0.8018	3E-4	0
240	0.1993	0.8004	3E-4	0
241	0.2	0.7997	3E-4	0
242	0.2009	0.7988	3E-4	0
243	0.2017	0.798	3E-4	0
244	0.202	0.7977	3E-4	0
245	0.2034	0.7963	3E-4	0
246	0.2044	0.7953	3E-4	0
247	0.2052	0.7945	3E-4	0
248	0.2058	0.7939	3E-4	0
249	0.2072	0.7925	3E-4	0
250	0.2085	0.7912	3E-4	0
251	0.2094	0.7903	3E-4	0
252	0.2104	0.7893	3E-4	0
253	0.2113	0.7884	2E-4	1E-4
254	0.2118	0.7879	2E-4	1E-4
255	0.2126	0.7871	2E-4	1E-4
256	0.213	0.7866	2E-4	2E-4
257	0.2136	0.786	2E-4	2E-4
258	0.2142	0.7854	2E-4	2E-4
259	0.2149	0.7846	2E-4	3E-4
260	0.2153	0.7842	2E-4	3E-4
261	0.2156	0.7839	2E-4	3E-4
262	0.2161	0.7834	2E-4	3E-4
263	0.2173	0.7822	2E-4	3E-4
264	0.2178	0.7817	2E-4	3E-4
265	0.2179	0.7816	2E-4	3E-4
266	0.2187	0.7808	2E-4	3E-4
267	0.2197	0.7798	2E-4	3E-4
268	0.2203	0.7792	2E-4	3E-4
269	0.221	0.7785	2E-4	3E-4
270	0.2217	0.7778	2E-4	3E-4
271	0.2223	0.7772	2E-4	3E-4
272	0.2231	0.7764	2E-4	3E-4
273	0.2237	0.7758	2E-4	3E-4
274	0.2244	0.7751	2E-4	3E-4
275	0.2247	0.7748	2E-4	3E-4
276	0.2254	0.7741	2E-4	3E-4
277	0.226	0.7735	2E-4	3E-4
278	0.2269	0.7726	2E-4	3E-4
279	0.2279	0.7716	2E-4	3E-4
280	0.2288	0.7707	2E-4	3E-4
281	0.2292	0.7703	2E-4	3E-4
282	0.2299	0.7696	2E-4	3E-4
283	0.23	0.7695	2E-4	3E-4
284	0.231	0.7685	2E-4	3E-4
285	0.2314	0.7681	2E-4	3E-4
286	0.2319	0.7676	2E-4	3E-4
287	0.2325	0.767	2E-4	3E-4
288	0.2339	0.7656	2E-4	3E-4
289	0.234	0.7655	2E-4	3E-4
290	0.2344	0.7651	2E-4	3E-4
291	0.2353	0.7642	2E-4	3E-4
292	0.2361	0.7634	2E-4	3E-4
293	0.2365	0.763	2E-4	3E-4
294	0.2373	0.7622	2E-4	3E-4
295	0.2377	0.7618	2E-4	3E-4
296	0.2389	0.7606	2E-4	3E-4
297	0.2389	0.7606	2E-4	3E-4
298	0.2394	0.7601	2E-4	3E-4
299	0.2402	0.7593	2E-4	3E-4
300	0.241	0.7585	2E-4	3E-4
301	0.2414	0.7581	2E-4	3E-4
302	0.2418	0.7577	2E-4	3E-4
303	0.242	0.7575	2E-4	3E-4
304	0.2426	0.7569	2E-4	3E-4
305	0.2432	0.7563	2E-4	3E-4
306	0.2433	0.7562	2E-4	3E-4
307	0.2444	0.7551	2E-4	3E-4
308	0.2451	0.7544	2E-4	3E-4
309	0.2452	0.7543	2E-4	3E-4
310	0.2457	0.7538	2E-4	3E-4
311	0.2457	0.7538	2E-4	3E-4
312	0.247	0.7525	2E-4	3E-4
313	0.2482	0.7513	2E-4	3E-4
314	0.2488	0.7507	2E-4	3E-4
315	0.2491	0.7504	2E-4	3E-4
316	0.2501	0.7494	2E-4	3E-4
317	0.251	0.7485	2E-4	3E-4
318	0.2523	0.7472	2E-4	3E-4
319	0.2526	0.7469	2E-4	3E-4
320	0.2531	0.7464	2E-4	3E-4
321	0.2538	0.7457	2E-4	3E-4
322	0.2542	0.7453	2E-4	3E-4
323	0.255	0.7445	2E-4	3E-4
324	0.2551	0.7444	2E-4	3E-4
325	0.256	0.7435	2E-4	3E-4
326	0.2566	0.7429	2E-4	3E-4
327	0.2569	0.7426	2E-4	3E-4
328	0.2582	0.7413	2E-4	3E-4
329	0.2586	0.7409	2E-4	3E-4
330	0.2595	0.74	2E-4	3E-4
331	0.2609	0.7386	2E-4	3E-4
332	0.2618	0.7377	2E-4	3E-4
333	0.262	0.7375	2E-4	3E-4
334	0.2622	0.7373	2E-4	3E-4
335	0.2633	0.7362	2E-4	3E-4
336	0.2642	0.7353	2E-4	3E-4
337	0.2646	0.7349	2E-4	3E-4
338	0.2654	0.7341	2E-4	3E-4
339	0.266	0.7335	2E-4	3E-4
340	0.2666	0.7329	2E-4	3E-4
341	0.2672	0.7323	2E-4	3E-4
342	0.2677	0.7318	2E-4	3E-4
343	0.2688	0.7307	2E-4	3E-4
344	0.2693	0.7302	2E-4	3E-4
345	0.2698	0.7297	2E-4	3E-4
346	0.2709	0.7286	2E-4	3E-4
347	0.2713	0.7282	2E-4	3E-4
348	0.272	0.7275	2E-4	3E-4
349	0.2724	0.7271	2E-4	3E-4
350	0.2729	0.7266	2E-4	3E-4
351	0.2729	0.7266	2E-4	3E-4
352	0.2729	0.7266	2E-4	3E-4
353	0.273	0.7265	2E-4	3E-4
354	0.2748	0.7247	2E-4	3E-4
355	0.2757	0.7238	2E-4	3E-4
356	0.2766	0.7229	2E-4	3E-4
357	0.2772	0.7223	2E-4	3E-4
358	0.2775	0.722	2E-4	3E-4
359	0.2784	0.7211	2E-4	3E-4
360	0.2786	0.7209	2E-4	3E-4
361	0.279	0.7205	2E-4	3E-4
362	0.2796	0.7199	2E-4	3E-4
363	0.2798	0.7197	2E-4	3E-4
364	0.2807	0.7188	2E-4	3E-4
365	0.2815	0.718	2E-4	3E-4
366	0.2819	0.7176	2E-4	3E-4
367	0.2819	0.7176	2E-4	3E-4
368	0.2826	0.7169	2E-4	3E-4
369	0.2838	0.7157	2E-4	3E-4
370	0.2844	0.7151	2E-4	3E-4
371	0.285	0.7145	2E-4	3E-4
372	0.2857	0.7138	2E-4	3E-4
373	0.2865	0.713	2E-4	3E-4
374	0.2873	0.7122	2E-4	3E-4
375	0.2877	0.7118	2E-4	3E-4
376	0.2889	0.7106	2E-4	3E-4
377	0.2891	0.7104	2E-4	3E-4
378	0.2899	0.7096	2E-4	3E-4
379	0.2903	0.7092	2E-4	3E-4
380	0.2919	0.7076	2E-4	3E-4
381	0.2934	0.7061	2E-4	3E-4
382	0.2941	0.7054	2E-4	3E-4
383	0.2942	0.7053	2E-4	3E-4
384	0.2942	0.7053	2E-4	3E-4
385	0.2946	0.7049	2E-4	3E-4
386	0.2953	0.7042	2E-4	3E-4
387	0.2964	0.7031	2E-4	3E-4
388	0.2966	0.7029	2E-4	3E-4
389	0.2974	0.7021	2E-4	3E-4
390	0.2977	0.7018	2E-4	3E-4
391	0.2982	0.7013	2E-4	3E-4
392	0.2984	0.7011	2E-4	3E-4
393	0.2999	0.6996	2E-4	3E-4
394	0.3006	0.6989	2E-4	3E-4
395	0.3013	0.6982	2E-4	3E-4
396	0.3026	0.6969	2E-4	3E-4
397	0.3042	0.6953	2E-4	3E-4
398	0.3053	0.6942	2E-4	3E-4
399	0.3059	0.6936	2E-4	3E-4
400	0.3068	0.6927	2E-4	3E-4
401	0.3077	0.6918	2E-4	3E-4
402	0.3086	0.6909	2E-4	3E-4
403	0.3089	0.6906	2E-4	3E-4
404	0.3095	0.69	2E-4	3E-4
405	0.3096	0.6899	2E-4	3E-4
406	0.3097	0.6898	2E-4	3E-4
407	0.3103	0.6891	2E-4	4E-4
408	0.3108	0.6886	2E-4	4E-4
409	0.3112	0.6882	2E-4	4E-4
410	0.3114	0.688	2E-4	4E-4
411	0.3117	0.6877	2E-4	4E-4
412	0.313	0.6864	2E-4	4E-4
413	0.3132	0.6862	2E-4	4E-4
414	0.3135	0.6859	2E-4	4E-4
415	0.3138	0.6856	2E-4	4E-4
416	0.3147	0.6847	2E-4	4E-4
417	0.316	0.6834	2E-4	4E-4
418	0.3175	0.6819	2E-4	4E-4
419	0.3189	0.6805	2E-4	4E-4
420	0.3203	0.6791	2E-4	4E-4
421	0.3209	0.6785	2E-4	4E-4
422	0.3214	0.678	2E-4	4E-4
423	0.3221	0.6773	2E-4	4E-4
424	0.3225	0.6769	2E-4	4E-4
425	0.323	0.6764	2E-4	4E-4
426	0.3236	0.6758	2E-4	4E-4
427	0.3241	0.6753	2E-4	4E-4
428	0.325	0.6744	2E-4	4E-4
429	0.3255	0.6739	2E-4	4E-4
430	0.3255	0.6739	2E-4	4E-4
431	0.326	0.6734	2E-4	4E-4
432	0.3265	0.6729	2E-4	4E-4
433	0.327	0.6724	2E-4	4E-4
434	0.3279	0.6715	2E-4	4E-4
435	0.3285	0.6709	2E-4	4E-4
436	0.3294	0.67	2E-4	4E-4
437	0.33	0.6694	2E-4	4E-4
438	0.3306	0.6688	2E-4	4E-4
439	0.3315	0.6679	2E-4	4E-4
440	0.332	0.6674	2E-4	4E-4
441	0.3331	0.6663	2E-4	4E-4
442	0.3334	0.666	2E-4	4E-4
443	0.3334	0.666	2E-4	4E-4
444	0.3337	0.6657	2E-4	4E-4
445	0.3341	0.6653	2E-4	4E-4
446	0.3342	0.6652	2E-4	4E-4
447	0.3344	0.665	2E-4	4E-4
448	0.3348	0.6646	2E-4	4E-4
449	0.335	0.6644	2E-4	4E-4
450	0.3359	0.6635	2E-4	4E-4
451	0.3364	0.663	2E-4	4E-4
452	0.3368	0.6626	2E-4	4E-4
453	0.3378	0.6616	2E-4	4E-4
454	0.3382	0.6612	2E-4	4E-4
455	0.3385	0.6609	2E-4	4E-4
456	0.3391	0.6603	2E-4	4E-4
457	0.3395	0.6599	2E-4	4E-4
458	0.3404	0.659	2E-4	4E-4
459	0.3415	0.6579	2E-4	4E-4
460	0.3417	0.6577	2E-4	4E-4
461	0.3421	0.6573	2E-4	4E-4
462	0.3421	0.6573	2E-4	4E-4
463	0.3424	0.657	2E-4	4E-4
464	0.3427	0.6567	2E-4	4E-4
465	0.343	0.6564	2E-4	4E-4
466	0.3432	0.6562	2E-4	4E-4
467	0.3436	0.6558	2E-4	4E-4
468	0.3437	0.6557	2E-4	4E-4
469	0.3439	0.6555	2E-4	4E-4
470	0.3442	0.6552	2E-4	4E-4
471	0.3442	0.6552	2E-4	4E-4
472	0.3444	0.655	2E-4	4E-4
473	0.345	0.6544	2E-4	4E-4
474	0.3463	0.6531	2E-4	4E-4
475	0.3464	0.653	2E-4	4E-4
476	0.3469	0.6525	2E-4	4E-4
477	0.3477	0.6517	2E-4	4E-4
478	0.3497	0.6497	2E-4	4E-4
479	0.3507	0.6487	2E-4	4E-4
480	0.3507	0.6487	2E-4	4E-4
481	0.3512	0.6482	2E-4	4E-4
482	0.3521	0.6473	2E-4	4E-4
483	0.3524	0.647	2E-4	4E-4
484	0.3524	0.647	2E-4	4E-4
485	0.3523	0.6471	2E-4	4E-4
486	0.3524	0.647	2E-4	4E-4
487	0.3525	0.6469	2E-4	4E-4
488	0.3532	0.6462	2E-4	4E-4
489	0.3533	0.6461	2E-4	4E-4
490	0.3532	0.6462	2E-4	4E-4
491	0.3537	0.6457	2E-4	4E-4
492	0.354	0.6454	2E-4	4E-4
493	0.3537	0.6457	2E-4	4E-4
494	0.3545	0.6449	2E-4	4E-4
495	0.3547	0.6447	2E-4	4E-4
496	0.3551	0.6443	2E-4	4E-4
497	0.3553	0.6441	2E-4	4E-4
498	0.3572	0.6422	2E-4	4E-4
499	0.3576	0.6418	2E-4	4E-4
500	0.3579	0.6415	2E-4	4E-4
501	0.3585	0.6409	2E-4	4E-4
502	0.3588	0.6406	2E-4	4E-4
503	0.3593	0.6401	2E-4	4E-4
504	0.3602	0.6392	2E-4	4E-4
505	0.3602	0.6392	2E-4	4E-4
506	0.3608	0.6386	2E-4	4E-4
507	0.3608	0.6386	2E-4	4E-4
508	0.3609	0.6385	2E-4	4E-4
509	0.3612	0.6382	2E-4	4E-4
510	0.3616	0.6378	2E-4	4E-4
511	0.3621	0.6373	2E-4	4E-4
512	0.3625	0.6369	2E-4	4E-4
513	0.3628	0.6366	2E-4	4E-4
514	0.3629	0.6365	2E-4	4E-4
515	0.3635	0.6359	2E-4	4E-4
516	0.3638	0.6356	2E-4	4E-4
517	0.3642	0.6352	2E-4	4E-4
518	0.3658	0.6336	2E-4	4E-4
519	0.3663	0.6331	2E-4	4E-4
520	0.3677	0.6317	2E-4	4E-4
521	0.3683	0.6311	2E-4	4E-4
522	0.3686	0.6308	2E-4	4E-4
523	0.3688	0.6306	2E-4	4E-4
524	0.3694	0.63	2E-4	4E-4
525	0.3698	0.6296	2E-4	4E-4
526	0.3699	0.6295	2E-4	4E-4
527	0.3704	0.629	2E-4	4E-4
528	0.3709	0.6285	2E-4	4E-4
529	0.3717	0.6277	2E-4	4E-4
530	0.3721	0.6273	2E-4	4E-4
531	0.3724	0.627	2E-4	4E-4
532	0.3729	0.6265	2E-4	4E-4
533	0.3731	0.6263	2E-4	4E-4
534	0.3733	0.6261	2E-4	4E-4
535	0.3735	0.6259	2E-4	4E-4
536	0.3747	0.6247	2E-4	4E-4
537	0.3746	0.6248	2E-4	4E-4
538	0.3758	0.6236	2E-4	4E-4
539	0.377	0.6224	2E-4	4E-4
540	0.3768	0.6226	2E-4	4E-4
541	0.3779	0.6215	2E-4	4E-4
542	0.3782	0.6212	2E-4	4E-4
543	0.378	0.6214	2E-4	4E-4
544	0.3783	0.6211	2E-4	4E-4
545	0.3783	0.6211	2E-4	4E-4
546	0.3787	0.6207	2E-4	4E-4
547	0.3791	0.6203	2E-4	4E-4
548	0.3796	0.6198	2E-4	4E-4
549	0.38	0.6194	2E-4	4E-4
550	0.38	0.6194	2E-4	4E-4
551	0.3807	0.6187	2E-4	4E-4
552	0.3809	0.6185	2E-4	4E-4
553	0.381	0.6184	2E-4	4E-4
554	0.3813	0.6181	2E-4	4E-4
555	0.3818	0.6176	2E-4	4E-4
556	0.3825	0.6169	2E-4	4E-4
557	0.3831	0.6163	2E-4	4E-4
558	0.3838	0.6156	2E-4	4E-4
559	0.384	0.6154	2E-4	4E-4
560	0.3846	0.6147	3E-4	4E-4
561	0.3846	0.6147	3E-4	4E-4
562	0.3852	0.614	4E-4	4E-4
563	0.3855	0.6137	4E-4	4E-4
564	0.3855	0.6137	4E-4	4E-4
565	0.3861	0.6131	4E-4	4E-4
566	0.3868	0.6124	4E-4	4E-4
567	0.387	0.6122	4E-4	4E-4
568	0.3872	0.612	4E-4	4E-4
569	0.3878	0.6114	4E-4	4E-4
570	0.3883	0.6109	4E-4	4E-4
571	0.389	0.6102	4E-4	4E-4
572	0.3891	0.6101	4E-4	4E-4
573	0.3887	0.6105	4E-4	4E-4
574	0.3892	0.61	4E-4	4E-4
575	0.389	0.6102	4E-4	4E-4
576	0.3894	0.6098	4E-4	4E-4
577	0.389	0.6102	4E-4	4E-4
578	0.39	0.6092	4E-4	4E-4
579	0.3906	0.6086	4E-4	4E-4
580	0.3911	0.6081	4E-4	4E-4
581	0.3919	0.6073	4E-4	4E-4
582	0.3919	0.6073	4E-4	4E-4
583	0.3922	0.607	4E-4	4E-4
584	0.3926	0.6066	4E-4	4E-4
585	0.3925	0.6067	4E-4	4E-4
586	0.3927	0.6065	4E-4	4E-4
587	0.3932	0.606	4E-4	4E-4
588	0.3934	0.6058	4E-4	4E-4
589	0.3935	0.6057	4E-4	4E-4
590	0.3935	0.6057	4E-4	4E-4
591	0.3935	0.6057	4E-4	4E-4
592	0.3939	0.6053	4E-4	4E-4
593	0.3941	0.6051	4E-4	4E-4
594	0.3946	0.6046	4E-4	4E-4
595	0.3946	0.6046	4E-4	4E-4
596	0.3956	0.6036	4E-4	4E-4
597	0.3959	0.6033	4E-4	4E-4
598	0.3973	0.6019	4E-4	4E-4
599	0.3984	0.6008	4E-4	4E-4
600	0.3989	0.6003	4E-4	4E-4
601	0.3994	0.5998	4E-4	4E-4
602	0.3996	0.5996	4E-4	4E-4
603	0.4001	0.5991	4E-4	4E-4
604	0.4003	0.5989	4E-4	4E-4
605	0.4003	0.5989	4E-4	4E-4
606	0.4001	0.5991	4E-4	4E-4
607	0.4005	0.5987	4E-4	4E-4
608	0.4004	0.5988	4E-4	4E-4
609	0.4007	0.5985	4E-4	4E-4
610	0.4009	0.5983	4E-4	4E-4
611	0.4018	0.5974	4E-4	4E-4
612	0.4022	0.597	4E-4	4E-4
613	0.4025	0.5967	4E-4	4E-4
614	0.4028	0.5964	4E-4	4E-4
615	0.4028	0.5964	4E-4	4E-4
616	0.4037	0.5955	4E-4	4E-4
617	0.4039	0.5953	4E-4	4E-4
618	0.4049	0.5943	4E-4	4E-4
619	0.4056	0.5936	4E-4	4E-4
620	0.4065	0.5927	4E-4	4E-4
621	0.4066	0.5926	4E-4	4E-4
622	0.4067	0.5925	4E-4	4E-4
623	0.4067	0.5925	4E-4	4E-4
624	0.407	0.5922	4E-4	4E-4
625	0.4069	0.5923	4E-4	4E-4
626	0.4071	0.5921	4E-4	4E-4
627	0.4074	0.5918	4E-4	4E-4
628	0.4073	0.5919	4E-4	4E-4
629	0.4073	0.5919	4E-4	4E-4
630	0.4072	0.592	4E-4	4E-4
631	0.4069	0.5923	4E-4	4E-4
632	0.407	0.5922	4E-4	4E-4
633	0.4068	0.5924	4E-4	4E-4
634	0.4072	0.592	4E-4	4E-4
635	0.4077	0.5915	4E-4	4E-4
636	0.4084	0.5908	4E-4	4E-4
637	0.4089	0.5903	4E-4	4E-4
638	0.4109	0.5883	4E-4	4E-4
639	0.4113	0.5879	4E-4	4E-4
640	0.412	0.5872	4E-4	4E-4
641	0.4126	0.5866	4E-4	4E-4
642	0.413	0.5862	4E-4	4E-4
643	0.4128	0.5864	4E-4	4E-4
644	0.4133	0.5859	4E-4	4E-4
645	0.4132	0.586	4E-4	4E-4
646	0.4133	0.5859	4E-4	4E-4
647	0.4134	0.5858	4E-4	4E-4
648	0.4134	0.5858	4E-4	4E-4
649	0.4134	0.5858	4E-4	4E-4
650	0.4141	0.5851	4E-4	4E-4
651	0.4145	0.5847	4E-4	4E-4
652	0.4145	0.5847	4E-4	4E-4
653	0.4154	0.5838	4E-4	4E-4
654	0.4155	0.5837	4E-4	4E-4
655	0.4158	0.5834	4E-4	4E-4
656	0.4162	0.583	4E-4	4E-4
657	0.4165	0.5827	4E-4	4E-4
658	0.4175	0.5817	4E-4	4E-4
659	0.4185	0.5807	4E-4	4E-4
660	0.4191	0.5801	4E-4	4E-4
661	0.4196	0.5796	4E-4	4E-4
662	0.4197	0.5795	4E-4	4E-4
663	0.42	0.5792	4E-4	4E-4
664	0.4196	0.5796	4E-4	4E-4
665	0.4195	0.5797	4E-4	4E-4
666	0.42	0.5792	4E-4	4E-4
667	0.4202	0.579	4E-4	4E-4
668	0.4204	0.5788	4E-4	4E-4
669	0.4209	0.5783	4E-4	4E-4
670	0.4212	0.578	4E-4	4E-4
671	0.4218	0.5774	4E-4	4E-4
672	0.4219	0.5773	4E-4	4E-4
673	0.4225	0.5767	4E-4	4E-4
674	0.4233	0.5759	4E-4	4E-4
675	0.424	0.5752	4E-4	4E-4
676	0.4244	0.5748	4E-4	4E-4
677	0.4249	0.5743	4E-4	4E-4
678	0.4261	0.5731	4E-4	4E-4
679	0.4263	0.5729	4E-4	4E-4
680	0.4262	0.573	4E-4	4E-4
681	0.4264	0.5728	4E-4	4E-4
682	0.4267	0.5725	4E-4	4E-4
683	0.4264	0.5728	4E-4	4E-4
684	0.4257	0.5735	4E-4	4E-4
685	0.4257	0.5735	4E-4	4E-4
686	0.4259	0.5733	4E-4	4E-4
687	0.4261	0.5731	4E-4	4E-4
688	0.4261	0.5731	4E-4	4E-4
689	0.4264	0.5728	4E-4	4E-4
690	0.4265	0.5727	4E-4	4E-4
691	0.4266	0.5726	4E-4	4E-4
692	0.427	0.5722	4E-4	4E-4
693	0.4272	0.572	4E-4	4E-4
694	0.4274	0.5718	4E-4	4E-4
695	0.4276	0.5716	4E-4	4E-4
696	0.4279	0.5713	4E-4	4E-4
697	0.4282	0.571	4E-4	4E-4
698	0.4293	0.5699	4E-4	4E-4
699	0.4301	0.5691	4E-4	4E-4
700	0.4304	0.5688	4E-4	4E-4
701	0.4305	0.5687	4E-4	4E-4
702	0.4314	0.5678	4E-4	4E-4
703	0.4323	0.5669	4E-4	4E-4
704	0.4328	0.5664	4E-4	4E-4
705	0.4331	0.5661	4E-4	4E-4
706	0.4332	0.566	4E-4	4E-4
707	0.4335	0.5657	4E-4	4E-4
708	0.434	0.5652	4E-4	4E-4
709	0.4343	0.5649	4E-4	4E-4
710	0.4346	0.5646	4E-4	4E-4
711	0.4349	0.5643	4E-4	4E-4
712	0.4355	0.5637	4E-4	4E-4
713	0.4357	0.5635	4E-4	4E-4
714	0.4359	0.5633	4E-4	4E-4
715	0.4361	0.5631	4E-4	4E-4
716	0.4366	0.5626	4E-4	4E-4
717	0.4366	0.5626	4E-4	4E-4
718	0.4371	0.5621	4E-4	4E-4
719	0.4374	0.5618	4E-4	4E-4
720	0.4375	0.5617	4E-4	4E-4
721	0.438	0.5612	4E-4	4E-4
722	0.4384	0.5608	4E-4	4E-4
723	0.4387	0.5605	4E-4	4E-4
724	0.4388	0.5604	4E-4	4E-4
725	0.4391	0.5601	4E-4	4E-4
726	0.4389	0.5603	4E-4	4E-4
727	0.439	0.5602	4E-4	4E-4
728	0.4392	0.56	4E-4	4E-4
729	0.439	0.5602	4E-4	4E-4
730	0.4394	0.5598	4E-4	4E-4
731	0.4394	0.5598	4E-4	4E-4
732	0.4394	0.5598	4E-4	4E-4
733	0.4397	0.5595	4E-4	4E-4
734	0.4398	0.5594	4E-4	4E-4
735	0.44	0.5592	4E-4	4E-4
736	0.4406	0.5586	4E-4	4E-4
737	0.4409	0.5583	4E-4	4E-4
738	0.4421	0.5571	4E-4	4E-4
739	0.4425	0.5567	4E-4	4E-4
740	0.4429	0.5563	4E-4	4E-4
741	0.4434	0.5558	4E-4	4E-4
742	0.4437	0.5555	4E-4	4E-4
743	0.4441	0.5551	4E-4	4E-4
744	0.4444	0.5548	4E-4	4E-4
745	0.4446	0.5546	4E-4	4E-4
746	0.4452	0.554	4E-4	4E-4
747	0.4454	0.5538	4E-4	4E-4
748	0.4459	0.5533	4E-4	4E-4
749	0.4454	0.5538	4E-4	4E-4
750	0.4458	0.5534	4E-4	4E-4
751	0.4458	0.5534	4E-4	4E-4
752	0.446	0.5532	4E-4	4E-4
753	0.4461	0.5531	4E-4	4E-4
754	0.4463	0.5529	4E-4	4E-4
755	0.4467	0.5525	4E-4	4E-4
756	0.4469	0.5523	4E-4	4E-4
757	0.4474	0.5518	4E-4	4E-4
758	0.4484	0.5507	5E-4	4E-4
759	0.4491	0.55	5E-4	4E-4
760	0.4499	0.5492	5E-4	4E-4
761	0.4505	0.5486	5E-4	4E-4
762	0.4509	0.5482	5E-4	4E-4
763	0.4516	0.5475	5E-4	4E-4
764	0.4517	0.5474	5E-4	4E-4
765	0.4521	0.547	5E-4	4E-4
766	0.4524	0.5467	5E-4	4E-4
767	0.4529	0.5462	5E-4	4E-4
768	0.4534	0.5457	5E-4	4E-4
769	0.4532	0.5459	5E-4	4E-4
770	0.4532	0.5459	5E-4	4E-4
771	0.4528	0.5463	5E-4	4E-4
772	0.4531	0.546	5E-4	4E-4
773	0.4536	0.5455	5E-4	4E-4
774	0.4532	0.5459	5E-4	4E-4
775	0.4531	0.546	5E-4	4E-4
776	0.4537	0.5454	5E-4	4E-4
777	0.4541	0.545	5E-4	4E-4
778	0.4541	0.545	5E-4	4E-4
779	0.4547	0.5444	5E-4	4E-4
780	0.4549	0.5442	5E-4	4E-4
781	0.4549	0.5442	5E-4	4E-4
782	0.455	0.5441	5E-4	4E-4
783	0.4553	0.5438	5E-4	4E-4
784	0.4553	0.5438	5E-4	4E-4
785	0.4554	0.5437	5E-4	4E-4
786	0.4557	0.5434	5E-4	4E-4
787	0.4556	0.5435	5E-4	4E-4
788	0.4556	0.5435	5E-4	4E-4
789	0.4557	0.5434	5E-4	4E-4
790	0.4554	0.5437	5E-4	4E-4
791	0.4554	0.5437	5E-4	4E-4
792	0.4555	0.5436	5E-4	4E-4
793	0.4558	0.5433	5E-4	4E-4
794	0.4564	0.5427	5E-4	4E-4
795	0.4568	0.5423	5E-4	4E-4
796	0.4574	0.5417	5E-4	4E-4
797	0.4573	0.5418	5E-4	4E-4
798	0.4582	0.5409	5E-4	4E-4
799	0.4587	0.5404	5E-4	4E-4
800	0.4587	0.5404	5E-4	4E-4
801	0.4594	0.5397	5E-4	4E-4
802	0.4598	0.5393	5E-4	4E-4
803	0.4603	0.5388	5E-4	4E-4
804	0.4603	0.5388	5E-4	4E-4
805	0.4603	0.5388	5E-4	4E-4
806	0.4605	0.5386	5E-4	4E-4
807	0.4606	0.5385	5E-4	4E-4
808	0.4604	0.5387	5E-4	4E-4
809	0.4604	0.5387	5E-4	4E-4
810	0.4608	0.5383	5E-4	4E-4
811	0.4609	0.5382	5E-4	4E-4
812	0.4613	0.5378	5E-4	4E-4
813	0.4621	0.537	5E-4	4E-4
814	0.4617	0.5374	5E-4	4E-4
815	0.4612	0.5379	5E-4	4E-4
816	0.4618	0.5373	5E-4	4E-4
817	0.4615	0.5376	5E-4	4E-4
818	0.4625	0.5366	5E-4	4E-4
819	0.4628	0.5363	5E-4	4E-4
820	0.4633	0.5358	5E-4	4E-4
821	0.4637	0.5354	5E-4	4E-4
822	0.4637	0.5354	5E-4	4E-4
823	0.4635	0.5356	5E-4	4E-4
824	0.4632	0.5359	5E-4	4E-4
825	0.4636	0.5355	5E-4	4E-4
826	0.4637	0.5354	5E-4	4E-4
827	0.4637	0.5354	5E-4	4E-4
828	0.4641	0.535	5E-4	4E-4
829	0.4636	0.5355	5E-4	4E-4
830	0.4641	0.535	5E-4	4E-4
831	0.4639	0.5352	5E-4	4E-4
832	0.4641	0.535	5E-4	4E-4
833	0.4641	0.535	5E-4	4E-4
834	0.4647	0.5344	5E-4	4E-4
835	0.4646	0.5345	5E-4	4E-4
836	0.4649	0.5342	5E-4	4E-4
837	0.4651	0.534	5E-4	4E-4
838	0.4655	0.5336	5E-4	4E-4
839	0.4657	0.5334	5E-4	4E-4
840	0.4663	0.5328	5E-4	4E-4
841	0.4668	0.5323	5E-4	4E-4
842	0.4672	0.5319	5E-4	4E-4
843	0.4672	0.5319	5E-4	4E-4
844	0.4674	0.5317	5E-4	4E-4
845	0.4671	0.532	5E-4	4E-4
846	0.4671	0.532	5E-4	4E-4
847	0.4673	0.5318	5E-4	4E-4
848	0.4669	0.5322	5E-4	4E-4
849	0.4674	0.5317	5E-4	4E-4
850	0.4676	0.5315	5E-4	4E-4
851	0.4677	0.5314	5E-4	4E-4
852	0.4672	0.5319	5E-4	4E-4
853	0.4674	0.5317	5E-4	4E-4
854	0.4674	0.5317	5E-4	4E-4
855	0.4677	0.5314	5E-4	4E-4
856	0.4681	0.531	5E-4	4E-4
857	0.4679	0.5312	5E-4	4E-4
858	0.4681	0.531	5E-4	4E-4
859	0.4689	0.5302	5E-4	4E-4
860	0.469	0.5301	5E-4	4E-4
861	0.469	0.5301	5E-4	4E-4
862	0.4689	0.5302	5E-4	4E-4
863	0.4686	0.5305	5E-4	4E-4
864	0.4686	0.5305	5E-4	4E-4
865	0.4688	0.5303	5E-4	4E-4
866	0.4689	0.5302	5E-4	4E-4
867	0.4689	0.5302	5E-4	4E-4
868	0.469	0.5301	5E-4	4E-4
869	0.4683	0.5308	5E-4	4E-4
870	0.4686	0.5305	5E-4	4E-4
871	0.4688	0.5303	5E-4	4E-4
872	0.469	0.5301	5E-4	4E-4
873	0.4691	0.53	5E-4	4E-4
874	0.4691	0.53	5E-4	4E-4
875	0.4694	0.5297	5E-4	4E-4
876	0.4698	0.5293	5E-4	4E-4
877	0.47	0.5291	5E-4	4E-4
878	0.4704	0.5287	5E-4	4E-4
879	0.4707	0.5284	5E-4	4E-4
880	0.4708	0.5283	5E-4	4E-4
881	0.4704	0.5287	5E-4	4E-4
882	0.4708	0.5283	5E-4	4E-4
883	0.4706	0.5285	5E-4	4E-4
884	0.4705	0.5286	5E-4	4E-4
885	0.4702	0.5289	5E-4	4E-4
886	0.4697	0.5294	5E-4	4E-4
887	0.4698	0.5293	5E-4	4E-4
888	0.47	0.5291	5E-4	4E-4
889	0.4701	0.529	5E-4	4E-4
890	0.4706	0.5285	5E-4	4E-4
891	0.4708	0.5283	5E-4	4E-4
892	0.4706	0.5285	5E-4	4E-4
893	0.4707	0.5284	5E-4	4E-4
894	0.4707	0.5284	5E-4	4E-4
895	0.4708	0.5283	5E-4	4E-4
896	0.4712	0.5279	5E-4	4E-4
897	0.4714	0.5277	5E-4	4E-4
898	0.4718	0.5273	5E-4	4E-4
899	0.4726	0.5265	5E-4	4E-4
900	0.4729	0.5262	5E-4	4E-4
901	0.4729	0.5262	5E-4	4E-4
902	0.4734	0.5257	5E-4	4E-4
903	0.4734	0.5257	5E-4	4E-4
904	0.473	0.5261	5E-4	4E-4
905	0.4726	0.5265	5E-4	4E-4
906	0.4725	0.5266	5E-4	4E-4
907	0.4726	0.5265	5E-4	4E-4
908	0.4724	0.5267	5E-4	4E-4
909	0.4724	0.5267	5E-4	4E-4
910	0.4724	0.5267	5E-4	4E-4
911	0.4729	0.5262	5E-4	4E-4
912	0.4728	0.5263	5E-4	4E-4
913	0.4733	0.5258	5E-4	4E-4
914	0.4737	0.5254	5E-4	4E-4
915	0.4735	0.5256	5E-4	4E-4
916	0.4735	0.5256	5E-4	4E-4
917	0.4731	0.526	5E-4	4E-4
918	0.4741	0.525	5E-4	4E-4
919	0.4747	0.5244	6E-4	3E-4
920	0.4749	0.5242	6E-4	3E-4
921	0.4751	0.524	6E-4	3E-4
922	0.4752	0.5239	6E-4	3E-4
923	0.4752	0.5239	6E-4	3E-4
924	0.4749	0.5242	6E-4	3E-4
925	0.4746	0.5245	6E-4	3E-4
926	0.4738	0.5253	6E-4	3E-4
927	0.474	0.5251	6E-4	3E-4
928	0.474	0.5251	6E-4	3E-4
929	0.4741	0.525	6E-4	3E-4
930	0.4738	0.5253	6E-4	3E-4
931	0.474	0.5251	6E-4	3E-4
932	0.4739	0.5252	6E-4	3E-4
933	0.4741	0.525	6E-4	3E-4
934	0.4743	0.5248	6E-4	3E-4
935	0.4745	0.5246	6E-4	3E-4
936	0.4749	0.5242	6E-4	3E-4
937	0.4744	0.5247	6E-4	3E-4
938	0.4747	0.5244	6E-4	3E-4
939	0.4743	0.5248	6E-4	3E-4
940	0.4751	0.524	6E-4	3E-4
941	0.4753	0.5238	6E-4	3E-4
942	0.4744	0.5247	6E-4	3E-4
943	0.4746	0.5245	6E-4	3E-4
944	0.4745	0.5246	6E-4	3E-4
945	0.4745	0.5246	6E-4	3E-4
946	0.4742	0.5249	6E-4	3E-4
947	0.4746	0.5245	6E-4	3E-4
948	0.475	0.5241	6E-4	3E-4
949	0.4752	0.5239	6E-4	3E-4
950	0.4754	0.5237	6E-4	3E-4
951	0.4752	0.5239	6E-4	3E-4
952	0.4752	0.5239	6E-4	3E-4
953	0.4748	0.5242	6E-4	4E-4
954	0.4748	0.5242	6E-4	4E-4
955	0.4746	0.5244	6E-4	4E-4
956	0.4749	0.5241	6E-4	4E-4
957	0.4754	0.5236	6E-4	4E-4
958	0.4762	0.5228	6E-4	4E-4
959	0.4764	0.5226	6E-4	4E-4
960	0.4767	0.5223	6E-4	4E-4
961	0.4768	0.5222	6E-4	4E-4
962	0.4767	0.5223	6E-4	4E-4
963	0.4767	0.5223	6E-4	4E-4
964	0.4767	0.5223	6E-4	4E-4
965	0.4765	0.5225	6E-4	4E-4
966	0.4766	0.5224	6E-4	4E-4
967	0.4765	0.5225	6E-4	4E-4
968	0.4769	0.5221	6E-4	4E-4
969	0.4773	0.5217	6E-4	4E-4
970	0.4778	0.5212	6E-4	4E-4
971	0.4775	0.5215	6E-4	4E-4
972	0.4776	0.5214	6E-4	4E-4
973	0.4778	0.5212	6E-4	4E-4
974	0.4779	0.5211	6E-4	4E-4
975	0.4782	0.5208	6E-4	4E-4
976	0.478	0.521	6E-4	4E-4
977	0.4783	0.5207	6E-4	4E-4
978	0.4787	0.5203	6E-4	4E-4
979	0.4788	0.5202	6E-4	4E-4
980	0.4791	0.5199	6E-4	4E-4
981	0.4795	0.5195	6E-4	4E-4
982	0.4797	0.5193	6E-4	4E-4
983	0.4795	0.5195	6E-4	4E-4
984	0.4795	0.5195	6E-4	4E-4
985	0.4796	0.5194	6E-4	4E-4
986	0.4795	0.5195	6E-4	4E-4
987	0.4799	0.5191	6E-4	4E-4
988	0.4799	0.5191	6E-4	4E-4
989	0.4795	0.5195	6E-4	4E-4
990	0.4802	0.5188	6E-4	4E-4
991	0.4803	0.5187	6E-4	4E-4
992	0.4798	0.5192	6E-4	4E-4
993	0.4803	0.5187	6E-4	4E-4
994	0.4806	0.5184	6E-4	4E-4
995	0.4811	0.5179	6E-4	4E-4
996	0.4811	0.5179	6E-4	4E-4
997	0.4812	0.5178	6E-4	4E-4
998	0.4817	0.5173	6E-4	4E-4
999	0.4819	0.5171	6E-4	4E-4
1000	0.4822	0.5168	6E-4	4E-4
1001	0.4821	0.5169	6E-4	4E-4
1002	0.482	0.517	6E-4	4E-4
1003	0.4822	0.5168	6E-4	4E-4
1004	0.4824	0.5166	6E-4	4E-4
1005	0.4822	0.5168	6E-4	4E-4
1006	0.4825	0.5165	6E-4	4E-4
1007	0.4829	0.5161	6E-4	4E-4
1008	0.4839	0.5151	6E-4	4E-4
1009	0.4835	0.5155	6E-4	4E-4
1010	0.4836	0.5154	6E-4	4E-4
1011	0.484	0.515	6E-4	4E-4
1012	0.4837	0.5153	6E-4	4E-4
1013	0.4843	0.5147	6E-4	4E-4
1014	0.4843	0.5147	6E-4	4E-4
1015	0.4841	0.5149	6E-4	4E-4
1016	0.4836	0.5154	6E-4	4E-4
1017	0.4832	0.5158	6E-4	4E-4
1018	0.4838	0.5152	6E-4	4E-4
1019	0.4839	0.5151	6E-4	4E-4
1020	0.4842	0.5148	6E-4	4E-4
1021	0.4848	0.5142	6E-4	4E-4
1022	0.485	0.514	6E-4	4E-4
1023	0.485	0.514	6E-4	4E-4
1024	0.4852	0.5138	6E-4	4E-4
1025	0.4855	0.5135	6E-4	4E-4
1026	0.4857	0.5133	6E-4	4E-4
1027	0.4857	0.5133	6E-4	4E-4
1028	0.4861	0.5129	6E-4	4E-4
1029	0.4862	0.5128	6E-4	4E-4
1030	0.4867	0.5123	6E-4	4E-4
1031	0.4869	0.5121	6E-4	4E-4
1032	0.4871	0.5119	6E-4	4E-4
1033	0.4871	0.5119	6E-4	4E-4
1034	0.4865	0.5125	6E-4	4E-4
1035	0.4865	0.5125	6E-4	4E-4
1036	0.4868	0.5122	6E-4	4E-4
1037	0.487	0.512	6E-4	4E-4
1038	0.4865	0.5125	6E-4	4E-4
1039	0.4862	0.5128	6E-4	4E-4
1040	0.4856	0.5134	6E-4	4E-4
1041	0.4856	0.5134	6E-4	4E-4
1042	0.4857	0.5133	6E-4	4E-4
1043	0.4861	0.5129	6E-4	4E-4
1044	0.4862	0.5128	6E-4	4E-4
1045	0.4861	0.5129	6E-4	4E-4
1046	0.4864	0.5126	6E-4	4E-4
1047	0.4866	0.5124	6E-4	4E-4
1048	0.4872	0.5118	6E-4	4E-4
1049	0.4874	0.5116	6E-4	4E-4
1050	0.4876	0.5114	6E-4	4E-4
1051	0.4874	0.5116	6E-4	4E-4
1052	0.4869	0.5121	6E-4	4E-4
1053	0.4869	0.5121	6E-4	4E-4
1054	0.4869	0.5121	6E-4	4E-4
1055	0.4868	0.5122	6E-4	4E-4
1056	0.4868	0.5122	6E-4	4E-4
1057	0.4868	0.5122	6E-4	4E-4
1058	0.4866	0.5124	6E-4	4E-4
1059	0.4867	0.5123	6E-4	4E-4
1060	0.4867	0.5123	6E-4	4E-4
1061	0.4867	0.5123	6E-4	4E-4
1062	0.4867	0.5123	6E-4	4E-4
1063	0.4869	0.5121	6E-4	4E-4
1064	0.487	0.512	6E-4	4E-4
1065	0.487	0.512	6E-4	4E-4
1066	0.4873	0.5117	6E-4	4E-4
1067	0.4876	0.5114	6E-4	4E-4
1068	0.4877	0.5113	6E-4	4E-4
1069	0.488	0.511	6E-4	4E-4
1070	0.4884	0.5106	6E-4	4E-4
1071	0.4882	0.5108	6E-4	4E-4
1072	0.4886	0.5104	6E-4	4E-4
1073	0.4882	0.5108	6E-4	4E-4
1074	0.488	0.511	6E-4	4E-4
1075	0.4879	0.5111	6E-4	4E-4
1076	0.4873	0.5117	6E-4	4E-4
1077	0.4873	0.5117	6E-4	4E-4
1078	0.4874	0.5116	6E-4	4E-4
1079	0.4873	0.5117	6E-4	4E-4
1080	0.4876	0.5114	6E-4	4E-4
1081	0.4879	0.5111	6E-4	4E-4
1082	0.4878	0.5112	6E-4	4E-4
1083	0.4876	0.5114	6E-4	4E-4
1084	0.4875	0.5115	6E-4	4E-4
1085	0.4871	0.5119	6E-4	4E-4
1086	0.4867	0.5123	6E-4	4E-4
1087	0.4874	0.5116	6E-4	4E-4
1088	0.4879	0.5111	6E-4	4E-4
1089	0.4882	0.5108	6E-4	4E-4
1090	0.4887	0.5103	6E-4	4E-4
1091	0.4894	0.5096	6E-4	4E-4
1092	0.4894	0.5096	6E-4	4E-4
1093	0.4896	0.5094	5E-4	5E-4
1094	0.4896	0.5094	5E-4	5E-4
1095	0.4896	0.5094	5E-4	5E-4
1096	0.4889	0.5101	5E-4	5E-4
1097	0.4892	0.5098	5E-4	5E-4
1098	0.4891	0.5099	5E-4	5E-4
1099	0.4893	0.5097	5E-4	5E-4
1100	0.4894	0.5096	5E-4	5E-4
1101	0.4899	0.5091	5E-4	5E-4
1102	0.4903	0.5087	5E-4	5E-4
1103	0.4903	0.5087	5E-4	5E-4
1104	0.4906	0.5084	5E-4	5E-4
1105	0.4905	0.5085	5E-4	5E-4
1106	0.491	0.508	5E-4	5E-4
1107	0.4911	0.5079	5E-4	5E-4
1108	0.4911	0.5079	5E-4	5E-4
1109	0.4915	0.5075	5E-4	5E-4
1110	0.4916	0.5074	5E-4	5E-4
1111	0.4913	0.5077	5E-4	5E-4
1112	0.4914	0.5076	5E-4	5E-4
1113	0.4915	0.5075	5E-4	5E-4
1114	0.4917	0.5073	5E-4	5E-4
1115	0.4912	0.5078	5E-4	5E-4
1116	0.4913	0.5077	5E-4	5E-4
1117	0.4912	0.5078	5E-4	5E-4
1118	0.4915	0.5075	5E-4	5E-4
1119	0.4913	0.5077	5E-4	5E-4
1120	0.4913	0.5077	5E-4	5E-4
1121	0.4914	0.5076	5E-4	5E-4
1122	0.4912	0.5078	5E-4	5E-4
1123	0.4912	0.5078	5E-4	5E-4
1124	0.491	0.508	5E-4	5E-4
1125	0.491	0.508	5E-4	5E-4
1126	0.4912	0.5078	5E-4	5E-4
1127	0.4915	0.5075	5E-4	5E-4
1128	0.492	0.507	5E-4	5E-4
1129	0.4924	0.5066	5E-4	5E-4
1130	0.4923	0.5067	5E-4	5E-4
1131	0.4918	0.5072	5E-4	5E-4
1132	0.4912	0.5078	5E-4	5E-4
1133	0.4908	0.5082	5E-4	5E-4
1134	0.4908	0.5082	5E-4	5E-4
1135	0.4901	0.5089	5E-4	5E-4
1136	0.4897	0.5093	5E-4	5E-4
1137	0.4895	0.5095	5E-4	5E-4
1138	0.4896	0.5094	5E-4	5E-4
1139	0.4893	0.5097	5E-4	5E-4
1140	0.4896	0.5094	5E-4	5E-4
1141	0.4896	0.5094	5E-4	5E-4
1142	0.4897	0.5093	5E-4	5E-4
1143	0.4901	0.5089	5E-4	5E-4
1144	0.4901	0.5089	5E-4	5E-4
1145	0.4899	0.5091	5E-4	5E-4
1146	0.4906	0.5084	5E-4	5E-4
1147	0.4909	0.5081	5E-4	5E-4
1148	0.4913	0.5077	5E-4	5E-4
1149	0.4918	0.5072	5E-4	5E-4
1150	0.4917	0.5073	5E-4	5E-4
1151	0.4913	0.5077	5E-4	5E-4
1152	0.4912	0.5078	6E-4	4E-4
1153	0.491	0.508	6E-4	4E-4
1154	0.4909	0.5081	6E-4	4E-4
1155	0.4908	0.5082	6E-4	4E-4
1156	0.49	0.509	6E-4	4E-4
1157	0.49	0.509	6E-4	4E-4
1158	0.4903	0.5087	6E-4	4E-4
1159	0.4904	0.5086	6E-4	4E-4
1160	0.4905	0.5085	6E-4	4E-4
1161	0.4906	0.5084	6E-4	4E-4
1162	0.4908	0.5082	6E-4	4E-4
1163	0.4907	0.5083	6E-4	4E-4
1164	0.4907	0.5083	6E-4	4E-4
1165	0.4905	0.5085	6E-4	4E-4
1166	0.4904	0.5086	6E-4	4E-4
1167	0.4905	0.5085	6E-4	4E-4
1168	0.4912	0.5078	6E-4	4E-4
1169	0.4912	0.5078	6E-4	4E-4
1170	0.491	0.508	6E-4	4E-4
1171	0.4908	0.5082	6E-4	4E-4
1172	0.491	0.508	6E-4	4E-4
1173	0.4911	0.5079	6E-4	4E-4
1174	0.4907	0.5083	6E-4	4E-4
1175	0.4901	0.5089	6E-4	4E-4
1176	0.4899	0.5091	6E-4	4E-4
1177	0.4896	0.5094	6E-4	4E-4
1178	0.49	0.509	6E-4	4E-4
1179	0.4899	0.5091	6E-4	4E-4
1180	0.4896	0.5094	6E-4	4E-4
1181	0.4898	0.5092	6E-4	4E-4
1182	0.4902	0.5088	6E-4	4E-4
1183	0.49	0.509	6E-4	4E-4
1184	0.49	0.509	6E-4	4E-4
1185	0.4899	0.5091	6E-4	4E-4
1186	0.4904	0.5086	6E-4	4E-4
1187	0.4904	0.5086	6E-4	4E-4
1188	0.4911	0.5079	6E-4	4E-4
1189	0.4912	0.5078	6E-4	4E-4
1190	0.4908	0.5082	6E-4	4E-4
1191	0.4908	0.5082	6E-4	4E-4
1192	0.4912	0.5078	6E-4	4E-4
1193	0.4914	0.5076	6E-4	4E-4
1194	0.4914	0.5076	6E-4	4E-4
1195	0.4913	0.5077	6E-4	4E-4
1196	0.4905	0.5085	6E-4	4E-4
1197	0.4904	0.5086	6E-4	4E-4
1198	0.4909	0.5081	6E-4	4E-4
1199	0.4904	0.5086	6E-4	4E-4
1200	0.4902	0.5088	6E-4	4E-4
1201	0.4902	0.5088	6E-4	4E-4
1202	0.4906	0.5084	6E-4	4E-4
1203	0.4908	0.5082	6E-4	4E-4
1204	0.4909	0.5081	6E-4	4E-4
1205	0.4915	0.5075	6E-4	4E-4
1206	0.4917	0.5073	6E-4	4E-4
1207	0.4914	0.5076	6E-4	4E-4
1208	0.4919	0.5071	6E-4	4E-4
1209	0.4922	0.5068	6E-4	4E-4
1210	0.4923	0.5067	6E-4	4E-4
1211	0.492	0.507	6E-4	4E-4
1212	0.4918	0.5072	6E-4	4E-4
1213	0.4918	0.5072	6E-4	4E-4
1214	0.4921	0.5069	6E-4	4E-4
1215	0.4917	0.5073	6E-4	4E-4
1216	0.4916	0.5074	6E-4	4E-4
1217	0.4916	0.5074	6E-4	4E-4
1218	0.4916	0.5074	6E-4	4E-4
1219	0.4917	0.5073	6E-4	4E-4
1220	0.4918	0.5072	6E-4	4E-4
1221	0.4917	0.5073	6E-4	4E-4
1222	0.4923	0.5067	6E-4	4E-4
1223	0.4922	0.5068	6E-4	4E-4
1224	0.4921	0.5069	6E-4	4E-4
1225	0.4918	0.5072	6E-4	4E-4
1226	0.4914	0.5076	6E-4	4E-4
1227	0.4921	0.5069	6E-4	4E-4
1228	0.4927	0.5063	6E-4	4E-4
1229	0.4934	0.5056	6E-4	4E-4
1230	0.4932	0.5058	6E-4	4E-4
1231	0.4929	0.5061	6E-4	4E-4
1232	0.4931	0.5059	6E-4	4E-4
1233	0.4932	0.5058	6E-4	4E-4
1234	0.4929	0.5061	6E-4	4E-4
1235	0.4932	0.5058	6E-4	4E-4
1236	0.4934	0.5056	6E-4	4E-4
1237	0.4936	0.5054	6E-4	4E-4
1238	0.4933	0.5057	6E-4	4E-4
1239	0.4929	0.5061	6E-4	4E-4
1240	0.493	0.506	6E-4	4E-4
1241	0.493	0.506	6E-4	4E-4
1242	0.4932	0.5058	6E-4	4E-4
1243	0.493	0.506	6E-4	4E-4
1244	0.4929	0.5061	6E-4	4E-4
1245	0.4924	0.5066	6E-4	4E-4
1246	0.4926	0.5064	6E-4	4E-4
1247	0.4928	0.5062	6E-4	4E-4
1248	0.4932	0.5058	6E-4	4E-4
1249	0.4929	0.5061	6E-4	4E-4
1250	0.4929	0.5061	6E-4	4E-4
1251	0.493	0.506	6E-4	4E-4
1252	0.4928	0.5062	6E-4	4E-4
1253	0.4928	0.5062	6E-4	4E-4
1254	0.4926	0.5064	6E-4	4E-4
1255	0.4928	0.5062	6E-4	4E-4
1256	0.493	0.506	6E-4	4E-4
1257	0.4929	0.5061	6E-4	4E-4
1258	0.4929	0.5061	6E-4	4E-4
1259	0.4927	0.5063	6E-4	4E-4
1260	0.4926	0.5064	6E-4	4E-4
1261	0.4927	0.5063	6E-4	4E-4
1262	0.4925	0.5065	6E-4	4E-4
1263	0.4925	0.5065	6E-4	4E-4
1264	0.493	0.506	6E-4	4E-4
1265	0.4928	0.5062	6E-4	4E-4
1266	0.493	0.506	6E-4	4E-4
1267	0.4934	0.5056	6E-4	4E-4
1268	0.4937	0.5053	6E-4	4E-4
1269	0.4943	0.5047	6E-4	4E-4
1270	0.4942	0.5048	6E-4	4E-4
1271	0.4941	0.5049	6E-4	4E-4
1272	0.4938	0.5052	6E-4	4E-4
1273	0.4935	0.5055	6E-4	4E-4
1274	0.4933	0.5057	6E-4	4E-4
1275	0.4934	0.5056	6E-4	4E-4
1276	0.4937	0.5053	6E-4	4E-4
1277	0.4936	0.5054	6E-4	4E-4
1278	0.4938	0.5052	6E-4	4E-4
1279	0.4938	0.5052	6E-4	4E-4
1280	0.4937	0.5053	6E-4	4E-4
1281	0.4935	0.5055	6E-4	4E-4
1282	0.4939	0.5051	6E-4	4E-4
1283	0.4941	0.5049	6E-4	4E-4
1284	0.4938	0.5052	6E-4	4E-4
1285	0.4938	0.5052	6E-4	4E-4
1286	0.4934	0.5056	6E-4	4E-4
1287	0.4932	0.5058	6E-4	4E-4
1288	0.4939	0.5051	6E-4	4E-4
1289	0.4946	0.5044	6E-4	4E-4
1290	0.4942	0.5048	6E-4	4E-4
1291	0.4944	0.5046	6E-4	4E-4
1292	0.4945	0.5045	6E-4	4E-4
1293	0.4941	0.5049	6E-4	4E-4
1294	0.494	0.505	6E-4	4E-4
1295	0.4942	0.5048	6E-4	4E-4
1296	0.4944	0.5046	6E-4	4E-4
1297	0.4945	0.5045	6E-4	4E-4
1298	0.4946	0.5044	6E-4	4E-4
1299	0.4945	0.5045	6E-4	4E-4
1300	0.4943	0.5047	6E-4	4E-4
1301	0.4946	0.5044	6E-4	4E-4
1302	0.4947	0.5043	6E-4	4E-4
1303	0.4947	0.5043	6E-4	4E-4
1304	0.4948	0.5042	6E-4	4E-4
1305	0.4944	0.5046	6E-4	4E-4
1306	0.4949	0.5041	6E-4	4E-4
1307	0.495	0.504	6E-4	4E-4
1308	0.4955	0.5035	6E-4	4E-4
1309	0.4963	0.5027	6E-4	4E-4
1310	0.4964	0.5026	6E-4	4E-4
1311	0.4972	0.5018	6E-4	4E-4
1312	0.4969	0.5021	6E-4	4E-4
1313	0.497	0.502	6E-4	4E-4
1314	0.4971	0.5019	6E-4	4E-4
1315	0.4971	0.5019	6E-4	4E-4
1316	0.4965	0.5025	6E-4	4E-4
1317	0.4968	0.5022	6E-4	4E-4
1318	0.4966	0.5024	6E-4	4E-4
1319	0.4972	0.5018	6E-4	4E-4
1320	0.4968	0.5022	6E-4	4E-4
1321	0.4967	0.5023	6E-4	4E-4
1322	0.4964	0.5026	6E-4	4E-4
1323	0.496	0.503	6E-4	4E-4
1324	0.4962	0.5028	6E-4	4E-4
1325	0.4957	0.5033	6E-4	4E-4
1326	0.4959	0.5031	6E-4	4E-4
1327	0.4958	0.5032	6E-4	4E-4
1328	0.4967	0.5023	6E-4	4E-4
1329	0.4967	0.5023	6E-4	4E-4
1330	0.4971	0.5019	6E-4	4E-4
1331	0.4972	0.5018	6E-4	4E-4
1332	0.4972	0.5018	6E-4	4E-4
1333	0.4974	0.5016	6E-4	4E-4
1334	0.4974	0.5016	6E-4	4E-4
1335	0.4973	0.5017	6E-4	4E-4
1336	0.4973	0.5017	6E-4	4E-4
1337	0.497	0.502	6E-4	4E-4
1338	0.497	0.502	6E-4	4E-4
1339	0.4971	0.5019	6E-4	4E-4
1340	0.4967	0.5023	6E-4	4E-4
1341	0.4968	0.5022	6E-4	4E-4
1342	0.497	0.502	6E-4	4E-4
1343	0.497	0.502	6E-4	4E-4
1344	0.497	0.502	6E-4	4E-4
1345	0.4966	0.5024	6E-4	4E-4
1346	0.4967	0.5023	6E-4	4E-4
1347	0.4964	0.5026	6E-4	4E-4
1348	0.4964	0.5026	6E-4	4E-4
1349	0.4964	0.5026	6E-4	4E-4
1350	0.4962	0.5028	6E-4	4E-4
1351	0.4964	0.5026	6E-4	4E-4
1352	0.4967	0.5023	6E-4	4E-4
1353	0.4965	0.5025	6E-4	4E-4
1354	0.4961	0.5029	6E-4	4E-4
1355	0.4957	0.5033	6E-4	4E-4
1356	0.4953	0.5037	6E-4	4E-4
1357	0.4951	0.5039	6E-4	4E-4
1358	0.4947	0.5043	6E-4	4E-4
1359	0.4947	0.5043	6E-4	4E-4
1360	0.4946	0.5044	6E-4	4E-4
1361	0.4947	0.5043	6E-4	4E-4
1362	0.4946	0.5044	6E-4	4E-4
1363	0.4938	0.5052	6E-4	4E-4
1364	0.4938	0.5052	6E-4	4E-4
1365	0.4941	0.5049	6E-4	4E-4
1366	0.4942	0.5048	6E-4	4E-4
1367	0.4942	0.5048	6E-4	4E-4
1368	0.4945	0.5045	6E-4	4E-4
1369	0.495	0.504	6E-4	4E-4
1370	0.4948	0.5042	6E-4	4E-4
1371	0.4948	0.5042	6E-4	4E-4
1372	0.4949	0.5041	6E-4	4E-4
1373	0.4943	0.5047	6E-4	4E-4
1374	0.4943	0.5047	6E-4	4E-4
1375	0.494	0.505	6E-4	4E-4
1376	0.4942	0.5048	6E-4	4E-4
1377	0.4942	0.5048	6E-4	4E-4
1378	0.4941	0.5049	6E-4	4E-4
1379	0.4943	0.5047	6E-4	4E-4
1380	0.494	0.505	6E-4	4E-4
1381	0.4942	0.5048	6E-4	4E-4
1382	0.4939	0.5051	6E-4	4E-4
1383	0.4938	0.5052	6E-4	4E-4
1384	0.4937	0.5053	6E-4	4E-4
1385	0.4938	0.5052	6E-4	4E-4
1386	0.4937	0.5053	6E-4	4E-4
1387	0.4938	0.5052	6E-4	4E-4
1388	0.4942	0.5048	6E-4	4E-4
1389	0.4943	0.5047	6E-4	4E-4
1390	0.494	0.505	6E-4	4E-4
1391	0.4942	0.5048	6E-4	4E-4
1392	0.4941	0.5049	6E-4	4E-4
1393	0.4942	0.5048	6E-4	4E-4
1394	0.4944	0.5046	6E-4	4E-4
1395	0.4946	0.5044	6E-4	4E-4
1396	0.4944	0.5046	6E-4	4E-4
1397	0.4946	0.5044	6E-4	4E-4
1398	0.4949	0.5041	6E-4	4E-4
1399	0.4948	0.5042	6E-4	4E-4
1400	0.4953	0.5037	6E-4	4E-4
1401	0.495	0.504	6E-4	4E-4
1402	0.4949	0.5041	6E-4	4E-4
1403	0.4953	0.5037	6E-4	4E-4
1404	0.4954	0.5036	6E-4	4E-4
1405	0.4952	0.5038	6E-4	4E-4
1406	0.4949	0.5041	6E-4	4E-4
1407	0.4952	0.5038	6E-4	4E-4
1408	0.4953	0.5037	6E-4	4E-4
1409	0.4953	0.5037	6E-4	4E-4
1410	0.4953	0.5037	6E-4	4E-4
1411	0.4956	0.5034	6E-4	4E-4
1412	0.4958	0.5032	6E-4	4E-4
1413	0.4956	0.5034	6E-4	4E-4
1414	0.4958	0.5032	6E-4	4E-4
1415	0.4958	0.5032	6E-4	4E-4
1416	0.4959	0.5031	6E-4	4E-4
1417	0.4962	0.5028	6E-4	4E-4
1418	0.4961	0.5029	6E-4	4E-4
1419	0.4958	0.5032	6E-4	4E-4
1420	0.4961	0.5029	6E-4	4E-4
1421	0.4962	0.5028	6E-4	4E-4
1422	0.4959	0.5031	6E-4	4E-4
1423	0.496	0.503	6E-4	4E-4
1424	0.496	0.503	7E-4	3E-4
1425	0.496	0.503	7E-4	3E-4
1426	0.4962	0.5028	7E-4	3E-4
1427	0.4964	0.5026	7E-4	3E-4
1428	0.4966	0.5024	7E-4	3E-4
1429	0.497	0.502	7E-4	3E-4
1430	0.4969	0.5021	7E-4	3E-4
1431	0.4969	0.5021	7E-4	3E-4
1432	0.4973	0.5017	7E-4	3E-4
1433	0.4966	0.5024	7E-4	3E-4
1434	0.4964	0.5026	7E-4	3E-4
1435	0.4966	0.5024	7E-4	3E-4
1436	0.4966	0.5024	7E-4	3E-4
1437	0.4971	0.5019	7E-4	3E-4
1438	0.4974	0.5016	7E-4	3E-4
1439	0.4977	0.5013	7E-4	3E-4
1440	0.4978	0.5012	7E-4	3E-4
1441	0.4976	0.5014	7E-4	3E-4
1442	0.4976	0.5014	7E-4	3E-4
1443	0.4978	0.5012	7E-4	3E-4
1444	0.4976	0.5014	7E-4	3E-4
1445	0.4976	0.5014	7E-4	3E-4
1446	0.498	0.501	7E-4	3E-4
1447	0.4978	0.5012	7E-4	3E-4
1448	0.4978	0.5012	7E-4	3E-4
1449	0.4981	0.5009	7E-4	3E-4
1450	0.4984	0.5006	7E-4	3E-4
1451	0.4986	0.5004	7E-4	3E-4
1452	0.4983	0.5007	7E-4	3E-4
1453	0.4986	0.5004	7E-4	3E-4
1454	0.4984	0.5006	7E-4	3E-4
1455	0.4986	0.5004	7E-4	3E-4
1456	0.4986	0.5004	7E-4	3E-4
1457	0.4988	0.5002	7E-4	3E-4
1458	0.4985	0.5005	7E-4	3E-4
1459	0.4983	0.5007	7E-4	3E-4
1460	0.4981	0.5009	7E-4	3E-4
1461	0.4979	0.5011	7E-4	3E-4
1462	0.4984	0.5006	7E-4	3E-4
1463	0.4987	0.5003	7E-4	3E-4
1464	0.4986	0.5004	7E-4	3E-4
1465	0.4988	0.5002	7E-4	3E-4
1466	0.4992	0.4998	7E-4	3E-4
1467	0.4993	0.4997	7E-4	3E-4
1468	0.4997	0.4993	7E-4	3E-4
1469	0.5	0.499	7E-4	3E-4
1470	0.4997	0.4993	7E-4	3E-4
1471	0.4999	0.4991	7E-4	3E-4
1472	0.4998	0.4992	7E-4	3E-4
1473	0.4994	0.4996	7E-4	3E-4
1474	0.4998	0.4992	7E-4	3E-4
1475	0.4995	0.4995	7E-4	3E-4
1476	0.4993	0.4997	7E-4	3E-4
1477	0.4989	0.5001	7E-4	3E-4
1478	0.4992	0.4998	7E-4	3E-4
1479	0.4992	0.4998	7E-4	3E-4
1480	0.499	0.5	7E-4	3E-4
1481	0.4989	0.5001	7E-4	3E-4
1482	0.499	0.5	7E-4	3E-4
1483	0.4987	0.5003	7E-4	3E-4
1484	0.4989	0.5001	7E-4	3E-4
1485	0.4993	0.4997	7E-4	3E-4
1486	0.4991	0.4999	7E-4	3E-4
1487	0.4993	0.4997	7E-4	3E-4
1488	0.4999	0.4991	7E-4	3E-4
1489	0.5003	0.4987	7E-4	3E-4
1490	0.5007	0.4983	7E-4	3E-4
1491	0.5003	0.4987	7E-4	3E-4
1492	0.5001	0.4989	7E-4	3E-4
1493	0.5001	0.4989	7E-4	3E-4
1494	0.4997	0.4993	7E-4	3E-4
1495	0.4997	0.4993	7E-4	3E-4
1496	0.5	0.499	7E-4	3E-4
1497	0.4999	0.4991	7E-4	3E-4
1498	0.5002	0.4988	7E-4	3E-4
1499	0.4999	0.4991	7E-4	3E-4
1500	0.5	0.499	7E-4	3E-4
1501	0.4994	0.4996	7E-4	3E-4
1502	0.499	0.5	7E-4	3E-4
1503	0.4985	0.5005	7E-4	3E-4
1504	0.4986	0.5004	7E-4	3E-4
1505	0.4979	0.5011	7E-4	3E-4
1506	0.4984	0.5006	7E-4	3E-4
1507	0.4982	0.5008	7E-4	3E-4
1508	0.4985	0.5005	7E-4	3E-4
1509	0.4989	0.5001	7E-4	3E-4
1510	0.4991	0.4999	7E-4	3E-4
1511	0.4995	0.4995	7E-4	3E-4
1512	0.4997	0.4993	7E-4	3E-4
1513	0.4996	0.4994	7E-4	3E-4
1514	0.4991	0.4999	7E-4	3E-4
1515	0.4989	0.5001	7E-4	3E-4
1516	0.499	0.5	7E-4	3E-4
1517	0.4992	0.4998	7E-4	3E-4
1518	0.4994	0.4996	7E-4	3E-4
1519	0.4995	0.4995	7E-4	3E-4
1520	0.4993	0.4997	7E-4	3E-4
1521	0.4992	0.4998	7E-4	3E-4
1522	0.4989	0.5001	7E-4	3E-4
1523	0.4994	0.4996	7E-4	3E-4
1524	0.4989	0.5001	7E-4	3E-4
1525	0.4984	0.5006	7E-4	3E-4
1526	0.4989	0.5001	7E-4	3E-4
1527	0.4991	0.4999	7E-4	3E-4
1528	0.4991	0.4999	7E-4	3E-4
1529	0.4992	0.4998	7E-4	3E-4
1530	0.4993	0.4997	7E-4	3E-4
1531	0.4995	0.4995	7E-4	3E-4
1532	0.4995	0.4995	7E-4	3E-4
1533	0.4993	0.4997	7E-4	3E-4
1534	0.4997	0.4993	7E-4	3E-4
1535	0.4998	0.4992	7E-4	3E-4
1536	0.4999	0.4991	7E-4	3E-4
1537	0.4998	0.4992	7E-4	3E-4
1538	0.5004	0.4986	7E-4	3E-4
1539	0.5005	0.4985	7E-4	3E-4
1540	0.4998	0.4992	7E-4	3E-4
1541	0.4999	0.4991	7E-4	3E-4
1542	0.5	0.499	7E-4	3E-4
1543	0.4997	0.4993	7E-4	3E-4
1544	0.4993	0.4997	7E-4	3E-4
1545	0.4994	0.4996	7E-4	3E-4
1546	0.4996	0.4994	7E-4	3E-4
1547	0.4996	0.4994	7E-4	3E-4
1548	0.4997	0.4993	7E-4	3E-4
1549	0.4995	0.4995	7E-4	3E-4
1550	0.4997	0.4993	7E-4	3E-4
1551	0.5	0.499	7E-4	3E-4
1552	0.5002	0.4988	7E-4	3E-4
1553	0.5001	0.4989	7E-4	3E-4
1554	0.5004	0.4986	7E-4	3E-4
1555	0.5001	0.4989	7E-4	3E-4
1556	0.5001	0.4989	7E-4	3E-4
1557	0.5	0.499	7E-4	3E-4
1558	0.4997	0.4993	7E-4	3E-4
1559	0.4999	0.4991	7E-4	3E-4
1560	0.4997	0.4993	7E-4	3E-4
1561	0.5001	0.4989	7E-4	3E-4
1562	0.4997	0.4992	8E-4	3E-4
1563	0.4998	0.4991	8E-4	3E-4
1564	0.4997	0.4992	8E-4	3E-4
1565	0.4998	0.4991	8E-4	3E-4
1566	0.4998	0.4991	8E-4	3E-4
1567	0.5002	0.4987	8E-4	3E-4
1568	0.5005	0.4984	8E-4	3E-4
1569	0.5006	0.4983	8E-4	3E-4
1570	0.5009	0.498	8E-4	3E-4
1571	0.5009	0.498	8E-4	3E-4
1572	0.5007	0.4982	8E-4	3E-4
1573	0.501	0.4979	8E-4	3E-4
1574	0.5013	0.4976	8E-4	3E-4
1575	0.5011	0.4978	8E-4	3E-4
1576	0.5007	0.4982	8E-4	3E-4
1577	0.5006	0.4983	8E-4	3E-4
1578	0.5008	0.4981	8E-4	3E-4
1579	0.5007	0.4982	8E-4	3E-4
1580	0.5007	0.4982	8E-4	3E-4
1581	0.5006	0.4983	8E-4	3E-4
1582	0.5006	0.4983	8E-4	3E-4
1583	0.5004	0.4985	8E-4	3E-4
1584	0.5005	0.4984	8E-4	3E-4
1585	0.4997	0.4992	8E-4	3E-4
1586	0.5	0.4989	8E-4	3E-4
1587	0.5004	0.4985	8E-4	3E-4
1588	0.5004	0.4985	8E-4	3E-4
1589	0.5007	0.4982	8E-4	3E-4
1590	0.5009	0.498	8E-4	3E-4
1591	0.5014	0.4975	8E-4	3E-4
1592	0.5011	0.4978	8E-4	3E-4
1593	0.501	0.4979	8E-4	3E-4
1594	0.5011	0.4978	8E-4	3E-4
1595	0.5011	0.4978	8E-4	3E-4
1596	0.5013	0.4976	8E-4	3E-4
1597	0.5016	0.4973	8E-4	3E-4
1598	0.5017	0.4972	8E-4	3E-4
1599	0.5011	0.4978	8E-4	3E-4
1600	0.501	0.4979	8E-4	3E-4
1601	0.5005	0.4984	8E-4	3E-4
1602	0.5005	0.4984	8E-4	3E-4
1603	0.5009	0.498	8E-4	3E-4
1604	0.5009	0.498	8E-4	3E-4
1605	0.5009	0.498	8E-4	3E-4
1606	0.5011	0.4978	8E-4	3E-4
1607	0.5013	0.4976	8E-4	3E-4
1608	0.5016	0.4973	8E-4	3E-4
1609	0.502	0.4969	8E-4	3E-4
1610	0.5018	0.4971	8E-4	3E-4
1611	0.5014	0.4975	8E-4	3E-4
1612	0.5016	0.4973	8E-4	3E-4
1613	0.5016	0.4973	8E-4	3E-4
1614	0.5016	0.4973	8E-4	3E-4
1615	0.5012	0.4977	8E-4	3E-4
1616	0.5011	0.4978	8E-4	3E-4
1617	0.5011	0.4978	8E-4	3E-4
1618	0.5012	0.4977	8E-4	3E-4
1619	0.5008	0.4981	8E-4	3E-4
1620	0.5016	0.4973	8E-4	3E-4
1621	0.5012	0.4977	8E-4	3E-4
1622	0.5013	0.4976	8E-4	3E-4
1623	0.5011	0.4978	8E-4	3E-4
1624	0.5016	0.4973	8E-4	3E-4
1625	0.5012	0.4977	8E-4	3E-4
1626	0.5018	0.4971	8E-4	3E-4
1627	0.5021	0.4968	8E-4	3E-4
1628	0.5024	0.4965	8E-4	3E-4
1629	0.5026	0.4963	8E-4	3E-4
1630	0.5032	0.4957	8E-4	3E-4
1631	0.5029	0.496	8E-4	3E-4
1632	0.5027	0.4962	8E-4	3E-4
1633	0.5026	0.4963	8E-4	3E-4
1634	0.5027	0.4962	8E-4	3E-4
1635	0.5026	0.4963	8E-4	3E-4
1636	0.5024	0.4965	8E-4	3E-4
1637	0.5026	0.4963	8E-4	3E-4
1638	0.5026	0.4963	8E-4	3E-4
1639	0.5024	0.4965	8E-4	3E-4
1640	0.5019	0.497	8E-4	3E-4
1641	0.5019	0.497	8E-4	3E-4
1642	0.5019	0.497	8E-4	3E-4
1643	0.5017	0.4972	8E-4	3E-4
1644	0.5012	0.4977	8E-4	3E-4
1645	0.5014	0.4975	8E-4	3E-4
1646	0.5019	0.497	8E-4	3E-4
1647	0.5023	0.4966	8E-4	3E-4
1648	0.5032	0.4957	8E-4	3E-4
1649	0.5032	0.4957	8E-4	3E-4
1650	0.5032	0.4957	8E-4	3E-4
1651	0.5033	0.4956	8E-4	3E-4
1652	0.5033	0.4956	8E-4	3E-4
1653	0.5035	0.4954	8E-4	3E-4
1654	0.5037	0.4952	8E-4	3E-4
1655	0.5036	0.4953	8E-4	3E-4
1656	0.5035	0.4954	8E-4	3E-4
1657	0.5037	0.4952	8E-4	3E-4
1658	0.5036	0.4953	8E-4	3E-4
1659	0.5035	0.4954	8E-4	3E-4
1660	0.5031	0.4958	8E-4	3E-4
1661	0.5034	0.4955	8E-4	3E-4
1662	0.5031	0.4958	8E-4	3E-4
1663	0.503	0.4959	8E-4	3E-4
1664	0.5029	0.496	8E-4	3E-4
1665	0.5027	0.4962	8E-4	3E-4
1666	0.5029	0.496	8E-4	3E-4
1667	0.5027	0.4962	8E-4	3E-4
1668	0.5034	0.4955	8E-4	3E-4
1669	0.5034	0.4955	8E-4	3E-4
1670	0.5034	0.4955	8E-4	3E-4
1671	0.5029	0.4959	9E-4	3E-4
1672	0.5025	0.4963	9E-4	3E-4
1673	0.5023	0.4965	9E-4	3E-4
1674	0.5021	0.4967	9E-4	3E-4
1675	0.502	0.4968	9E-4	3E-4
1676	0.5016	0.4972	9E-4	3E-4
1677	0.5019	0.4969	9E-4	3E-4
1678	0.5019	0.4969	9E-4	3E-4
1679	0.5016	0.4972	9E-4	3E-4
1680	0.5017	0.4971	9E-4	3E-4
1681	0.5017	0.4971	9E-4	3E-4
1682	0.5013	0.4975	9E-4	3E-4
1683	0.5017	0.4971	9E-4	3E-4
1684	0.5015	0.4973	9E-4	3E-4
1685	0.5018	0.497	9E-4	3E-4
1686	0.502	0.4968	9E-4	3E-4
1687	0.5019	0.4969	9E-4	3E-4
1688	0.5021	0.4967	9E-4	3E-4
1689	0.5017	0.4971	9E-4	3E-4
1690	0.5023	0.4965	9E-4	3E-4
1691	0.502	0.4968	9E-4	3E-4
1692	0.5022	0.4966	9E-4	3E-4
1693	0.5021	0.4967	9E-4	3E-4
1694	0.5018	0.497	9E-4	3E-4
1695	0.5019	0.4969	9E-4	3E-4
1696	0.5019	0.4969	9E-4	3E-4
1697	0.5018	0.497	9E-4	3E-4
1698	0.5014	0.4974	9E-4	3E-4
1699	0.5013	0.4975	9E-4	3E-4
1700	0.5011	0.4977	9E-4	3E-4
1701	0.5013	0.4975	9E-4	3E-4
1702	0.5014	0.4974	9E-4	3E-4
1703	0.5011	0.4977	9E-4	3E-4
1704	0.5006	0.4982	9E-4	3E-4
1705	0.5006	0.4982	9E-4	3E-4
1706	0.4997	0.4991	9E-4	3E-4
1707	0.4996	0.4992	9E-4	3E-4
1708	0.5004	0.4984	9E-4	3E-4
1709	0.5005	0.4983	9E-4	3E-4
1710	0.5002	0.4986	9E-4	3E-4
1711	0.5001	0.4987	9E-4	3E-4
1712	0.5003	0.4985	9E-4	3E-4
1713	0.5005	0.4983	9E-4	3E-4
1714	0.5009	0.4979	9E-4	3E-4
1715	0.5007	0.4981	9E-4	3E-4
1716	0.5008	0.498	9E-4	3E-4
1717	0.501	0.4978	9E-4	3E-4
1718	0.5009	0.4979	9E-4	3E-4
1719	0.501	0.4978	9E-4	3E-4
1720	0.5012	0.4976	9E-4	3E-4
1721	0.5011	0.4977	9E-4	3E-4
1722	0.5015	0.4973	9E-4	3E-4
1723	0.5013	0.4975	9E-4	3E-4
1724	0.5013	0.4975	9E-4	3E-4
1725	0.5013	0.4975	9E-4	3E-4
1726	0.5014	0.4974	9E-4	3E-4
1727	0.5013	0.4975	9E-4	3E-4
1728	0.502	0.4968	9E-4	3E-4
1729	0.5018	0.497	9E-4	3E-4
1730	0.502	0.4968	9E-4	3E-4
1731	0.5018	0.497	9E-4	3E-4
1732	0.502	0.4968	9E-4	3E-4
1733	0.5022	0.4966	9E-4	3E-4
1734	0.5021	0.4967	9E-4	3E-4
1735	0.502	0.4968	9E-4	3E-4
1736	0.5015	0.4973	9E-4	3E-4
1737	0.5013	0.4975	9E-4	3E-4
1738	0.5014	0.4974	9E-4	3E-4
1739	0.5015	0.4973	9E-4	3E-4
1740	0.5015	0.4973	9E-4	3E-4
1741	0.5011	0.4977	9E-4	3E-4
1742	0.5012	0.4976	9E-4	3E-4
1743	0.5012	0.4976	9E-4	3E-4
1744	0.501	0.4978	9E-4	3E-4
1745	0.5007	0.4981	9E-4	3E-4
1746	0.5006	0.4982	9E-4	3E-4
1747	0.5	0.4988	9E-4	3E-4
1748	0.5006	0.4982	9E-4	3E-4
1749	0.5009	0.4979	9E-4	3E-4
1750	0.5009	0.4979	9E-4	3E-4
1751	0.5011	0.4977	9E-4	3E-4
1752	0.5013	0.4975	9E-4	3E-4
1753	0.501	0.4978	9E-4	3E-4
1754	0.5006	0.4982	9E-4	3E-4
1755	0.5006	0.4982	9E-4	3E-4
1756	0.5006	0.4982	9E-4	3E-4
1757	0.5008	0.498	9E-4	3E-4
1758	0.5005	0.4983	9E-4	3E-4
1759	0.5003	0.4985	9E-4	3E-4
1760	0.5002	0.4986	9E-4	3E-4
1761	0.5001	0.4987	9E-4	3E-4
1762	0.5	0.4988	9E-4	3E-4
1763	0.4995	0.4993	9E-4	3E-4
1764	0.4995	0.4993	8E-4	4E-4
1765	0.4994	0.4994	8E-4	4E-4
1766	0.4996	0.4992	8E-4	4E-4
1767	0.4996	0.4992	8E-4	4E-4
1768	0.4998	0.499	8E-4	4E-4
1769	0.5002	0.4986	8E-4	4E-4
1770	0.5002	0.4986	8E-4	4E-4
1771	0.4999	0.4989	8E-4	4E-4
1772	0.5006	0.4982	8E-4	4E-4
1773	0.5003	0.4985	8E-4	4E-4
1774	0.5001	0.4987	8E-4	4E-4
1775	0.4998	0.499	8E-4	4E-4
1776	0.4994	0.4994	8E-4	4E-4
1777	0.4991	0.4997	8E-4	4E-4
1778	0.4995	0.4993	8E-4	4E-4
1779	0.4993	0.4995	8E-4	4E-4
1780	0.4992	0.4996	8E-4	4E-4
1781	0.499	0.4998	8E-4	4E-4
1782	0.4986	0.5002	8E-4	4E-4
1783	0.4985	0.5003	8E-4	4E-4
1784	0.4985	0.5003	8E-4	4E-4
1785	0.498	0.5008	8E-4	4E-4
1786	0.4979	0.5009	8E-4	4E-4
1787	0.4975	0.5013	8E-4	4E-4
1788	0.4979	0.5009	8E-4	4E-4
1789	0.4979	0.5009	8E-4	4E-4
1790	0.4981	0.5007	8E-4	4E-4
1791	0.4982	0.5006	8E-4	4E-4
1792	0.4983	0.5005	8E-4	4E-4
1793	0.4983	0.5005	8E-4	4E-4
1794	0.4983	0.5005	8E-4	4E-4
1795	0.4982	0.5006	8E-4	4E-4
1796	0.4981	0.5007	8E-4	4E-4
1797	0.4982	0.5006	8E-4	4E-4
1798	0.4985	0.5003	8E-4	4E-4
1799	0.4984	0.5004	8E-4	4E-4
1800	0.4981	0.5007	8E-4	4E-4
1801	0.4984	0.5004	8E-4	4E-4
1802	0.4987	0.5001	8E-4	4E-4
1803	0.4988	0.5	8E-4	4E-4
1804	0.4991	0.4997	8E-4	4E-4
1805	0.4991	0.4997	8E-4	4E-4
1806	0.4991	0.4997	8E-4	4E-4
1807	0.4989	0.4999	8E-4	4E-4
1808	0.4991	0.4997	8E-4	4E-4
1809	0.4994	0.4994	8E-4	4E-4
1810	0.4993	0.4995	8E-4	4E-4
1811	0.4997	0.4991	8E-4	4E-4
1812	0.4999	0.4989	8E-4	4E-4
1813	0.4999	0.4989	8E-4	4E-4
1814	0.4999	0.4989	8E-4	4E-4
1815	0.4997	0.4991	8E-4	4E-4
1816	0.4999	0.4989	8E-4	4E-4
1817	0.5	0.4988	8E-4	4E-4
1818	0.4998	0.499	8E-4	4E-4
1819	0.4998	0.499	8E-4	4E-4
1820	0.5005	0.4983	8E-4	4E-4
1821	0.5007	0.4981	8E-4	4E-4
1822	0.5004	0.4984	8E-4	4E-4
1823	0.5005	0.4983	8E-4	4E-4
1824	0.5002	0.4986	8E-4	4E-4
1825	0.5001	0.4987	8E-4	4E-4
1826	0.5	0.4988	8E-4	4E-4
1827	0.5004	0.4984	8E-4	4E-4
1828	0.5006	0.4982	8E-4	4E-4
1829	0.501	0.4978	8E-4	4E-4
1830	0.5011	0.4977	8E-4	4E-4
1831	0.501	0.4978	8E-4	4E-4
1832	0.5008	0.498	8E-4	4E-4
1833	0.5006	0.4982	8E-4	4E-4
1834	0.5007	0.4981	8E-4	4E-4
1835	0.5007	0.4981	8E-4	4E-4
1836	0.5007	0.4981	8E-4	4E-4
1837	0.5008	0.498	8E-4	4E-4
1838	0.5007	0.4981	8E-4	4E-4
1839	0.5008	0.498	8E-4	4E-4
1840	0.5009	0.4979	8E-4	4E-4
1841	0.5006	0.4982	8E-4	4E-4
1842	0.5009	0.4979	8E-4	4E-4
1843	0.5013	0.4975	8E-4	4E-4
1844	0.5012	0.4976	8E-4	4E-4
1845	0.5016	0.4972	8E-4	4E-4
1846	0.5015	0.4973	8E-4	4E-4
1847	0.5018	0.497	8E-4	4E-4
1848	0.5025	0.4963	8E-4	4E-4
1849	0.5027	0.4961	8E-4	4E-4
1850	0.5027	0.4961	8E-4	4E-4
1851	0.5025	0.4963	8E-4	4E-4
1852	0.5026	0.4962	8E-4	4E-4
1853	0.503	0.4958	8E-4	4E-4
1854	0.5032	0.4956	8E-4	4E-4
1855	0.5034	0.4954	8E-4	4E-4
1856	0.5034	0.4954	8E-4	4E-4
1857	0.5034	0.4954	8E-4	4E-4
1858	0.5035	0.4953	8E-4	4E-4
1859	0.5033	0.4955	8E-4	4E-4
1860	0.503	0.4958	8E-4	4E-4
1861	0.503	0.4958	8E-4	4E-4
1862	0.503	0.4958	8E-4	4E-4
1863	0.5032	0.4956	8E-4	4E-4
1864	0.503	0.4958	8E-4	4E-4
1865	0.5027	0.4961	8E-4	4E-4
1866	0.5026	0.4962	8E-4	4E-4
1867	0.5026	0.4962	8E-4	4E-4
1868	0.5031	0.4957	8E-4	4E-4
1869	0.5038	0.495	8E-4	4E-4
1870	0.5037	0.4951	8E-4	4E-4
1871	0.5033	0.4955	8E-4	4E-4
1872	0.5033	0.4955	8E-4	4E-4
1873	0.5031	0.4957	8E-4	4E-4
1874	0.5031	0.4957	8E-4	4E-4
1875	0.5031	0.4957	8E-4	4E-4
1876	0.503	0.4958	8E-4	4E-4
1877	0.503	0.4958	8E-4	4E-4
1878	0.503	0.4958	7E-4	5E-4
1879	0.503	0.4958	7E-4	5E-4
1880	0.5032	0.4956	7E-4	5E-4
1881	0.5031	0.4957	7E-4	5E-4
1882	0.503	0.4958	7E-4	5E-4
1883	0.5033	0.4955	7E-4	5E-4
1884	0.5033	0.4955	7E-4	5E-4
1885	0.5037	0.4951	7E-4	5E-4
1886	0.5035	0.4953	7E-4	5E-4
1887	0.5035	0.4953	7E-4	5E-4
1888	0.5038	0.495	7E-4	5E-4
1889	0.5039	0.4949	7E-4	5E-4
1890	0.5042	0.4946	7E-4	5E-4
1891	0.5042	0.4946	7E-4	5E-4
1892	0.5045	0.4943	7E-4	5E-4
1893	0.5044	0.4944	7E-4	5E-4
1894	0.5046	0.4942	7E-4	5E-4
1895	0.5049	0.4939	7E-4	5E-4
1896	0.505	0.4938	7E-4	5E-4
1897	0.5048	0.494	7E-4	5E-4
1898	0.5045	0.4943	7E-4	5E-4
1899	0.5043	0.4945	7E-4	5E-4
1900	0.504	0.4948	7E-4	5E-4
1901	0.504	0.4948	7E-4	5E-4
1902	0.5041	0.4947	7E-4	5E-4
1903	0.5044	0.4944	7E-4	5E-4
1904	0.5041	0.4947	7E-4	5E-4
1905	0.504	0.4948	7E-4	5E-4
1906	0.5038	0.495	7E-4	5E-4
1907	0.504	0.4948	7E-4	5E-4
1908	0.5041	0.4947	7E-4	5E-4
1909	0.5046	0.4942	7E-4	5E-4
1910	0.5045	0.4943	7E-4	5E-4
1911	0.5041	0.4947	7E-4	5E-4
1912	0.504	0.4948	7E-4	5E-4
1913	0.5036	0.4952	7E-4	5E-4
1914	0.5034	0.4954	7E-4	5E-4
1915	0.5032	0.4956	7E-4	5E-4
1916	0.5034	0.4954	7E-4	5E-4
1917	0.5033	0.4955	7E-4	5E-4
1918	0.5034	0.4954	7E-4	5E-4
1919	0.5031	0.4957	7E-4	5E-4
1920	0.5035	0.4953	7E-4	5E-4
1921	0.5032	0.4956	7E-4	5E-4
1922	0.5036	0.4952	7E-4	5E-4
1923	0.5032	0.4956	7E-4	5E-4
1924	0.5027	0.4961	7E-4	5E-4
1925	0.5025	0.4963	7E-4	5E-4
1926	0.5027	0.4961	7E-4	5E-4
1927	0.503	0.4958	7E-4	5E-4
1928	0.5036	0.4952	7E-4	5E-4
1929	0.5036	0.4952	7E-4	5E-4
1930	0.5034	0.4954	7E-4	5E-4
1931	0.5035	0.4953	7E-4	5E-4
1932	0.5039	0.4949	7E-4	5E-4
1933	0.5036	0.4952	7E-4	5E-4
1934	0.5036	0.4952	7E-4	5E-4
1935	0.5029	0.4959	7E-4	5E-4
1936	0.5029	0.4959	7E-4	5E-4
1937	0.5028	0.496	7E-4	5E-4
1938	0.5028	0.496	7E-4	5E-4
1939	0.5029	0.4959	7E-4	5E-4
1940	0.5026	0.4962	7E-4	5E-4
1941	0.5029	0.4959	7E-4	5E-4
1942	0.5031	0.4957	7E-4	5E-4
1943	0.503	0.4958	7E-4	5E-4
1944	0.5026	0.4962	7E-4	5E-4
1945	0.5028	0.496	7E-4	5E-4
1946	0.5029	0.4959	7E-4	5E-4
1947	0.5032	0.4956	7E-4	5E-4
1948	0.5041	0.4947	7E-4	5E-4
1949	0.5043	0.4945	7E-4	5E-4
1950	0.5046	0.4942	7E-4	5E-4
1951	0.5052	0.4936	7E-4	5E-4
1952	0.5051	0.4937	7E-4	5E-4
1953	0.5053	0.4935	7E-4	5E-4
1954	0.5054	0.4934	7E-4	5E-4
1955	0.505	0.4938	7E-4	5E-4
1956	0.5052	0.4936	7E-4	5E-4
1957	0.5053	0.4935	7E-4	5E-4
1958	0.5049	0.4939	7E-4	5E-4
1959	0.5051	0.4937	7E-4	5E-4
1960	0.5052	0.4936	7E-4	5E-4
1961	0.5053	0.4935	7E-4	5E-4
1962	0.5053	0.4935	7E-4	5E-4
1963	0.5053	0.4935	7E-4	5E-4
1964	0.5052	0.4936	7E-4	5E-4
1965	0.5057	0.4931	7E-4	5E-4
1966	0.5058	0.493	7E-4	5E-4
1967	0.5061	0.4927	7E-4	5E-4
1968	0.5065	0.4922	8E-4	5E-4
1969	0.5065	0.4922	8E-4	5E-4
1970	0.5067	0.492	8E-4	5E-4
1971	0.5067	0.492	8E-4	5E-4
1972	0.5065	0.4922	8E-4	5E-4
1973	0.5068	0.4919	8E-4	5E-4
1974	0.5063	0.4924	8E-4	5E-4
1975	0.5065	0.4922	8E-4	5E-4
1976	0.5068	0.4919	8E-4	5E-4
1977	0.5069	0.4918	8E-4	5E-4
1978	0.5074	0.4913	8E-4	5E-4
1979	0.5077	0.491	8E-4	5E-4
1980	0.5081	0.4906	8E-4	5E-4
1981	0.5079	0.4908	8E-4	5E-4
1982	0.5078	0.4909	8E-4	5E-4
1983	0.5078	0.4909	8E-4	5E-4
1984	0.5084	0.4903	8E-4	5E-4
1985	0.5079	0.4908	8E-4	5E-4
1986	0.5079	0.4908	8E-4	5E-4
1987	0.5082	0.4905	8E-4	5E-4
1988	0.5087	0.49	8E-4	5E-4
1989	0.5088	0.4899	8E-4	5E-4
1990	0.5089	0.4898	8E-4	5E-4
1991	0.5087	0.49	8E-4	5E-4
1992	0.5085	0.4902	8E-4	5E-4
1993	0.5087	0.49	8E-4	5E-4
1994	0.5086	0.4901	8E-4	5E-4
1995	0.5089	0.4898	8E-4	5E-4
1996	0.5092	0.4895	8E-4	5E-4
1997	0.5093	0.4894	8E-4	5E-4
1998	0.5095	0.4892	8E-4	5E-4
1999	0.5097	0.489	8E-4	5E-4
2000	0.51	0.4887	8E-4	5E-4
2001	0.5102	0.4885	8E-4	5E-4
2002	0.5104	0.4883	8E-4	5E-4
2003	0.5104	0.4883	8E-4	5E-4
2004	0.5102	0.4885	8E-4	5E-4
2005	0.5101	0.4886	8E-4	5E-4
2006	0.5105	0.4882	8E-4	5E-4
2007	0.5108	0.4879	8E-4	5E-4
2008	0.5108	0.4879	8E-4	5E-4
2009	0.5107	0.488	8E-4	5E-4
2010	0.5104	0.4883	8E-4	5E-4
2011	0.5104	0.4883	8E-4	5E-4
2012	0.5103	0.4884	8E-4	5E-4
2013	0.5104	0.4883	8E-4	5E-4
2014	0.5108	0.4879	8E-4	5E-4
2015	0.5101	0.4886	8E-4	5E-4
2016	0.5098	0.4889	8E-4	5E-4
2017	0.5098	0.4889	8E-4	5E-4
2018	0.5101	0.4886	8E-4	5E-4
2019	0.5101	0.4886	8E-4	5E-4
2020	0.5104	0.4883	8E-4	5E-4
2021	0.5105	0.4882	8E-4	5E-4
2022	0.5102	0.4885	8E-4	5E-4
2023	0.5101	0.4886	8E-4	5E-4
2024	0.5098	0.4889	8E-4	5E-4
2025	0.5099	0.4888	8E-4	5E-4
2026	0.5097	0.489	8E-4	5E-4
2027	0.51	0.4887	8E-4	5E-4
2028	0.5099	0.4888	8E-4	5E-4
2029	0.5103	0.4884	8E-4	5E-4
2030	0.5103	0.4884	8E-4	5E-4
2031	0.5101	0.4886	8E-4	5E-4
2032	0.5104	0.4883	8E-4	5E-4
2033	0.51	0.4887	8E-4	5E-4
2034	0.5099	0.4888	8E-4	5E-4
2035	0.5098	0.4889	8E-4	5E-4
2036	0.5102	0.4885	8E-4	5E-4
2037	0.5105	0.4882	8E-4	5E-4
2038	0.5111	0.4876	8E-4	5E-4
2039	0.5113	0.4874	8E-4	5E-4
2040	0.511	0.4877	8E-4	5E-4
2041	0.511	0.4877	8E-4	5E-4
2042	0.5109	0.4878	8E-4	5E-4
2043	0.5109	0.4878	8E-4	5E-4
2044	0.5109	0.4878	8E-4	5E-4
2045	0.5108	0.4879	8E-4	5E-4
2046	0.5106	0.4881	8E-4	5E-4
2047	0.5106	0.4881	8E-4	5E-4
2048	0.5105	0.4882	8E-4	5E-4
2049	0.5102	0.4885	8E-4	5E-4
2050	0.5106	0.4881	8E-4	5E-4
2051	0.5105	0.4882	8E-4	5E-4
2052	0.5103	0.4884	8E-4	5E-4
2053	0.5098	0.4889	8E-4	5E-4
2054	0.5098	0.4889	8E-4	5E-4
2055	0.509	0.4897	8E-4	5E-4
2056	0.5089	0.4898	8E-4	5E-4
2057	0.509	0.4897	8E-4	5E-4
2058	0.5093	0.4894	8E-4	5E-4
2059	0.51	0.4887	8E-4	5E-4
2060	0.51	0.4887	8E-4	5E-4
2061	0.51	0.4887	8E-4	5E-4
2062	0.51	0.4887	8E-4	5E-4
2063	0.5101	0.4886	8E-4	5E-4
2064	0.5102	0.4885	8E-4	5E-4
2065	0.51	0.4887	8E-4	5E-4
2066	0.51	0.4887	8E-4	5E-4
2067	0.5102	0.4885	8E-4	5E-4
2068	0.5106	0.4881	8E-4	5E-4
2069	0.5105	0.4882	8E-4	5E-4
2070	0.5108	0.4879	8E-4	5E-4
2071	0.5104	0.4883	8E-4	5E-4
2072	0.51	0.4887	8E-4	5E-4
2073	0.5101	0.4886	8E-4	5E-4
2074	0.5105	0.4882	8E-4	5E-4
2075	0.5101	0.4886	8E-4	5E-4
2076	0.5105	0.4882	8E-4	5E-4
2077	0.5105	0.4882	8E-4	5E-4
2078	0.5111	0.4876	8E-4	5E-4
2079	0.511	0.4877	8E-4	5E-4
2080	0.511	0.4877	8E-4	5E-4
2081	0.5112	0.4875	8E-4	5E-4
2082	0.511	0.4877	8E-4	5E-4
2083	0.5111	0.4876	8E-4	5E-4
2084	0.5108	0.4879	8E-4	5E-4
2085	0.5108	0.4879	8E-4	5E-4
2086	0.5108	0.4879	8E-4	5E-4
2087	0.5108	0.4879	8E-4	5E-4
2088	0.5106	0.4881	8E-4	5E-4
2089	0.511	0.4877	8E-4	5E-4
2090	0.5111	0.4876	8E-4	5E-4
2091	0.5109	0.4878	8E-4	5E-4
2092	0.5109	0.4878	8E-4	5E-4
2093	0.5107	0.488	8E-4	5E-4
2094	0.5107	0.488	8E-4	5E-4
2095	0.511	0.4877	8E-4	5E-4
2096	0.5111	0.4876	8E-4	5E-4
2097	0.5114	0.4873	8E-4	5E-4
2098	0.5117	0.487	8E-4	5E-4
2099	0.512	0.4867	8E-4	5E-4
2100	0.5123	0.4864	8E-4	5E-4
2101	0.5129	0.4858	8E-4	5E-4
2102	0.5129	0.4858	8E-4	5E-4
2103	0.5135	0.4852	8E-4	5E-4
2104	0.5134	0.4853	8E-4	5E-4
2105	0.513	0.4857	8E-4	5E-4
2106	0.5129	0.4858	8E-4	5E-4
2107	0.5131	0.4856	8E-4	5E-4
2108	0.5135	0.4852	8E-4	5E-4
2109	0.5134	0.4853	8E-4	5E-4
2110	0.5135	0.4852	8E-4	5E-4
2111	0.5133	0.4854	8E-4	5E-4
2112	0.5131	0.4856	8E-4	5E-4
2113	0.5128	0.4859	8E-4	5E-4
2114	0.513	0.4857	8E-4	5E-4
2115	0.5129	0.4858	8E-4	5E-4
2116	0.5131	0.4856	8E-4	5E-4
2117	0.5134	0.4853	8E-4	5E-4
2118	0.5135	0.4852	8E-4	5E-4
2119	0.5143	0.4844	8E-4	5E-4
2120	0.5139	0.4848	8E-4	5E-4
2121	0.5135	0.4852	8E-4	5E-4
2122	0.5136	0.4851	8E-4	5E-4
2123	0.5138	0.4849	8E-4	5E-4
2124	0.5137	0.485	8E-4	5E-4
2125	0.5137	0.485	8E-4	5E-4
2126	0.5138	0.4849	8E-4	5E-4
2127	0.5137	0.485	8E-4	5E-4
2128	0.5137	0.485	8E-4	5E-4
2129	0.514	0.4847	8E-4	5E-4
2130	0.5137	0.485	8E-4	5E-4
2131	0.5137	0.485	8E-4	5E-4
2132	0.514	0.4847	8E-4	5E-4
2133	0.5134	0.4853	8E-4	5E-4
2134	0.5134	0.4853	8E-4	5E-4
2135	0.5129	0.4858	8E-4	5E-4
2136	0.5133	0.4854	8E-4	5E-4
2137	0.5136	0.4851	8E-4	5E-4
2138	0.5132	0.4855	9E-4	4E-4
2139	0.5134	0.4853	9E-4	4E-4
2140	0.5133	0.4854	9E-4	4E-4
2141	0.513	0.4857	9E-4	4E-4
2142	0.5126	0.4861	9E-4	4E-4
2143	0.5128	0.4859	9E-4	4E-4
2144	0.5129	0.4858	9E-4	4E-4
2145	0.5124	0.4863	9E-4	4E-4
2146	0.5128	0.4859	9E-4	4E-4
2147	0.5124	0.4863	9E-4	4E-4
2148	0.5118	0.4869	9E-4	4E-4
2149	0.5118	0.4869	9E-4	4E-4
2150	0.512	0.4867	9E-4	4E-4
2151	0.5116	0.4871	9E-4	4E-4
2152	0.5119	0.4868	9E-4	4E-4
2153	0.5116	0.4871	9E-4	4E-4
2154	0.5116	0.4871	9E-4	4E-4
2155	0.5118	0.4869	9E-4	4E-4
2156	0.5117	0.487	9E-4	4E-4
2157	0.5117	0.487	9E-4	4E-4
2158	0.5119	0.4868	9E-4	4E-4
2159	0.5119	0.4868	9E-4	4E-4
2160	0.5121	0.4866	9E-4	4E-4
2161	0.512	0.4867	9E-4	4E-4
2162	0.512	0.4867	9E-4	4E-4
2163	0.5119	0.4868	9E-4	4E-4
2164	0.5122	0.4865	9E-4	4E-4
2165	0.5124	0.4863	9E-4	4E-4
2166	0.5122	0.4865	9E-4	4E-4
2167	0.5121	0.4866	9E-4	4E-4
2168	0.5121	0.4866	9E-4	4E-4
2169	0.5117	0.487	9E-4	4E-4
2170	0.5114	0.4873	9E-4	4E-4
2171	0.5115	0.4872	9E-4	4E-4
2172	0.5121	0.4866	9E-4	4E-4
2173	0.5122	0.4865	9E-4	4E-4
2174	0.5125	0.4862	9E-4	4E-4
2175	0.5125	0.4862	9E-4	4E-4
2176	0.5126	0.4861	9E-4	4E-4
2177	0.5124	0.4863	9E-4	4E-4
2178	0.5129	0.4858	9E-4	4E-4
2179	0.5134	0.4853	9E-4	4E-4
2180	0.5132	0.4855	9E-4	4E-4
2181	0.5126	0.4861	9E-4	4E-4
2182	0.5129	0.4858	9E-4	4E-4
2183	0.5133	0.4854	9E-4	4E-4
2184	0.5134	0.4853	9E-4	4E-4
2185	0.5132	0.4855	9E-4	4E-4
2186	0.5134	0.4853	9E-4	4E-4
2187	0.5135	0.4852	9E-4	4E-4
2188	0.513	0.4857	9E-4	4E-4
2189	0.5129	0.4858	9E-4	4E-4
2190	0.5127	0.486	9E-4	4E-4
2191	0.5127	0.486	9E-4	4E-4
2192	0.5132	0.4855	9E-4	4E-4
2193	0.5134	0.4853	9E-4	4E-4
2194	0.513	0.4857	9E-4	4E-4
2195	0.5125	0.4862	9E-4	4E-4
2196	0.5126	0.4861	9E-4	4E-4
2197	0.5128	0.4859	9E-4	4E-4
2198	0.5127	0.486	9E-4	4E-4
2199	0.5127	0.486	9E-4	4E-4
2200	0.513	0.4857	9E-4	4E-4
2201	0.5133	0.4854	9E-4	4E-4
2202	0.5134	0.4853	9E-4	4E-4
2203	0.5133	0.4854	9E-4	4E-4
2204	0.5133	0.4854	9E-4	4E-4
2205	0.5133	0.4854	9E-4	4E-4
2206	0.5135	0.4852	9E-4	4E-4
2207	0.5133	0.4854	9E-4	4E-4
2208	0.513	0.4857	9E-4	4E-4
2209	0.5133	0.4854	9E-4	4E-4
2210	0.5131	0.4856	9E-4	4E-4
2211	0.5133	0.4854	9E-4	4E-4
2212	0.5138	0.4849	9E-4	4E-4
2213	0.5135	0.4852	9E-4	4E-4
2214	0.5136	0.4851	9E-4	4E-4
2215	0.5137	0.485	9E-4	4E-4
2216	0.5139	0.4848	9E-4	4E-4
2217	0.514	0.4847	9E-4	4E-4
2218	0.5138	0.4849	9E-4	4E-4
2219	0.514	0.4847	9E-4	4E-4
2220	0.514	0.4847	9E-4	4E-4
2221	0.5138	0.4849	9E-4	4E-4
2222	0.5139	0.4848	9E-4	4E-4
2223	0.5143	0.4844	9E-4	4E-4
2224	0.5143	0.4844	9E-4	4E-4
2225	0.5144	0.4843	9E-4	4E-4
2226	0.5142	0.4845	9E-4	4E-4
2227	0.5144	0.4843	9E-4	4E-4
2228	0.5144	0.4843	9E-4	4E-4
2229	0.5146	0.4841	9E-4	4E-4
2230	0.5146	0.4841	9E-4	4E-4
2231	0.515	0.4837	9E-4	4E-4
2232	0.5151	0.4836	9E-4	4E-4
2233	0.5152	0.4835	8E-4	5E-4
2234	0.5153	0.4834	8E-4	5E-4
2235	0.5148	0.4839	8E-4	5E-4
2236	0.5146	0.4841	8E-4	5E-4
2237	0.5148	0.4839	8E-4	5E-4
2238	0.5147	0.484	8E-4	5E-4
2239	0.5149	0.4838	8E-4	5E-4
2240	0.5146	0.4841	8E-4	5E-4
2241	0.5149	0.4838	8E-4	5E-4
2242	0.5147	0.484	8E-4	5E-4
2243	0.515	0.4837	8E-4	5E-4
2244	0.5151	0.4836	8E-4	5E-4
2245	0.5149	0.4838	8E-4	5E-4
2246	0.5151	0.4836	8E-4	5E-4
2247	0.5153	0.4834	8E-4	5E-4
2248	0.5152	0.4835	8E-4	5E-4
2249	0.5152	0.4835	8E-4	5E-4
2250	0.5151	0.4836	8E-4	5E-4
2251	0.5151	0.4836	8E-4	5E-4
2252	0.5154	0.4833	8E-4	5E-4
2253	0.5151	0.4836	8E-4	5E-4
2254	0.5154	0.4833	8E-4	5E-4
2255	0.5154	0.4833	8E-4	5E-4
2256	0.5156	0.4831	8E-4	5E-4
2257	0.5157	0.483	8E-4	5E-4
2258	0.5161	0.4826	8E-4	5E-4
2259	0.5163	0.4824	8E-4	5E-4
2260	0.5164	0.4823	8E-4	5E-4
2261	0.5165	0.4822	8E-4	5E-4
2262	0.5166	0.4821	8E-4	5E-4
2263	0.5165	0.4822	8E-4	5E-4
2264	0.5162	0.4825	8E-4	5E-4
2265	0.5164	0.4823	8E-4	5E-4
2266	0.5162	0.4825	8E-4	5E-4
2267	0.5163	0.4824	8E-4	5E-4
2268	0.5165	0.4822	8E-4	5E-4
2269	0.5169	0.4818	8E-4	5E-4
2270	0.5167	0.482	8E-4	5E-4
2271	0.5166	0.4821	8E-4	5E-4
2272	0.5168	0.4819	8E-4	5E-4
2273	0.5169	0.4818	8E-4	5E-4
2274	0.5167	0.482	8E-4	5E-4
2275	0.5163	0.4824	8E-4	5E-4
2276	0.5164	0.4823	8E-4	5E-4
2277	0.5165	0.4822	8E-4	5E-4
2278	0.5162	0.4825	8E-4	5E-4
2279	0.5166	0.4821	8E-4	5E-4
2280	0.5164	0.4823	8E-4	5E-4
2281	0.5165	0.4822	8E-4	5E-4
2282	0.5163	0.4824	8E-4	5E-4
2283	0.5163	0.4824	8E-4	5E-4
2284	0.5162	0.4825	8E-4	5E-4
2285	0.5161	0.4826	8E-4	5E-4
2286	0.5161	0.4826	8E-4	5E-4
2287	0.5163	0.4824	8E-4	5E-4
2288	0.5162	0.4825	8E-4	5E-4
2289	0.5164	0.4823	8E-4	5E-4
2290	0.5164	0.4823	8E-4	5E-4
2291	0.5163	0.4824	8E-4	5E-4
2292	0.5163	0.4824	8E-4	5E-4
2293	0.5159	0.4828	8E-4	5E-4
2294	0.5156	0.4831	8E-4	5E-4
2295	0.5158	0.4829	8E-4	5E-4
2296	0.516	0.4827	8E-4	5E-4
2297	0.5163	0.4824	8E-4	5E-4
2298	0.5164	0.4823	8E-4	5E-4
2299	0.5166	0.4821	8E-4	5E-4
2300	0.5168	0.4819	8E-4	5E-4
2301	0.5173	0.4814	8E-4	5E-4
2302	0.5178	0.4809	8E-4	5E-4
2303	0.5177	0.481	8E-4	5E-4
2304	0.5176	0.4811	8E-4	5E-4
2305	0.5177	0.481	8E-4	5E-4
2306	0.5177	0.481	8E-4	5E-4
2307	0.5175	0.4812	8E-4	5E-4
2308	0.5173	0.4814	8E-4	5E-4
2309	0.5174	0.4813	8E-4	5E-4
2310	0.5173	0.4814	8E-4	5E-4
2311	0.5176	0.4811	8E-4	5E-4
2312	0.5178	0.4809	8E-4	5E-4
2313	0.5175	0.4812	8E-4	5E-4
2314	0.5174	0.4813	8E-4	5E-4
2315	0.5174	0.4813	8E-4	5E-4
2316	0.517	0.4817	8E-4	5E-4
2317	0.5174	0.4813	8E-4	5E-4
2318	0.5173	0.4814	8E-4	5E-4
2319	0.5171	0.4816	8E-4	5E-4
2320	0.5175	0.4812	8E-4	5E-4
2321	0.5179	0.4808	8E-4	5E-4
2322	0.5181	0.4806	8E-4	5E-4
2323	0.5182	0.4805	8E-4	5E-4
2324	0.5183	0.4804	8E-4	5E-4
2325	0.5178	0.4809	8E-4	5E-4
2326	0.5174	0.4813	8E-4	5E-4
2327	0.5172	0.4815	8E-4	5E-4
2328	0.5169	0.4818	8E-4	5E-4
2329	0.5169	0.4818	8E-4	5E-4
2330	0.5166	0.4821	8E-4	5E-4
2331	0.5165	0.4822	8E-4	5E-4
2332	0.5164	0.4823	8E-4	5E-4
2333	0.517	0.4817	8E-4	5E-4
2334	0.5168	0.4819	8E-4	5E-4
2335	0.5171	0.4816	8E-4	5E-4
2336	0.5174	0.4813	8E-4	5E-4
2337	0.5176	0.4811	8E-4	5E-4
2338	0.5181	0.4806	8E-4	5E-4
2339	0.5181	0.4806	8E-4	5E-4
2340	0.5177	0.481	8E-4	5E-4
2341	0.5178	0.4809	8E-4	5E-4
2342	0.5179	0.4808	8E-4	5E-4
2343	0.5176	0.4811	8E-4	5E-4
2344	0.5176	0.4811	8E-4	5E-4
2345	0.5173	0.4814	8E-4	5E-4
2346	0.5176	0.4811	8E-4	5E-4
2347	0.5175	0.4812	8E-4	5E-4
2348	0.5175	0.4812	8E-4	5E-4
2349	0.5173	0.4814	8E-4	5E-4
2350	0.5171	0.4816	8E-4	5E-4
2351	0.5169	0.4818	8E-4	5E-4
2352	0.517	0.4817	8E-4	5E-4
2353	0.5169	0.4818	8E-4	5E-4
2354	0.517	0.4817	8E-4	5E-4
2355	0.5169	0.4818	8E-4	5E-4
2356	0.5169	0.4818	8E-4	5E-4
2357	0.517	0.4817	8E-4	5E-4
2358	0.5172	0.4815	8E-4	5E-4
2359	0.5175	0.4812	8E-4	5E-4
2360	0.5173	0.4814	8E-4	5E-4
2361	0.5176	0.4811	8E-4	5E-4
2362	0.5176	0.4811	8E-4	5E-4
2363	0.5176	0.4811	8E-4	5E-4
2364	0.5176	0.4811	8E-4	5E-4
2365	0.5177	0.481	8E-4	5E-4
2366	0.5178	0.4809	8E-4	5E-4
2367	0.5178	0.4809	8E-4	5E-4
2368	0.5178	0.4809	8E-4	5E-4
2369	0.5179	0.4808	8E-4	5E-4
2370	0.5175	0.4812	8E-4	5E-4
2371	0.5171	0.4816	8E-4	5E-4
2372	0.5172	0.4815	8E-4	5E-4
2373	0.5172	0.4815	8E-4	5E-4
2374	0.5171	0.4816	8E-4	5E-4
2375	0.5174	0.4813	8E-4	5E-4
2376	0.5174	0.4813	8E-4	5E-4
2377	0.5178	0.4809	8E-4	5E-4
2378	0.5178	0.4809	8E-4	5E-4
2379	0.5174	0.4813	8E-4	5E-4
2380	0.5176	0.4811	8E-4	5E-4
2381	0.5175	0.4812	8E-4	5E-4
2382	0.5177	0.481	8E-4	5E-4
2383	0.5179	0.4808	8E-4	5E-4
2384	0.5176	0.4811	8E-4	5E-4
2385	0.5177	0.481	8E-4	5E-4
2386	0.5176	0.4811	8E-4	5E-4
2387	0.5179	0.4808	8E-4	5E-4
2388	0.5176	0.4811	8E-4	5E-4
2389	0.5175	0.4812	8E-4	5E-4
2390	0.5175	0.4812	8E-4	5E-4
2391	0.5173	0.4814	8E-4	5E-4
2392	0.5172	0.4815	8E-4	5E-4
2393	0.5174	0.4813	8E-4	5E-4
2394	0.5173	0.4814	8E-4	5E-4
2395	0.5175	0.4812	8E-4	5E-4
2396	0.5174	0.4813	8E-4	5E-4
2397	0.5177	0.481	8E-4	5E-4
2398	0.5179	0.4808	8E-4	5E-4
2399	0.5181	0.4806	8E-4	5E-4
2400	0.5173	0.4814	8E-4	5E-4
2401	0.5181	0.4806	8E-4	5E-4
2402	0.5187	0.48	8E-4	5E-4
2403	0.5189	0.4798	8E-4	5E-4
2404	0.5193	0.4794	8E-4	5E-4
2405	0.5191	0.4796	8E-4	5E-4
2406	0.519	0.4797	8E-4	5E-4
2407	0.5194	0.4793	8E-4	5E-4
2408	0.5191	0.4796	8E-4	5E-4
2409	0.5186	0.4801	8E-4	5E-4
2410	0.5182	0.4805	8E-4	5E-4
2411	0.5181	0.4806	8E-4	5E-4
2412	0.518	0.4807	8E-4	5E-4
2413	0.518	0.4807	8E-4	5E-4
2414	0.5179	0.4808	8E-4	5E-4
2415	0.5181	0.4806	8E-4	5E-4
2416	0.5179	0.4808	8E-4	5E-4
2417	0.5177	0.481	8E-4	5E-4
2418	0.5182	0.4805	8E-4	5E-4
2419	0.5186	0.4801	8E-4	5E-4
2420	0.5188	0.4799	8E-4	5E-4
2421	0.5194	0.4793	8E-4	5E-4
2422	0.5195	0.4792	8E-4	5E-4
2423	0.5189	0.4798	8E-4	5E-4
2424	0.5187	0.48	8E-4	5E-4
2425	0.5187	0.48	8E-4	5E-4
2426	0.5188	0.4799	8E-4	5E-4
2427	0.5187	0.48	8E-4	5E-4
2428	0.519	0.4797	8E-4	5E-4
2429	0.5184	0.4803	8E-4	5E-4
2430	0.5184	0.4803	8E-4	5E-4
2431	0.5182	0.4805	8E-4	5E-4
2432	0.5182	0.4805	8E-4	5E-4
2433	0.5184	0.4803	8E-4	5E-4
2434	0.5182	0.4805	8E-4	5E-4
2435	0.5182	0.4805	8E-4	5E-4
2436	0.518	0.4807	8E-4	5E-4
2437	0.5181	0.4806	8E-4	5E-4
2438	0.5183	0.4804	8E-4	5E-4
2439	0.5183	0.4804	8E-4	5E-4
2440	0.5178	0.4809	8E-4	5E-4
2441	0.518	0.4807	8E-4	5E-4
2442	0.5176	0.4811	8E-4	5E-4
2443	0.5178	0.4809	8E-4	5E-4
2444	0.5182	0.4805	8E-4	5E-4
2445	0.5179	0.4808	8E-4	5E-4
2446	0.5181	0.4806	8E-4	5E-4
2447	0.5181	0.4806	8E-4	5E-4
2448	0.518	0.4807	8E-4	5E-4
2449	0.5184	0.4803	8E-4	5E-4
2450	0.5182	0.4805	8E-4	5E-4
2451	0.5183	0.4804	8E-4	5E-4
2452	0.5182	0.4805	8E-4	5E-4
2453	0.5182	0.4805	8E-4	5E-4
2454	0.518	0.4807	8E-4	5E-4
2455	0.5181	0.4806	8E-4	5E-4
2456	0.518	0.4807	8E-4	5E-4
2457	0.5179	0.4808	8E-4	5E-4
2458	0.5179	0.4808	8E-4	5E-4
2459	0.5181	0.4806	8E-4	5E-4
2460	0.5181	0.4806	8E-4	5E-4
2461	0.5182	0.4805	8E-4	5E-4
2462	0.5183	0.4804	8E-4	5E-4
2463	0.5178	0.4809	8E-4	5E-4
2464	0.5174	0.4813	8E-4	5E-4
2465	0.5174	0.4813	8E-4	5E-4
2466	0.5176	0.4811	8E-4	5E-4
2467	0.5177	0.481	8E-4	5E-4
2468	0.518	0.4807	8E-4	5E-4
2469	0.5183	0.4804	8E-4	5E-4
2470	0.5181	0.4806	8E-4	5E-4
2471	0.5181	0.4806	8E-4	5E-4
2472	0.518	0.4807	8E-4	5E-4
2473	0.518	0.4807	8E-4	5E-4
2474	0.518	0.4807	8E-4	5E-4
2475	0.5183	0.4804	8E-4	5E-4
2476	0.5183	0.4804	8E-4	5E-4
2477	0.518	0.4807	8E-4	5E-4
2478	0.5189	0.4798	8E-4	5E-4
2479	0.5192	0.4795	8E-4	5E-4
2480	0.5191	0.4796	8E-4	5E-4
2481	0.519	0.4797	8E-4	5E-4
2482	0.5195	0.4792	8E-4	5E-4
2483	0.5194	0.4793	8E-4	5E-4
2484	0.5191	0.4796	8E-4	5E-4
2485	0.5195	0.4792	8E-4	5E-4
2486	0.5194	0.4793	8E-4	5E-4
2487	0.5197	0.479	8E-4	5E-4
2488	0.5195	0.4792	8E-4	5E-4
2489	0.519	0.4797	8E-4	5E-4
2490	0.5192	0.4795	8E-4	5E-4
2491	0.5191	0.4796	8E-4	5E-4
2492	0.5189	0.4798	8E-4	5E-4
2493	0.5195	0.4792	8E-4	5E-4
2494	0.5196	0.4791	8E-4	5E-4
2495	0.5196	0.4791	8E-4	5E-4
2496	0.5194	0.4793	8E-4	5E-4
2497	0.5191	0.4796	8E-4	5E-4
2498	0.5194	0.4793	8E-4	5E-4
2499	0.5198	0.4789	8E-4	5E-4
2500	0.5197	0.479	8E-4	5E-4
2501	0.5201	0.4786	8E-4	5E-4
2502	0.5201	0.4786	8E-4	5E-4
2503	0.5196	0.4791	8E-4	5E-4
2504	0.5194	0.4793	8E-4	5E-4
2505	0.5195	0.4792	8E-4	5E-4
2506	0.5196	0.4791	8E-4	5E-4
2507	0.5196	0.4791	8E-4	5E-4
2508	0.5195	0.4792	8E-4	5E-4
2509	0.5195	0.4792	8E-4	5E-4
2510	0.5193	0.4794	8E-4	5E-4
2511	0.5194	0.4793	8E-4	5E-4
2512	0.5195	0.4792	8E-4	5E-4
2513	0.5192	0.4795	8E-4	5E-4
2514	0.5192	0.4795	8E-4	5E-4
2515	0.5192	0.4795	8E-4	5E-4
2516	0.5193	0.4794	8E-4	5E-4
2517	0.519	0.4797	8E-4	5E-4
2518	0.5191	0.4796	8E-4	5E-4
2519	0.5201	0.4786	8E-4	5E-4
2520	0.5204	0.4783	8E-4	5E-4
2521	0.5201	0.4786	8E-4	5E-4
2522	0.5202	0.4785	8E-4	5E-4
2523	0.5202	0.4785	8E-4	5E-4
2524	0.5202	0.4785	8E-4	5E-4
2525	0.5205	0.4782	8E-4	5E-4
2526	0.5206	0.4781	8E-4	5E-4
2527	0.5203	0.4784	8E-4	5E-4
2528	0.5199	0.4788	8E-4	5E-4
2529	0.5196	0.4791	8E-4	5E-4
2530	0.5198	0.4789	8E-4	5E-4
2531	0.5201	0.4786	8E-4	5E-4
2532	0.5199	0.4788	8E-4	5E-4
2533	0.5199	0.4788	8E-4	5E-4
2534	0.5196	0.4791	8E-4	5E-4
2535	0.5195	0.4792	8E-4	5E-4
2536	0.5193	0.4794	8E-4	5E-4
2537	0.5191	0.4796	8E-4	5E-4
2538	0.5187	0.48	8E-4	5E-4
2539	0.5186	0.4801	8E-4	5E-4
2540	0.5189	0.4798	8E-4	5E-4
2541	0.5193	0.4794	8E-4	5E-4
2542	0.5192	0.4795	8E-4	5E-4
2543	0.5192	0.4795	8E-4	5E-4
2544	0.5195	0.4792	8E-4	5E-4
2545	0.5194	0.4793	8E-4	5E-4
2546	0.5192	0.4795	8E-4	5E-4
2547	0.5193	0.4794	8E-4	5E-4
2548	0.5192	0.4795	8E-4	5E-4
2549	0.5191	0.4796	8E-4	5E-4
2550	0.5192	0.4795	8E-4	5E-4
2551	0.5192	0.4795	8E-4	5E-4
2552	0.5194	0.4793	8E-4	5E-4
2553	0.5192	0.4795	8E-4	5E-4
2554	0.5192	0.4795	8E-4	5E-4
2555	0.5189	0.4798	8E-4	5E-4
2556	0.519	0.4797	8E-4	5E-4
2557	0.5191	0.4796	8E-4	5E-4
2558	0.5197	0.479	8E-4	5E-4
2559	0.5205	0.4782	8E-4	5E-4
2560	0.5206	0.4781	8E-4	5E-4
2561	0.521	0.4777	8E-4	5E-4
2562	0.5209	0.4778	8E-4	5E-4
2563	0.521	0.4777	8E-4	5E-4
2564	0.521	0.4777	8E-4	5E-4
2565	0.5209	0.4778	8E-4	5E-4
2566	0.5208	0.4779	8E-4	5E-4
2567	0.5207	0.478	8E-4	5E-4
2568	0.5207	0.478	8E-4	5E-4
2569	0.5207	0.478	8E-4	5E-4
2570	0.5211	0.4776	8E-4	5E-4
2571	0.521	0.4777	8E-4	5E-4
2572	0.5209	0.4778	8E-4	5E-4
2573	0.5209	0.4778	8E-4	5E-4
2574	0.5211	0.4776	8E-4	5E-4
2575	0.521	0.4777	8E-4	5E-4
2576	0.5214	0.4773	8E-4	5E-4
2577	0.5218	0.4769	8E-4	5E-4
2578	0.5218	0.4769	8E-4	5E-4
2579	0.5217	0.477	8E-4	5E-4
2580	0.5217	0.477	8E-4	5E-4
2581	0.5215	0.4772	8E-4	5E-4
2582	0.5214	0.4773	8E-4	5E-4
2583	0.5213	0.4774	8E-4	5E-4
2584	0.5211	0.4776	8E-4	5E-4
2585	0.5209	0.4778	8E-4	5E-4
2586	0.5206	0.4781	8E-4	5E-4
2587	0.5209	0.4778	8E-4	5E-4
2588	0.5203	0.4784	8E-4	5E-4
2589	0.5205	0.4782	8E-4	5E-4
2590	0.5204	0.4783	8E-4	5E-4
2591	0.5205	0.4782	8E-4	5E-4
2592	0.5206	0.4781	8E-4	5E-4
2593	0.5209	0.4778	8E-4	5E-4
2594	0.5208	0.4779	8E-4	5E-4
2595	0.5204	0.4783	8E-4	5E-4
2596	0.5203	0.4784	8E-4	5E-4
2597	0.5205	0.4782	8E-4	5E-4
2598	0.5215	0.4772	8E-4	5E-4
2599	0.5216	0.4771	8E-4	5E-4
2600	0.522	0.4767	8E-4	5E-4
2601	0.5226	0.4761	8E-4	5E-4
2602	0.5229	0.4758	8E-4	5E-4
2603	0.5229	0.4758	8E-4	5E-4
2604	0.5229	0.4758	8E-4	5E-4
2605	0.5227	0.476	8E-4	5E-4
2606	0.5228	0.4759	8E-4	5E-4
2607	0.5225	0.4762	8E-4	5E-4
2608	0.5225	0.4762	8E-4	5E-4
2609	0.5228	0.4759	7E-4	6E-4
2610	0.5227	0.476	7E-4	6E-4
2611	0.5224	0.4763	7E-4	6E-4
2612	0.5227	0.476	7E-4	6E-4
2613	0.5228	0.4759	7E-4	6E-4
2614	0.5229	0.4758	6E-4	7E-4
2615	0.5226	0.4761	6E-4	7E-4
2616	0.5223	0.4764	6E-4	7E-4
2617	0.5226	0.4761	6E-4	7E-4
2618	0.5226	0.4761	6E-4	7E-4
2619	0.5227	0.4759	7E-4	7E-4
2620	0.5224	0.4762	7E-4	7E-4
2621	0.5231	0.4755	7E-4	7E-4
2622	0.5232	0.4754	7E-4	7E-4
2623	0.5234	0.4752	7E-4	7E-4
2624	0.5231	0.4755	7E-4	7E-4
2625	0.5233	0.4753	7E-4	7E-4
2626	0.5232	0.4754	7E-4	7E-4
2627	0.5231	0.4755	7E-4	7E-4
2628	0.523	0.4756	7E-4	7E-4
2629	0.523	0.4756	7E-4	7E-4
2630	0.5231	0.4755	7E-4	7E-4
2631	0.5232	0.4754	7E-4	7E-4
2632	0.5233	0.4753	7E-4	7E-4
2633	0.523	0.4756	7E-4	7E-4
2634	0.5228	0.4758	7E-4	7E-4
2635	0.5229	0.4757	7E-4	7E-4
2636	0.5233	0.4753	7E-4	7E-4
2637	0.5229	0.4757	7E-4	7E-4
2638	0.5232	0.4754	7E-4	7E-4
2639	0.5236	0.475	7E-4	7E-4
2640	0.5238	0.4748	7E-4	7E-4
2641	0.5239	0.4747	7E-4	7E-4
2642	0.5238	0.4748	7E-4	7E-4
2643	0.5236	0.475	7E-4	7E-4
2644	0.5235	0.4751	7E-4	7E-4
2645	0.5229	0.4757	7E-4	7E-4
2646	0.5229	0.4757	7E-4	7E-4
2647	0.5228	0.4758	7E-4	7E-4
2648	0.523	0.4755	7E-4	8E-4
2649	0.5231	0.4754	7E-4	8E-4
2650	0.5235	0.475	7E-4	8E-4
2651	0.5234	0.4751	7E-4	8E-4
2652	0.5231	0.4754	7E-4	8E-4
2653	0.5231	0.4754	7E-4	8E-4
2654	0.5232	0.4753	7E-4	8E-4
2655	0.5229	0.4756	7E-4	8E-4
2656	0.523	0.4755	7E-4	8E-4
2657	0.5235	0.475	7E-4	8E-4
2658	0.5231	0.4754	7E-4	8E-4
2659	0.5231	0.4754	7E-4	8E-4
2660	0.5232	0.4753	7E-4	8E-4
2661	0.5233	0.4752	7E-4	8E-4
2662	0.5235	0.475	7E-4	8E-4
2663	0.523	0.4755	7E-4	8E-4
2664	0.5229	0.4756	7E-4	8E-4
2665	0.5228	0.4757	7E-4	8E-4
2666	0.5231	0.4754	7E-4	8E-4
2667	0.523	0.4755	7E-4	8E-4
2668	0.5232	0.4753	7E-4	8E-4
2669	0.523	0.4755	7E-4	8E-4
2670	0.523	0.4755	7E-4	8E-4
2671	0.523	0.4754	7E-4	9E-4
2672	0.5227	0.4757	7E-4	9E-4
2673	0.5225	0.4759	7E-4	9E-4
2674	0.5226	0.4758	7E-4	9E-4
2675	0.5228	0.4756	7E-4	9E-4
2676	0.5234	0.475	7E-4	9E-4
2677	0.5235	0.4749	7E-4	9E-4
2678	0.5236	0.4748	7E-4	9E-4
2679	0.5235	0.4749	7E-4	9E-4
2680	0.5236	0.4748	7E-4	9E-4
2681	0.5238	0.4746	7E-4	9E-4
2682	0.5237	0.4747	7E-4	9E-4
2683	0.5239	0.4745	7E-4	9E-4
2684	0.5237	0.4747	7E-4	9E-4
2685	0.5234	0.475	7E-4	9E-4
2686	0.5235	0.4749	7E-4	9E-4
2687	0.5233	0.4751	7E-4	9E-4
2688	0.5234	0.475	7E-4	9E-4
2689	0.5232	0.4752	7E-4	9E-4
2690	0.5232	0.4752	7E-4	9E-4
2691	0.5231	0.4753	7E-4	9E-4
2692	0.5228	0.4756	7E-4	9E-4
2693	0.5227	0.4757	7E-4	9E-4
2694	0.5228	0.4756	7E-4	9E-4
2695	0.5228	0.4756	7E-4	9E-4
2696	0.523	0.4754	7E-4	9E-4
2697	0.523	0.4754	7E-4	9E-4
2698	0.5232	0.4752	7E-4	9E-4
2699	0.5236	0.4748	7E-4	9E-4
2700	0.5233	0.4751	7E-4	9E-4
2701	0.5234	0.475	7E-4	9E-4
2702	0.5233	0.4751	7E-4	9E-4
2703	0.5232	0.4752	7E-4	9E-4
2704	0.5234	0.475	7E-4	9E-4
2705	0.5233	0.4751	7E-4	9E-4
2706	0.5233	0.4751	7E-4	9E-4
2707	0.5232	0.4752	7E-4	9E-4
2708	0.5233	0.4751	7E-4	9E-4
2709	0.5233	0.4751	7E-4	9E-4
2710	0.523	0.4754	7E-4	9E-4
2711	0.523	0.4754	7E-4	9E-4
2712	0.5234	0.475	7E-4	9E-4
2713	0.5234	0.475	7E-4	9E-4
2714	0.523	0.4754	7E-4	9E-4
2715	0.5228	0.4756	7E-4	9E-4
2716	0.5228	0.4756	7E-4	9E-4
2717	0.5231	0.4753	7E-4	9E-4
2718	0.5234	0.475	7E-4	9E-4
2719	0.5237	0.4747	7E-4	9E-4
2720	0.5235	0.4749	7E-4	9E-4
2721	0.5235	0.4749	7E-4	9E-4
2722	0.5234	0.475	7E-4	9E-4
2723	0.5236	0.4748	7E-4	9E-4
2724	0.5238	0.4746	7E-4	9E-4
2725	0.5237	0.4747	7E-4	9E-4
2726	0.5233	0.4751	7E-4	9E-4
2727	0.5231	0.4753	7E-4	9E-4
2728	0.5231	0.4753	7E-4	9E-4
2729	0.5227	0.4757	7E-4	9E-4
2730	0.5227	0.4757	6E-4	0.001
2731	0.5223	0.4761	6E-4	0.001
2732	0.5225	0.4759	6E-4	0.001
2733	0.5225	0.4759	6E-4	0.001
2734	0.5228	0.4756	6E-4	0.001
2735	0.5225	0.4759	6E-4	0.001
2736	0.5226	0.4758	6E-4	0.001
2737	0.5224	0.476	6E-4	0.001
2738	0.5223	0.4761	6E-4	0.001
2739	0.5225	0.4759	6E-4	0.001
2740	0.5227	0.4757	6E-4	0.001
2741	0.5227	0.4757	6E-4	0.001
2742	0.5226	0.4758	6E-4	0.001
2743	0.5223	0.4761	6E-4	0.001
2744	0.5226	0.4758	6E-4	0.001
2745	0.5226	0.4758	6E-4	0.001
2746	0.5225	0.4759	6E-4	0.001
2747	0.5225	0.4759	6E-4	0.001
2748	0.5223	0.4761	6E-4	0.001
2749	0.5221	0.4763	6E-4	0.001
2750	0.5219	0.4765	6E-4	0.001
2751	0.522	0.4764	6E-4	0.001
2752	0.5223	0.4761	6E-4	0.001
2753	0.5225	0.4759	6E-4	0.001
2754	0.5224	0.476	6E-4	0.001
2755	0.5225	0.4759	6E-4	0.001
2756	0.5228	0.4756	6E-4	0.001
2757	0.5228	0.4756	6E-4	0.001
2758	0.5229	0.4755	6E-4	0.001
2759	0.523	0.4754	6E-4	0.001
2760	0.5231	0.4753	6E-4	0.001
2761	0.5233	0.4751	6E-4	0.001
2762	0.5232	0.4752	6E-4	0.001
2763	0.523	0.4754	6E-4	0.001
2764	0.5232	0.4752	6E-4	0.001
2765	0.5233	0.4751	6E-4	0.001
2766	0.5235	0.4749	6E-4	0.001
2767	0.5237	0.4747	6E-4	0.001
2768	0.5236	0.4748	6E-4	0.001
2769	0.5234	0.475	6E-4	0.001
2770	0.5234	0.475	6E-4	0.001
2771	0.5233	0.4751	6E-4	0.001
2772	0.5232	0.4752	6E-4	0.001
2773	0.5228	0.4756	6E-4	0.001
2774	0.523	0.4754	6E-4	0.001
2775	0.5229	0.4755	6E-4	0.001
2776	0.5232	0.4752	6E-4	0.001
2777	0.5235	0.4749	6E-4	0.001
2778	0.5241	0.4743	6E-4	0.001
2779	0.5239	0.4745	6E-4	0.001
2780	0.5236	0.4748	6E-4	0.001
2781	0.5238	0.4746	6E-4	0.001
2782	0.524	0.4744	6E-4	0.001
2783	0.5236	0.4748	6E-4	0.001
2784	0.5235	0.4749	6E-4	0.001
2785	0.5235	0.4749	6E-4	0.001
2786	0.5237	0.4747	6E-4	0.001
2787	0.5238	0.4746	6E-4	0.001
2788	0.5237	0.4747	6E-4	0.001
2789	0.5238	0.4746	6E-4	0.001
2790	0.5236	0.4748	6E-4	0.001
2791	0.5235	0.4749	6E-4	0.001
2792	0.5235	0.4749	6E-4	0.001
2793	0.5233	0.4751	6E-4	0.001
2794	0.5233	0.4751	6E-4	0.001
2795	0.5235	0.4749	6E-4	0.001
2796	0.5235	0.4749	6E-4	0.001
2797	0.5233	0.4751	6E-4	0.001
2798	0.5238	0.4746	6E-4	0.001
2799	0.5239	0.4745	6E-4	0.001
2800	0.5238	0.4746	6E-4	0.001
2801	0.5237	0.4747	6E-4	0.001
2802	0.5237	0.4747	6E-4	0.001
2803	0.5237	0.4747	6E-4	0.001
2804	0.5238	0.4746	6E-4	0.001
2805	0.5239	0.4745	6E-4	0.001
2806	0.5237	0.4747	6E-4	0.001
2807	0.5234	0.475	6E-4	0.001
2808	0.5234	0.475	6E-4	0.001
2809	0.5233	0.4751	6E-4	0.001
2810	0.5235	0.4749	6E-4	0.001
2811	0.5234	0.475	6E-4	0.001
2812	0.5236	0.4748	7E-4	9E-4
2813	0.5239	0.4745	7E-4	9E-4
2814	0.5239	0.4745	7E-4	9E-4
2815	0.5239	0.4745	7E-4	9E-4
2816	0.524	0.4744	7E-4	9E-4
2817	0.5237	0.4747	7E-4	9E-4
2818	0.5244	0.474	7E-4	9E-4
2819	0.5246	0.4738	7E-4	9E-4
2820	0.5246	0.4738	7E-4	9E-4
2821	0.5252	0.4732	7E-4	9E-4
2822	0.5251	0.4733	7E-4	9E-4
2823	0.5252	0.4732	7E-4	9E-4
2824	0.5253	0.4731	7E-4	9E-4
2825	0.5255	0.4729	7E-4	9E-4
2826	0.5251	0.4733	7E-4	9E-4
2827	0.5248	0.4736	7E-4	9E-4
2828	0.5252	0.4732	7E-4	9E-4
2829	0.5247	0.4737	7E-4	9E-4
2830	0.5246	0.4738	7E-4	9E-4
2831	0.5249	0.4735	7E-4	9E-4
2832	0.5248	0.4736	7E-4	9E-4
2833	0.5249	0.4735	7E-4	9E-4
2834	0.5247	0.4737	7E-4	9E-4
2835	0.5247	0.4737	7E-4	9E-4
2836	0.525	0.4734	7E-4	9E-4
2837	0.5252	0.4732	7E-4	9E-4
2838	0.526	0.4724	7E-4	9E-4
2839	0.526	0.4724	7E-4	9E-4
2840	0.526	0.4724	7E-4	9E-4
2841	0.5259	0.4725	7E-4	9E-4
2842	0.5262	0.4722	7E-4	9E-4
2843	0.5257	0.4727	7E-4	9E-4
2844	0.5255	0.4729	7E-4	9E-4
2845	0.5256	0.4728	7E-4	9E-4
2846	0.5257	0.4727	7E-4	9E-4
2847	0.526	0.4724	7E-4	9E-4
2848	0.5261	0.4723	7E-4	9E-4
2849	0.5258	0.4726	7E-4	9E-4
2850	0.526	0.4724	7E-4	9E-4
2851	0.5264	0.472	7E-4	9E-4
2852	0.5272	0.4712	7E-4	9E-4
2853	0.5273	0.4711	7E-4	9E-4
2854	0.5273	0.4711	7E-4	9E-4
2855	0.527	0.4714	7E-4	9E-4
2856	0.5269	0.4715	7E-4	9E-4
2857	0.5269	0.4715	7E-4	9E-4
2858	0.5272	0.4712	7E-4	9E-4
2859	0.5271	0.4713	7E-4	9E-4
2860	0.5277	0.4707	7E-4	9E-4
2861	0.5275	0.4709	7E-4	9E-4
2862	0.5275	0.4709	7E-4	9E-4
2863	0.5277	0.4707	7E-4	9E-4
2864	0.5279	0.4705	7E-4	9E-4
2865	0.5277	0.4707	7E-4	9E-4
2866	0.528	0.4704	7E-4	9E-4
2867	0.5281	0.4703	7E-4	9E-4
2868	0.5282	0.4702	7E-4	9E-4
2869	0.5279	0.4705	7E-4	9E-4
2870	0.528	0.4704	7E-4	9E-4
2871	0.5281	0.4703	7E-4	9E-4
2872	0.5276	0.4708	7E-4	9E-4
2873	0.5281	0.4703	7E-4	9E-4
2874	0.5278	0.4706	7E-4	9E-4
2875	0.5275	0.4709	7E-4	9E-4
2876	0.5272	0.4712	7E-4	9E-4
2877	0.5273	0.4711	7E-4	9E-4
2878	0.5277	0.4707	7E-4	9E-4
2879	0.5283	0.4701	7E-4	9E-4
2880	0.5284	0.47	7E-4	9E-4
2881	0.5283	0.4701	7E-4	9E-4
2882	0.5285	0.4699	7E-4	9E-4
2883	0.5283	0.4701	7E-4	9E-4
2884	0.5283	0.4701	7E-4	9E-4
2885	0.5283	0.4701	7E-4	9E-4
2886	0.5283	0.4701	7E-4	9E-4
2887	0.5284	0.47	7E-4	9E-4
2888	0.5287	0.4697	7E-4	9E-4
2889	0.5284	0.47	7E-4	9E-4
2890	0.5282	0.4701	7E-4	0.001
2891	0.5283	0.47	7E-4	0.001
2892	0.5281	0.4702	7E-4	0.001
2893	0.5276	0.4707	7E-4	0.001
2894	0.5273	0.471	7E-4	0.001
2895	0.5274	0.4709	7E-4	0.001
2896	0.5276	0.4707	7E-4	0.001
2897	0.5281	0.4702	7E-4	0.001
2898	0.5285	0.4698	7E-4	0.001
2899	0.5281	0.4702	7E-4	0.001
2900	0.5283	0.47	7E-4	0.001
2901	0.5283	0.47	7E-4	0.001
2902	0.5282	0.4701	7E-4	0.001
2903	0.5282	0.4701	7E-4	0.001
2904	0.5281	0.4702	7E-4	0.001
2905	0.5282	0.4701	7E-4	0.001
2906	0.5277	0.4706	7E-4	0.001
2907	0.5279	0.4704	7E-4	0.001
2908	0.528	0.4703	7E-4	0.001
2909	0.5279	0.4704	7E-4	0.001
2910	0.5276	0.4707	7E-4	0.001
2911	0.5278	0.4705	7E-4	0.001
2912	0.5277	0.4706	7E-4	0.001
2913	0.5273	0.471	7E-4	0.001
2914	0.5273	0.471	7E-4	0.001
2915	0.5275	0.4708	7E-4	0.001
2916	0.5276	0.4707	7E-4	0.001
2917	0.5275	0.4708	7E-4	0.001
2918	0.5274	0.4709	7E-4	0.001
2919	0.528	0.4703	7E-4	0.001
2920	0.5283	0.47	7E-4	0.001
2921	0.5284	0.4699	6E-4	0.0011
2922	0.5285	0.4698	6E-4	0.0011
2923	0.5287	0.4696	6E-4	0.0011
2924	0.5287	0.4696	6E-4	0.0011
2925	0.5291	0.4692	6E-4	0.0011
2926	0.5291	0.4692	6E-4	0.0011
2927	0.5287	0.4696	6E-4	0.0011
2928	0.5284	0.4699	6E-4	0.0011
2929	0.5285	0.4698	6E-4	0.0011
2930	0.5286	0.4697	6E-4	0.0011
2931	0.5285	0.4698	6E-4	0.0011
2932	0.5286	0.4697	6E-4	0.0011
2933	0.5291	0.4692	6E-4	0.0011
2934	0.5286	0.4697	6E-4	0.0011
2935	0.5287	0.4696	6E-4	0.0011
2936	0.5289	0.4694	6E-4	0.0011
2937	0.5288	0.4695	6E-4	0.0011
2938	0.529	0.4693	6E-4	0.0011
2939	0.5293	0.469	6E-4	0.0011
2940	0.5296	0.4687	6E-4	0.0011
2941	0.53	0.4683	6E-4	0.0011
2942	0.5304	0.4679	6E-4	0.0011
2943	0.53	0.4683	6E-4	0.0011
2944	0.5298	0.4685	6E-4	0.0011
2945	0.5302	0.4681	6E-4	0.0011
2946	0.5299	0.4684	6E-4	0.0011
2947	0.5298	0.4685	6E-4	0.0011
2948	0.5301	0.4682	6E-4	0.0011
2949	0.5302	0.4681	6E-4	0.0011
2950	0.5303	0.468	7E-4	0.001
2951	0.5304	0.4679	7E-4	0.001
2952	0.5303	0.468	7E-4	0.001
2953	0.5306	0.4677	7E-4	0.001
2954	0.5304	0.4679	7E-4	0.001
2955	0.5304	0.4679	7E-4	0.001
2956	0.5305	0.4678	7E-4	0.001
2957	0.5303	0.468	7E-4	0.001
2958	0.5304	0.4679	7E-4	0.001
2959	0.5307	0.4676	7E-4	0.001
2960	0.5307	0.4676	7E-4	0.001
2961	0.5305	0.4678	7E-4	0.001
2962	0.5306	0.4677	7E-4	0.001
2963	0.5309	0.4674	7E-4	0.001
2964	0.531	0.4673	7E-4	0.001
2965	0.5313	0.467	7E-4	0.001
2966	0.5314	0.4669	7E-4	0.001
2967	0.5316	0.4667	7E-4	0.001
2968	0.5317	0.4666	7E-4	0.001
2969	0.532	0.4663	7E-4	0.001
2970	0.5323	0.466	7E-4	0.001
2971	0.5322	0.4661	7E-4	0.001
2972	0.5324	0.4659	7E-4	0.001
2973	0.5324	0.4659	7E-4	0.001
2974	0.5324	0.4659	7E-4	0.001
2975	0.5325	0.4658	7E-4	0.001
2976	0.5325	0.4658	7E-4	0.001
2977	0.5325	0.4658	7E-4	0.001
2978	0.5324	0.4659	7E-4	0.001
2979	0.5324	0.4659	7E-4	0.001
2980	0.5321	0.4662	7E-4	0.001
2981	0.532	0.4663	7E-4	0.001
2982	0.5323	0.466	7E-4	0.001
2983	0.5321	0.4662	7E-4	0.001
2984	0.5322	0.4661	7E-4	0.001
2985	0.5318	0.4665	7E-4	0.001
2986	0.5322	0.4661	7E-4	0.001
2987	0.5325	0.4658	7E-4	0.001
2988	0.5327	0.4656	7E-4	0.001
2989	0.5328	0.4655	7E-4	0.001
2990	0.5324	0.4659	7E-4	0.001
2991	0.5324	0.4659	7E-4	0.001
2992	0.5322	0.4661	7E-4	0.001
2993	0.5324	0.4659	7E-4	0.001
2994	0.5321	0.4662	7E-4	0.001
2995	0.5321	0.4662	7E-4	0.001
2996	0.5316	0.4667	7E-4	0.001
2997	0.5319	0.4664	7E-4	0.001
2998	0.5321	0.4662	7E-4	0.001
2999	0.5321	0.4662	7E-4	0.001
				
				
				
				
				
				
				
