0.88316	-0.88323
0.8842	-0.88508
0.88554	-0.88686
0.88716	-0.88854
0.889	-0.89014
0.891	-0.89151
0.89307	-0.89268
0.89513	-0.89365
0.89717	-0.8944
0.89909	-0.89499
0.90086	-0.89538
0.90243	-0.89559
0.90372	-0.89567
0.90478	-0.89555
0.90556	-0.89528
0.9061	-0.89476
0.9064	-0.89412
0.9064	-0.89315
0.90621	-0.89192
0.9057	-0.89052
0.90499	-0.88887
0.90403	-0.88701
0.90284	-0.88506
0.90143	-0.88304
0.89977	-0.88109
0.89796	-0.87918
0.89603	-0.87737
0.89395	-0.87591
0.89183	-0.87468
0.88971	-0.87376
0.88767	-0.87319
0.88569	-0.873
0.88387	-0.87323
0.88224	-0.87377
0.88084	-0.87472
0.8797	-0.87596
0.87879	-0.87754
0.87822	-0.8793
0.87801	-0.88125
0.87803	-0.88331
0.87846	-0.88541
0.87917	-0.88751
0.88014	-0.88949
0.87907	-0.88909
0.88279	-0.89295
0.88436	-0.89439
0.886	-0.89556
0.88762	-0.89647
0.88929	-0.89718
0.89089	-0.89764
0.89226	-0.89792
0.89343	-0.89793
0.89452	-0.89786
0.8953	-0.89754
0.89583	-0.89696
0.89611	-0.89625
0.89613	-0.89519
0.89586	-0.89394
0.8953	-0.89237
0.89459	-0.89062
0.89356	-0.88868
0.89236	-0.88645
0.89086	-0.8843
0.88917	-0.88206
0.88729	-0.87994
0.88528	-0.8779
0.88315	-0.87614
0.88095	-0.87462
0.87875	-0.87338
0.87652	-0.87254
0.87436	-0.8721
0.87227	-0.87202
0.87047	-0.87229
0.86876	-0.87299
0.86731	-0.874
0.8661	-0.87536
0.86522	-0.87691
0.86458	-0.87873
0.86632	-0.88827
0.86753	-0.88984
0.8689	-0.89116
0.87049	-0.89229
0.8722	-0.89314
0.87396	-0.89372
0.87567	-0.89411
0.87746	-0.89433
0.87906	-0.89431
0.87968	-0.89333
0.88196	-0.89382
0.88313	-0.89329
0.88404	-0.89257
0.88475	-0.89163
0.88521	-0.89043
0.88543	-0.88905
0.88541	-0.88737
0.8852	-0.8855
0.8847	-0.88344
0.88397	-0.88128
0.88305	-0.87896
0.88192	-0.87678
0.88059	-0.87464
0.8791	-0.87263
0.87748	-0.87088
0.87575	-0.86948
0.87396	-0.86833
0.87214	-0.86758
0.8704	-0.86721
0.86871	-0.86725
0.86719	-0.86768
0.86585	-0.86847
0.86471	-0.86968
0.8638	-0.87116
0.86322	-0.87292
0.86297	-0.87488
0.86308	-0.87696
0.86351	-0.87906
0.86427	-0.88122
0.86536	-0.8832
0.86681	-0.88513
0.86845	-0.88683
0.87035	-0.88833
0.87239	-0.88961
0.87466	-0.89071
0.877	-0.89154
0.87938	-0.89221
0.88171	-0.89266
0.88396	-0.89295
0.88606	-0.89307
0.88812	-0.89295
0.88995	-0.89273
0.89154	-0.8923
0.89282	-0.89163
0.89394	-0.89081
0.89477	-0.88974
0.89531	-0.88841
0.8956	-0.88689
0.89564	-0.88522
0.89541	-0.88339
0.89492	-0.88149
0.89418	-0.87961
0.89319	-0.87779
0.89194	-0.87614
0.89052	-0.87463
0.88894	-0.87331
0.88722	-0.87236
0.88534	-0.87176
0.88351	-0.87141
0.88165	-0.87149
0.87986	-0.87189
0.87819	-0.87271
0.87678	-0.87383
0.87553	-0.87531
0.87461	-0.87707
0.87405	-0.87901
0.87381	-0.88106
0.87402	-0.88328
0.87457	-0.8854
0.87552	-0.88749
0.87682	-0.88951
0.87841	-0.89135
0.8803	-0.89302
0.88244	-0.89451
0.8848	-0.89573
0.88722	-0.89676
0.88973	-0.89761
0.89226	-0.89823
0.89476	-0.89865
0.89701	-0.89892
0.89921	-0.89892
0.90113	-0.89882
0.90274	-0.89847
0.90411	-0.89788
0.9051	-0.89711
0.90586	-0.89603
0.90632	-0.89478
0.90328	-0.88475
0.90186	-0.8832
0.9003	-0.88174
0.89844	-0.88055
0.89645	-0.87964
0.89437	-0.879
0.8922	-0.87865
0.89005	-0.8786
0.88793	-0.87882
0.88605	-0.87949
0.88427	-0.88038
0.88274	-0.88155
0.88156	-0.88293
0.88074	-0.88454
0.88021	-0.8862
0.88012	-0.88791
0.88041	-0.88967
0.88105	-0.8914
0.88204	-0.89304
0.88337	-0.89454
0.88498	-0.89591
0.88685	-0.89709
0.88889	-0.89814
0.89111	-0.89895
0.89334	-0.89963
0.88346	-0.88797
0.8979	-0.90034
0.90003	-0.9004
0.90192	-0.9003
0.90362	-0.90001
0.90501	-0.89953
0.90612	-0.89882
0.90687	-0.89784
0.90731	-0.89674
0.90742	-0.8954
0.9073	-0.8938
0.90691	-0.89207
0.90617	-0.89024
0.90521	-0.88833
0.90396	-0.8864
0.90239	-0.8845
0.9005	-0.88271
0.89835	-0.88107
0.8959	-0.87965
0.89324	-0.87849
0.89045	-0.87761
0.88757	-0.87702
0.88472	-0.87685
0.88191	-0.87694
0.87931	-0.87745
0.87689	-0.87833
0.87495	-0.87942
0.87332	-0.88081
0.87209	-0.88244
0.87135	-0.88421
0.87083	-0.88588
0.87083	-0.88754
0.87092	-0.88898
0.79298	-0.81197
0.87427	-0.89346
0.87599	-0.89505
0.878	-0.89654
0.88022	-0.89786
0.88257	-0.89891
0.88503	-0.89984
0.88751	-0.90054
0.88988	-0.90104
0.89209	-0.90133
0.89407	-0.90139
0.89581	-0.90133
0.89441	-0.89834
0.87747	-0.87986
0.89882	-0.89977
0.89914	-0.89884
0.89919	-0.89774
0.8985	-0.89619
0.89817	-0.89494
0.89722	-0.89337
0.89604	-0.89157
0.89445	-0.88979
0.89261	-0.88803
0.89041	-0.88626
0.88785	-0.88456
0.88501	-0.8831
0.83319	-0.83307
0.87863	-0.88054
0.87527	-0.87978
0.87166	-0.87907
0.86851	-0.87905
0.86513	-0.879
0.86235	-0.8796
0.85971	-0.88033
0.85505	-0.879
0.85564	-0.88259
0.85444	-0.88411
0.85582	-0.89269
0.85755	-0.89429
0.85969	-0.89578
0.86212	-0.89709
0.86483	-0.89823
0.86767	-0.89913
0.8706	-0.8998
0.87349	-0.9003
0.87624	-0.90055
0.87879	-0.90056
0.881	-0.90035
0.88285	-0.89994
0.88425	-0.8993
0.88523	-0.89839
0.88454	-0.89601
0.88612	-0.89607
0.88608	-0.89464
0.88452	-0.89192
0.88505	-0.89127
0.88385	-0.88931
0.88261	-0.88739
0.88088	-0.88538
0.87876	-0.88339
0.8763	-0.88149
0.87318	-0.87936
0.86851	-0.87617
0.8658	-0.87542
0.86244	-0.87439
0.85985	-0.87445
0.85674	-0.87423
0.85362	-0.87414
0.85078	-0.87436
0.84828	-0.87492
0.84625	-0.87581
0.84467	-0.8769
0.84367	-0.87822
0.84319	-0.8797
0.84329	-0.88139
0.84399	-0.88308
0.84518	-0.88483
0.84692	-0.88656
0.84917	-0.8883
0.8518	-0.88989
0.85485	-0.89136
0.85818	-0.89273
0.86163	-0.89384
0.86522	-0.89477
0.86881	-0.89552
0.87217	-0.89604
0.87542	-0.89641
0.87832	-0.89654
0.8808	-0.8965
0.88294	-0.89629
0.88467	-0.8959
0.88594	-0.89523
0.88692	-0.89438
0.88755	-0.89332
0.87905	-0.88327
0.88299	-0.88574
0.88725	-0.88866
0.88647	-0.8868
0.33256	-0.33074
0.88395	-0.88314
0.88158	-0.88076
0.87941	-0.87915
0.87363	-0.87442
0.87358	-0.87594
0.87034	-0.87471
0.86707	-0.87383
0.86391	-0.87331
0.86094	-0.87316
0.85827	-0.87339
0.85604	-0.87403
0.8542	-0.87485
0.85296	-0.87617
0.8523	-0.87778
0.85216	-0.87957
0.85127	-0.88007
0.85368	-0.88362
0.85508	-0.88555
0.85735	-0.88793
0.85993	-0.8901
0.86293	-0.89216
0.86628	-0.89405
0.86993	-0.89577
0.87362	-0.89721
0.8774	-0.89843
0.88112	-0.89945
0.88472	-0.90014
0.88798	-0.90063
0.891	-0.90087
0.8936	-0.90093
0.89571	-0.90075
0.89755	-0.9004
0.89888	-0.89975
0.89989	-0.89888
0.90053	-0.89778
0.90092	-0.89639
0.90098	-0.89471
0.90067	-0.89274
0.90013	-0.89059
0.89795	-0.88721
0.89754	-0.88587
0.89555	-0.88332
0.89314	-0.88091
0.89027	-0.87853
0.8871	-0.87642
0.88365	-0.8745
0.88011	-0.87303
0.8766	-0.87194
0.87314	-0.8712
0.87008	-0.87118
0.86734	-0.87149
0.86505	-0.8723
0.86323	-0.87352
0.86198	-0.87515
0.86136	-0.8772
0.86127	-0.87944
0.86181	-0.88198
0.86301	-0.88463
0.86477	-0.8874
0.86707	-0.8902
0.86978	-0.89289
0.873	-0.89543
0.87645	-0.89771
0.88008	-0.89978
0.88386	-0.90151
0.88751	-0.90291
0.89102	-0.90396
0.89429	-0.90473
0.89723	-0.90523
0.89975	-0.90545
0.90185	-0.90542
0.90352	-0.90514
0.90479	-0.90457
0.90568	-0.9037
0.90624	-0.90244
0.9065	-0.90092
0.90643	-0.89896
0.90612	-0.89679
0.90552	-0.8942
0.90439	-0.8914
0.90292	-0.8884
0.90104	-0.88538
0.8987	-0.88234
0.89595	-0.87947
0.89281	-0.87669
0.88951	-0.87438
0.88598	-0.87246
0.88245	-0.87098
0.87896	-0.86992
0.87568	-0.86961
0.87271	-0.86978
0.8701	-0.87045
0.86792	-0.87168
0.86621	-0.87341
0.865	-0.87544
0.86438	-0.87793
0.86434	-0.8807
0.86482	-0.88361
0.86596	-0.88673
0.86764	-0.88986
0.86971	-0.89286
0.87225	-0.89566
0.87511	-0.89823
0.87818	-0.9004
0.88131	-0.90218
0.88451	-0.90362
0.88758	-0.90463
0.89048	-0.90534
0.89309	-0.90563
0.89535	-0.90571
0.89728	-0.90555
0.89883	-0.9051
0.89996	-0.90438
0.9007	-0.90338
0.9011	-0.90203
0.90119	-0.9003
0.90094	-0.89818
0.9004	-0.89573
0.89953	-0.89292
0.89834	-0.88987
0.89677	-0.88667
0.89484	-0.88335
0.89252	-0.88006
0.88982	-0.8769
0.88688	-0.87404
0.88372	-0.87157
0.88041	-0.86953
0.87698	-0.86775
0.87383	-0.86699
0.87074	-0.86653
0.8679	-0.86668
0.86129	-0.87028
0.85989	-0.87237
0.85895	-0.87483
0.85855	-0.87767
0.85855	-0.88064
0.8591	-0.8838
0.86004	-0.88697
0.86145	-0.89004
0.86315	-0.89297
0.86514	-0.8956
0.86736	-0.89788
0.86961	-0.89981
0.87203	-0.90132
0.87441	-0.90246
0.87664	-0.90326
0.8787	-0.90382
0.88054	-0.90402
0.88211	-0.90404
0.88331	-0.90377
0.88436	-0.90328
0.88505	-0.90249
0.88541	-0.90131
0.88547	-0.89974
0.88524	-0.89769
0.88469	-0.89525
0.88371	-0.89211
0.88216	-0.88834
0.84403	-0.848
0.87924	-0.8814
0.87441	-0.87487
0.87496	-0.87422
0.87246	-0.87092
0.86975	-0.868
0.86682	-0.86541
0.8638	-0.8633
0.86083	-0.86179
0.85792	-0.86084
0.8552	-0.86056
0.85275	-0.86088
0.8506	-0.86186
0.84879	-0.86339
0.84743	-0.8655
0.84648	-0.86802
0.84596	-0.8709
0.84595	-0.87412
0.84636	-0.87751
0.84719	-0.881
0.84849	-0.88439
0.85012	-0.8876
0.85205	-0.89055
0.85421	-0.89311
0.85658	-0.89528
0.85902	-0.89701
0.86148	-0.89829
0.86392	-0.89915
0.86625	-0.89975
0.86846	-0.9001
0.87052	-0.90012
0.87238	-0.89999
0.87397	-0.89965
0.87538	-0.89911
0.87647	-0.89819
0.87739	-0.89696
0.87804	-0.8953
0.87818	-0.89317
0.87842	-0.89078
0.87804	-0.88775
0.87781	-0.88486
0.87704	-0.88151
0.8761	-0.87816
0.87506	-0.87501
0.8729	-0.87117
0.86751	-0.86449
0.86584	-0.86204
0.86687	-0.86286
0.86572	-0.86204
0.86368	-0.86089
0.86173	-0.8603
0.8599	-0.86025
0.8583	-0.86092
0.85692	-0.86206
0.85576	-0.86379
0.85493	-0.8659
0.60486	-0.61793
0.85442	-0.87149
0.85486	-0.87467
0.85559	-0.87805
0.85675	-0.88136
0.8583	-0.88462
0.86014	-0.8877
0.8623	-0.89049
0.86469	-0.8929
0.86724	-0.89494
0.86991	-0.89662
0.87261	-0.89789
0.87534	-0.89886
0.87799	-0.89957
0.88052	-0.9
0.88292	-0.90022
0.88511	-0.90023
0.8871	-0.89996
0.88886	-0.89938
0.89032	-0.8984
0.89155	-0.89701
0.89345	-0.8904
0.89371	-0.88755
0.89326	-0.88427
0.89289	-0.88124
0.89208	-0.8781
0.8909	-0.87503
0.88942	-0.87215
0.88802	-0.86988
0.88615	-0.86774
0.88422	-0.86617
0.87793	-0.86081
0.88058	-0.86491
0.8787	-0.865
0.87694	-0.86564
0.87284	-0.8643
0.87358	-0.86804
0.87125	-0.86893
0.86829	-0.86921
0.8718	-0.87596
0.8706	-0.8777
0.8718	-0.88161
0.86549	-0.87762
0.8743	-0.88857
0.87567	-0.89128
0.87736	-0.89393
0.87932	-0.89616
0.88132	-0.89816
0.88352	-0.89979
0.88581	-0.901
0.8881	-0.90198
0.89036	-0.90261
0.89257	-0.90305
0.89463	-0.90324
0.89655	-0.90315
0.89826	-0.90281
0.89369	-0.89624
0.90093	-0.9013
0.90193	-0.90003
0.90262	-0.8983
0.90308	-0.89619
0.90324	-0.8938
0.90314	-0.89105
0.90272	-0.88821
0.90209	-0.88519
0.90115	-0.88219
0.89992	-0.87926
0.89846	-0.87658
0.89675	-0.87412
0.89485	-0.87204
0.89283	-0.87037
0.89067	-0.86915
0.88852	-0.86841
0.88638	-0.86821
0.88428	-0.86844
0.8824	-0.86927
0.88072	-0.87051
0.87928	-0.87215
0.87814	-0.87414
0.87736	-0.87641
0.87691	-0.87883
0.8768	-0.88135
0.87714	-0.88399
0.87778	-0.88653
0.87875	-0.88898
0.87996	-0.8913
0.88154	-0.89327
0.88311	-0.89502
0.88493	-0.89651
0.88482	-0.89566
0.8885	-0.8983
0.89109	-0.89959
0.89287	-0.89992
0.89374	-0.89924
0.89656	-0.90048
0.89814	-0.90031
0.89931	-0.89985
0.9005	-0.89925
0.90129	-0.89834
0.90177	-0.89696
0.90202	-0.8954
0.90199	-0.89343
0.90166	-0.89125
0.90107	-0.88886
0.90025	-0.88629
0.89908	-0.88366
0.89765	-0.88105
0.89596	-0.87849
0.89395	-0.87614
0.89171	-0.87393
0.88932	-0.87212
0.88592	-0.86993
0.88403	-0.86953
0.87611	-0.86902
0.87366	-0.86982
0.87164	-0.87097
0.86979	-0.87249
0.86837	-0.8744
0.86735	-0.87648
0.8667	-0.87879
0.8665	-0.88127
0.86414	-0.88129
0.86728	-0.88623
0.86829	-0.88866
0.86952	-0.89089
0.87109	-0.89294
0.87288	-0.89481
0.87485	-0.89642
0.87692	-0.89773
0.87904	-0.89883
0.88114	-0.8997
0.88314	-0.90029
0.885	-0.9007
0.88661	-0.90085
0.88799	-0.90084
0.88908	-0.90047
0.88983	-0.89984
0.8903	-0.89897
0.89045	-0.89776
0.8903	-0.89627
0.88986	-0.89453
0.88912	-0.89248
0.88813	-0.8903
0.88682	-0.88803
0.88524	-0.88572
0.88336	-0.8834
0.8812	-0.88118
0.87878	-0.87914
0.87619	-0.87734
0.8734	-0.87576
0.87053	-0.87458
0.86763	-0.87371
0.86477	-0.87328
0.86204	-0.87325
0.85953	-0.87364
0.85723	-0.87428
0.85535	-0.87539
0.85385	-0.87677
0.85271	-0.87843
0.85199	-0.88026
0.8517	-0.88225
0.85188	-0.8843
0.8524	-0.88636
0.85337	-0.88841
0.85467	-0.89036
0.85639	-0.89222
0.85834	-0.89386
0.86051	-0.89529
0.8629	-0.89655
0.86538	-0.8975
0.86782	-0.89834
0.87028	-0.8988
0.87259	-0.89911
0.8747	-0.89921
0.87652	-0.89907
0.87811	-0.89859
0.8794	-0.89798
0.88031	-0.89708
0.88092	-0.89591
0.88117	-0.89451
0.88123	-0.89277
0.88094	-0.89078
0.88033	-0.88862
0.8794	-0.88631
0.87815	-0.88396
0.8765	-0.88153
0.87463	-0.87912
0.87245	-0.87687
0.87002	-0.87488
0.86735	-0.87301
0.86463	-0.87154
0.86185	-0.87039
0.85919	-0.86968
0.85665	-0.86932
0.85441	-0.86938
0.85248	-0.86986
0.85089	-0.87059
0.84975	-0.87177
0.84903	-0.87315
0.84878	-0.8747
0.84899	-0.87652
0.84963	-0.87844
0.85076	-0.88036
0.85226	-0.88237
0.85417	-0.88431
0.8564	-0.88612
0.85898	-0.88786
0.86175	-0.88941
0.86465	-0.89076
0.86769	-0.89197
0.88161	-0.89491
0.88367	-0.89498
0.88543	-0.89477
0.88685	-0.89441
0.888	-0.89373
0.88882	-0.89284
0.88934	-0.89172
0.88954	-0.89023
0.88944	-0.88856
0.88892	-0.8867
0.88808	-0.88465
0.88687	-0.88249
0.88524	-0.88029
0.8833	-0.87809
0.88102	-0.87603
0.87848	-0.8741
0.87579	-0.8724
0.87308	-0.87104
0.87041	-0.87009
0.86784	-0.86947
0.86556	-0.86934
0.86359	-0.86952
0.86197	-0.87012
0.86085	-0.87111
0.86008	-0.87246
0.85997	-0.87403
0.8603	-0.87589
0.86113	-0.87796
0.86239	-0.88013
0.86411	-0.8824
0.86624	-0.88471
0.86873	-0.88699
0.87153	-0.88914
0.87461	-0.89115
0.87774	-0.89306
0.88102	-0.89463
0.88424	-0.89608
0.88737	-0.8972
0.89027	-0.89805
0.89284	-0.89884
0.89514	-0.89932
0.89708	-0.8996
0.89865	-0.89962
0.89988	-0.89939
0.90083	-0.89892
0.90147	-0.89812
0.90178	-0.89701
0.90182	-0.89559
0.90153	-0.89389
0.90088	-0.89193
0.89987	-0.88972
0.89849	-0.88731
0.89668	-0.88483
0.89462	-0.88241
0.89222	-0.88003
0.88955	-0.87772
0.88681	-0.87571
0.88399	-0.874
0.8812	-0.87261
0.87861	-0.87154
0.87614	-0.87096
0.87407	-0.8708
0.87232	-0.87105
0.87101	-0.8717
0.87009	-0.87268
0.86973	-0.87405
0.86983	-0.87574
0.87044	-0.87766
0.87143	-0.87974
0.87289	-0.882
0.87477	-0.88432
0.87695	-0.88666
0.87944	-0.88892
0.88223	-0.89099
0.88501	-0.89293
0.88786	-0.89458
0.89072	-0.896
0.89336	-0.89714
0.89574	-0.89801
0.89786	-0.89865
0.89961	-0.89904
0.901	-0.89915
0.90206	-0.89907
0.90279	-0.89875
0.90324	-0.89809
0.90341	-0.89713
0.90331	-0.89578
0.90288	-0.89414
0.90212	-0.89209
0.90103	-0.8897
0.89954	-0.88707
0.89769	-0.88418
0.89547	-0.88117
0.89287	-0.87815
0.89004	-0.87529
0.88706	-0.87254
0.884	-0.87009
0.88099	-0.86808
0.87811	-0.86652
0.87546	-0.86543
0.87311	-0.86487
0.8678	-0.86931
0.86814	-0.87145
0.86893	-0.87386
0.87015	-0.87654
0.87175	-0.87933
0.87359	-0.88218
0.87587	-0.88509
0.87823	-0.88793
0.88072	-0.89049
0.88323	-0.89288
0.8857	-0.89497
0.88807	-0.89681
0.89014	-0.89826
0.89198	-0.89935
0.89352	-0.90018
0.89475	-0.90074
0.89561	-0.90101
0.89621	-0.90103
0.89654	-0.90075
0.89647	-0.90016
0.89621	-0.8993
0.89569	-0.89795
0.89485	-0.8962
0.89367	-0.89406
0.89215	-0.89147
0.89033	-0.88856
0.88808	-0.88545
0.88555	-0.8821
0.88271	-0.87871
0.87972	-0.87535
0.87659	-0.8722
0.87344	-0.86935
0.8704	-0.86693
0.86752	-0.86496
0.86494	-0.86352
0.86267	-0.86265
0.86076	-0.86236
0.85928	-0.86259
0.8583	-0.86336
0.85773	-0.86465
0.85772	-0.86643
0.85808	-0.86859
0.85892	-0.87115
0.86011	-0.87391
0.86165	-0.87692
0.86348	-0.88004
0.86554	-0.88318
0.86775	-0.88614
0.87	-0.88904
0.8723	-0.89151
0.87442	-0.8938
0.87643	-0.89568
0.87822	-0.89722
0.87967	-0.89836
0.88099	-0.89924
0.88197	-0.89986
0.88262	-0.90019
0.883	-0.90034
0.88316	-0.90029
0.88312	-0.89985
0.88273	-0.8992
0.88212	-0.89806
0.88132	-0.89656
0.88014	-0.89464
0.87868	-0.8922
0.87691	-0.88947
0.87482	-0.88632
0.87254	-0.88298
0.86997	-0.87948
0.86731	-0.87602
0.86457	-0.87271
0.86187	-0.86961
0.8592	-0.86689
0.85677	-0.86461
0.85457	-0.86289
0.85276	-0.86172
0.85129	-0.86107
0.85023	-0.86108
0.84957	-0.86162
0.84947	-0.86273
0.84972	-0.8643
0.85052	-0.86642
0.85171	-0.86891
0.85331	-0.87179
0.85521	-0.87488
0.85743	-0.87813
0.85981	-0.88144
0.86241	-0.88466
0.86505	-0.88769
0.86761	-0.89045
0.87015	-0.89287
0.87237	-0.89491
0.87463	-0.89654
0.8764	-0.89779
0.87809	-0.89878
0.87944	-0.89948
0.88052	-0.89995
0.8672	-0.88606
0.88236	-0.89943
0.88232	-0.89856
0.88196	-0.89731
0.88124	-0.89548
0.88028	-0.8932
0.87899	-0.89059
0.8775	-0.88759
0.8757	-0.88439
0.87377	-0.88111
0.87173	-0.8778
0.86965	-0.87462
0.86759	-0.87168
0.8657	-0.8691
0.86402	-0.867
0.86257	-0.86536
