0	0.77453	0.7746	0.77453	0.77454	0.7746	0.77454	0.77453
1	0.77453	0.7746	0.77453	0.77443	0.7746	0.77433	0.77437
2	0.77453	0.7746	0.77445	0.77443	0.7746	0.77426	0.77428
3	0.77445	0.7746	0.77445	0.77443	0.77453	0.77416	0.77413
4	0.77445	0.77458	0.77439	0.77443	0.77432	0.77392	0.77398
5	0.77438	0.7745	0.77426	0.77443	0.77432	0.7739	0.77386
6	0.77438	0.7745	0.77426	0.77437	0.77424	0.7739	0.77348
7	0.77431	0.77436	0.77426	0.77418	0.77414	0.77376	0.77312
8	0.77423	0.77436	0.77414	0.77399	0.7738	0.77315	0.77234
9	0.77423	0.77436	0.77391	0.77398	0.77373	0.77283	0.77174
10	0.77423	0.77436	0.77384	0.77387	0.77363	0.77249	0.77152
11	0.77419	0.77436	0.7737	0.7738	0.77355	0.77243	0.77111
12	0.77407	0.77436	0.77363	0.7736	0.77326	0.77224	0.77051
13	0.77407	0.7742	0.77363	0.77332	0.77286	0.77151	0.7697
14	0.77403	0.77413	0.77361	0.77325	0.7726	0.77036	0.7686
15	0.77398	0.77411	0.77357	0.77318	0.77217	0.77025	0.76799
16	0.77387	0.77391	0.77344	0.77305	0.77175	0.76987	0.76753
17	0.7737	0.77378	0.77336	0.77298	0.77101	0.76929	0.76684
18	0.77352	0.77366	0.77318	0.77261	0.77063	0.76869	0.76518
19	0.77337	0.77363	0.77311	0.77205	0.77015	0.76799	0.76352
20	0.77328	0.77363	0.77285	0.77159	0.76961	0.76767	0.76301
21	0.77324	0.77356	0.7727	0.77101	0.76912	0.76708	0.76208
22	0.77297	0.77349	0.77251	0.77073	0.76897	0.76642	0.76064
23	0.77279	0.77328	0.77235	0.77057	0.76865	0.76545	0.75888
24	0.77265	0.77321	0.77214	0.77014	0.76772	0.76434	0.75697
25	0.77246	0.77313	0.77157	0.76969	0.76708	0.76323	0.75558
26	0.77219	0.77307	0.77123	0.7693	0.76666	0.76226	0.75469
27	0.77195	0.77296	0.77079	0.76913	0.76591	0.761	0.75351
28	0.77163	0.77274	0.77048	0.76875	0.76463	0.75988	0.75127
29	0.77146	0.77268	0.77029	0.7678	0.76384	0.7587	0.75036
30	0.7712	0.7724	0.76984	0.76696	0.76338	0.75788	0.74953
31	0.77087	0.77221	0.76931	0.76644	0.76305	0.75715	0.74811
32	0.77061	0.772	0.76863	0.76611	0.7618	0.75579	0.74667
33	0.77005	0.77165	0.76816	0.76551	0.76082	0.75433	0.7444
34	0.76933	0.77126	0.76794	0.76465	0.76045	0.75321	0.74273
35	0.76904	0.77109	0.76705	0.76404	0.75991	0.75225	0.74162
36	0.76887	0.77102	0.76616	0.76318	0.75918	0.75138	0.74069
37	0.76842	0.77093	0.76549	0.76276	0.75853	0.74955	0.73906
38	0.76797	0.77062	0.76501	0.76198	0.75738	0.74854	0.73704
39	0.76752	0.77048	0.7646	0.76129	0.75676	0.7473	0.73543
40	0.76707	0.77032	0.76367	0.76046	0.75564	0.74641	0.73442
41	0.76668	0.77026	0.76305	0.75987	0.75464	0.74561	0.73323
42	0.76617	0.76969	0.76236	0.75916	0.75327	0.74417	0.73195
43	0.76579	0.76942	0.76178	0.75792	0.75125	0.74272	0.72999
44	0.76517	0.76917	0.76087	0.7573	0.7495	0.74152	0.72788
45	0.76472	0.76862	0.76038	0.75658	0.74837	0.74023	0.72606
46	0.76445	0.76841	0.75978	0.7563	0.74682	0.7396	0.72415
47	0.76355	0.76754	0.75903	0.75568	0.74586	0.73859	0.7227
48	0.76266	0.76703	0.75811	0.75495	0.74438	0.73639	0.72042
49	0.76162	0.76649	0.75745	0.75363	0.74306	0.73494	0.71845
50	0.76106	0.76561	0.75688	0.7529	0.74243	0.73416	0.7165
51	0.76055	0.76532	0.75633	0.7518	0.74163	0.7338	0.71518
52	0.75954	0.76455	0.75574	0.75108	0.74013	0.73303	0.71334
53	0.75889	0.76395	0.75475	0.74946	0.73918	0.73163	0.7114
54	0.75826	0.76319	0.75291	0.74811	0.73811	0.73095	0.71039
55	0.75753	0.76225	0.7521	0.74733	0.73702	0.73011	0.70919
56	0.75684	0.76171	0.75116	0.74593	0.73638	0.72876	0.70774
57	0.75611	0.76056	0.75029	0.74491	0.73554	0.72723	0.7066
58	0.75516	0.76033	0.74937	0.74337	0.73335	0.72497	0.70392
59	0.75442	0.7598	0.74769	0.74164	0.73108	0.72365	0.70242
60	0.7541	0.75935	0.74684	0.74102	0.72952	0.72305	0.70103
61	0.75303	0.75868	0.74583	0.73976	0.72771	0.72163	0.6997
62	0.75194	0.75805	0.74452	0.73875	0.72619	0.72068	0.69813
63	0.75125	0.75744	0.74357	0.73794	0.72505	0.71885	0.69566
64	0.7504	0.75676	0.74152	0.73715	0.72312	0.71764	0.69412
65	0.74992	0.75611	0.74071	0.7367	0.72201	0.7165	0.69249
66	0.74962	0.75543	0.73908	0.73502	0.7209	0.71516	0.69126
67	0.74901	0.75459	0.73772	0.73389	0.71962	0.71411	0.68989
68	0.74843	0.75413	0.73643	0.73284	0.71871	0.71247	0.68795
69	0.74755	0.75345	0.73509	0.73179	0.71717	0.71137	0.68647
70	0.74713	0.75311	0.73397	0.73128	0.71632	0.71012	0.68433
71	0.74659	0.75243	0.73294	0.73046	0.71451	0.70922	0.68257
72	0.74619	0.75186	0.73229	0.7293	0.71237	0.70838	0.68113
73	0.74555	0.75107	0.73072	0.72823	0.71037	0.70647	0.67952
74	0.74468	0.74964	0.72977	0.72646	0.70878	0.70463	0.67869
75	0.74356	0.74915	0.72833	0.72554	0.70767	0.70391	0.67752
76	0.74292	0.74867	0.72629	0.72382	0.70649	0.70306	0.67604
77	0.74223	0.74833	0.72486	0.72209	0.70503	0.70179	0.67477
78	0.74169	0.74762	0.72368	0.72099	0.70386	0.70001	0.67268
79	0.74108	0.74638	0.72271	0.72008	0.702	0.69832	0.67139
80	0.74043	0.74566	0.72116	0.71884	0.70012	0.69747	0.66958
81	0.73992	0.74456	0.72016	0.7176	0.69909	0.69618	0.66814
82	0.73958	0.74371	0.71882	0.71656	0.69776	0.69511	0.66619
83	0.73903	0.7427	0.71815	0.715	0.69694	0.69345	0.66433
84	0.73871	0.74092	0.71702	0.71351	0.69531	0.69117	0.66257
85	0.7386	0.73986	0.71588	0.71227	0.69417	0.68994	0.66091
86	0.73841	0.73955	0.71411	0.71091	0.69284	0.68836	0.6587
87	0.73812	0.73855	0.71284	0.70971	0.69173	0.6872	0.65701
88	0.7377	0.73786	0.71208	0.70877	0.69092	0.68529	0.65453
89	0.73712	0.73599	0.7106	0.70667	0.68865	0.68433	0.6532
90	0.73661	0.7352	0.70861	0.70571	0.68793	0.68288	0.65188
91	0.73646	0.73404	0.70723	0.70453	0.68627	0.68146	0.65027
92	0.73581	0.73378	0.70608	0.70347	0.68536	0.68005	0.64857
93	0.73534	0.7329	0.70513	0.70244	0.68408	0.67843	0.64671
94	0.73488	0.73139	0.70415	0.70061	0.68347	0.6767	0.64494
95	0.73455	0.73043	0.70214	0.69944	0.68254	0.67485	0.64375
96	0.73421	0.72936	0.701	0.69872	0.68202	0.6736	0.64259
97	0.73401	0.72844	0.69975	0.69741	0.68121	0.67216	0.64088
98	0.73375	0.7277	0.69925	0.69652	0.67985	0.67056	0.63867
99	0.73302	0.72635	0.69777	0.69565	0.67865	0.66896	0.63747
100	0.73282	0.72501	0.69553	0.69479	0.67768	0.66793	0.63619
101	0.73263	0.72332	0.69477	0.69389	0.67637	0.66593	0.63515
102	0.73222	0.72281	0.69308	0.69255	0.67462	0.66437	0.63369
103	0.73205	0.722	0.69227	0.69094	0.67341	0.66316	0.63218
104	0.7317	0.72096	0.69087	0.69011	0.67252	0.66156	0.63007
105	0.73118	0.71999	0.68854	0.68874	0.67054	0.66045	0.62868
106	0.73096	0.71842	0.68737	0.68802	0.66951	0.65869	0.62732
107	0.73066	0.71698	0.686	0.68704	0.6676	0.65739	0.62559
108	0.73016	0.71534	0.68436	0.6859	0.6663	0.65618	0.62394
109	0.72995	0.71353	0.68306	0.68484	0.66484	0.65511	0.62201
110	0.72949	0.71199	0.68103	0.68357	0.66386	0.65349	0.62085
111	0.72934	0.71047	0.67937	0.68242	0.66278	0.65172	0.61996
112	0.72921	0.70803	0.67791	0.68067	0.66242	0.65011	0.61845
113	0.7291	0.70674	0.67648	0.67946	0.66063	0.64869	0.61651
114	0.72891	0.70507	0.67543	0.67825	0.65889	0.64733	0.61503
115	0.72865	0.70269	0.67379	0.67654	0.65787	0.64565	0.61387
116	0.72853	0.70132	0.67237	0.67527	0.65612	0.6442	0.61217
117	0.72828	0.69855	0.67024	0.67374	0.6549	0.6424	0.60997
118	0.72809	0.69708	0.66837	0.67234	0.65322	0.63958	0.608
119	0.72778	0.6951	0.66738	0.67141	0.65164	0.63802	0.60634
120	0.7276	0.69349	0.66592	0.6701	0.64996	0.63651	0.60463
121	0.72734	0.69225	0.66447	0.66926	0.64805	0.63479	0.60306
122	0.72691	0.69075	0.66383	0.66781	0.64695	0.63314	0.60134
123	0.72677	0.68954	0.66259	0.66639	0.64598	0.63178	0.5998
124	0.72659	0.68801	0.66163	0.665	0.64462	0.62977	0.59828
125	0.72629	0.6861	0.66054	0.66345	0.64316	0.62838	0.59695
126	0.72611	0.6852	0.65968	0.66118	0.64227	0.6273	0.5951
127	0.72583	0.68331	0.6578	0.65965	0.64046	0.62535	0.5928
128	0.72546	0.6819	0.65664	0.65785	0.63928	0.62365	0.59119
129	0.72519	0.68006	0.65524	0.6563	0.63774	0.62248	0.58955
130	0.72465	0.67871	0.65386	0.65454	0.63686	0.62096	0.58768
131	0.72454	0.67771	0.65256	0.65303	0.63615	0.61972	0.58574
132	0.72403	0.6761	0.65029	0.65169	0.63478	0.61876	0.58405
133	0.72397	0.67458	0.64923	0.64991	0.63282	0.61717	0.58281
134	0.72361	0.67379	0.64764	0.64853	0.63176	0.61572	0.58071
135	0.7233	0.67293	0.64675	0.64719	0.63062	0.61465	0.57967
136	0.72328	0.67237	0.64576	0.64504	0.62897	0.61319	0.57783
137	0.72309	0.6709	0.64411	0.64366	0.62821	0.61161	0.57686
138	0.72278	0.67041	0.64334	0.64218	0.62633	0.61036	0.57566
139	0.72219	0.66917	0.64248	0.64084	0.62382	0.60857	0.5738
140	0.72188	0.668	0.64108	0.63992	0.62203	0.60723	0.57211
141	0.72157	0.66745	0.63986	0.63849	0.62111	0.60623	0.57081
142	0.72144	0.66637	0.63856	0.63776	0.62002	0.60435	0.56917
143	0.7214	0.66532	0.63811	0.63649	0.61861	0.60334	0.56728
144	0.72117	0.66367	0.63716	0.63534	0.61723	0.60173	0.56528
145	0.72062	0.66266	0.63627	0.63415	0.61618	0.60015	0.56394
146	0.72008	0.66198	0.63522	0.63269	0.61461	0.59874	0.56266
147	0.71997	0.66077	0.6339	0.63074	0.61283	0.59731	0.56115
148	0.7198	0.66002	0.63326	0.62933	0.61148	0.59567	0.55953
149	0.71934	0.6589	0.63212	0.62841	0.60965	0.59359	0.55778
150	0.71914	0.65731	0.63135	0.62734	0.60856	0.59196	0.55566
151	0.71871	0.65619	0.63085	0.62643	0.60792	0.59046	0.55437
152	0.71859	0.65555	0.62985	0.6253	0.60625	0.58917	0.55258
153	0.71857	0.65382	0.62904	0.62415	0.60478	0.58785	0.55114
154	0.71812	0.65244	0.62843	0.623	0.60334	0.58667	0.54867
155	0.71801	0.65131	0.62738	0.62158	0.60222	0.58561	0.54765
156	0.7177	0.65027	0.62669	0.62043	0.60087	0.58425	0.5464
157	0.71715	0.64928	0.6253	0.61935	0.60027	0.58288	0.54494
158	0.7167	0.64759	0.62421	0.61671	0.5975	0.58115	0.54372
159	0.71617	0.6469	0.62292	0.61434	0.59576	0.5795	0.54197
160	0.71598	0.64591	0.62136	0.61311	0.59439	0.57835	0.54063
161	0.71585	0.64509	0.62061	0.61161	0.59358	0.57695	0.53944
162	0.71544	0.64302	0.61906	0.61087	0.59249	0.575	0.53802
163	0.71501	0.64112	0.6184	0.60921	0.59108	0.5733	0.53689
164	0.71451	0.64002	0.61668	0.60767	0.58981	0.5713	0.53598
165	0.71403	0.63921	0.61555	0.60631	0.58804	0.57049	0.53467
166	0.71389	0.6381	0.61467	0.60561	0.58613	0.56897	0.5333
167	0.71366	0.63681	0.6136	0.60436	0.58437	0.56722	0.5318
168	0.71285	0.63515	0.61281	0.60377	0.58307	0.56574	0.53051
169	0.7125	0.63307	0.611	0.60282	0.58152	0.56416	0.52858
170	0.71208	0.63221	0.60961	0.60133	0.58062	0.56275	0.52734
171	0.71182	0.63088	0.60838	0.60055	0.57921	0.56149	0.52646
172	0.71152	0.62925	0.60697	0.59915	0.57827	0.55989	0.52545
173	0.71108	0.6282	0.60612	0.59801	0.57719	0.55835	0.52418
174	0.71036	0.62674	0.605	0.59647	0.57632	0.55712	0.5225
175	0.71	0.62582	0.60363	0.59496	0.57588	0.55547	0.52139
176	0.70973	0.62515	0.60262	0.5942	0.57497	0.55413	0.52034
177	0.7094	0.62355	0.6016	0.59306	0.57383	0.55239	0.51926
178	0.70896	0.62242	0.60074	0.5912	0.57129	0.55073	0.51813
179	0.708	0.6217	0.59955	0.58922	0.56982	0.54948	0.51707
180	0.7076	0.62099	0.59836	0.58722	0.56849	0.54843	0.51608
181	0.70723	0.6202	0.59734	0.58622	0.56759	0.54674	0.51506
182	0.70674	0.61907	0.59595	0.58512	0.56633	0.54542	0.51374
183	0.70628	0.61786	0.59512	0.58416	0.56471	0.54392	0.51261
184	0.70559	0.61725	0.59404	0.58268	0.56326	0.54226	0.51129
185	0.70531	0.61662	0.59271	0.58123	0.56222	0.5411	0.5105
186	0.70529	0.61532	0.59205	0.58007	0.56121	0.54005	0.50961
187	0.70503	0.61387	0.59112	0.57894	0.55941	0.5388	0.50865
188	0.70464	0.61289	0.59053	0.57806	0.55845	0.53761	0.5077
189	0.70412	0.61157	0.58944	0.57667	0.55671	0.53619	0.50661
190	0.70389	0.61084	0.58814	0.57509	0.55562	0.53489	0.5054
191	0.70389	0.61006	0.58757	0.57441	0.55469	0.53413	0.5046
192	0.70345	0.6089	0.58679	0.5734	0.55384	0.53313	0.50347
193	0.70311	0.60759	0.58615	0.57252	0.55284	0.53186	0.50249
194	0.70265	0.60643	0.58468	0.57113	0.55114	0.53077	0.50179
195	0.70264	0.60588	0.58351	0.56996	0.5504	0.52982	0.50061
196	0.7024	0.60499	0.58235	0.56912	0.54974	0.5289	0.49995
197	0.7021	0.60409	0.58146	0.56809	0.54908	0.52755	0.49874
198	0.70166	0.60304	0.58079	0.56724	0.54716	0.52632	0.49799
199	0.70138	0.60237	0.57964	0.56523	0.54536	0.52512	0.49635
200	0.70114	0.60178	0.57892	0.56356	0.54416	0.5241	0.49591
201	0.70051	0.60145	0.57864	0.5625	0.54263	0.52327	0.4952
202	0.70001	0.60017	0.57757	0.56132	0.54105	0.52235	0.49411
203	0.69986	0.59932	0.57653	0.56022	0.54004	0.52053	0.49303
204	0.69914	0.59855	0.57523	0.55885	0.53902	0.519	0.49185
205	0.69878	0.59815	0.57446	0.55734	0.53783	0.51798	0.49112
206	0.69845	0.59783	0.5737	0.55601	0.53726	0.51725	0.49041
207	0.69827	0.59756	0.57294	0.55507	0.53615	0.51557	0.48934
208	0.69789	0.59666	0.57203	0.55453	0.53545	0.51414	0.48833
209	0.69717	0.59579	0.57023	0.55262	0.53409	0.51299	0.48685
210	0.69691	0.59541	0.56895	0.55119	0.53347	0.51162	0.48586
211	0.6968	0.59511	0.56783	0.55011	0.53269	0.51061	0.48503
212	0.69603	0.59432	0.56664	0.54924	0.53244	0.50953	0.48395
213	0.69557	0.59343	0.56532	0.54837	0.5317	0.50885	0.4835
214	0.69514	0.59224	0.56408	0.54629	0.5307	0.50721	0.48196
215	0.69456	0.59175	0.5627	0.54501	0.5296	0.50661	0.48103
216	0.69425	0.59128	0.56197	0.54354	0.52885	0.50573	0.48038
217	0.69408	0.59032	0.56139	0.54243	0.52777	0.50468	0.47953
218	0.69397	0.5895	0.56032	0.54211	0.52624	0.50371	0.47887
219	0.69344	0.58858	0.55847	0.54038	0.525	0.50239	0.47745
220	0.69326	0.58823	0.55732	0.5398	0.52338	0.50178	0.47645
221	0.6931	0.58802	0.55639	0.53875	0.52203	0.50097	0.47604
222	0.69284	0.58722	0.55496	0.53808	0.52087	0.49988	0.475
223	0.6927	0.58648	0.55402	0.53692	0.5195	0.49879	0.47412
224	0.69234	0.58587	0.55269	0.53525	0.51814	0.49734	0.47319
225	0.69205	0.58541	0.55122	0.53417	0.51699	0.49658	0.47255
226	0.69171	0.58498	0.55043	0.53354	0.5166	0.49624	0.4721
227	0.6911	0.58419	0.5494	0.53246	0.51562	0.49529	0.47083
228	0.69099	0.58347	0.54834	0.53171	0.5149	0.49401	0.47029
229	0.69062	0.58239	0.54662	0.53021	0.51348	0.49229	0.46927
230	0.69027	0.58153	0.5449	0.5291	0.51296	0.49173	0.46885
231	0.69033	0.58076	0.54424	0.52866	0.51229	0.49089	0.4683
232	0.68956	0.58	0.54338	0.52747	0.51196	0.48988	0.46717
233	0.68879	0.57944	0.54164	0.52677	0.51157	0.489	0.4664
234	0.68828	0.57866	0.54072	0.52605	0.51058	0.48748	0.46516
235	0.68816	0.57801	0.5396	0.52537	0.50949	0.48703	0.46431
236	0.68797	0.57752	0.53891	0.52498	0.50927	0.48683	0.46369
237	0.6872	0.57714	0.53804	0.5236	0.50824	0.48594	0.46226
238	0.68594	0.57672	0.53731	0.52308	0.50699	0.48538	0.46095
239	0.68547	0.57588	0.53616	0.52229	0.50493	0.4845	0.45949
240	0.6848	0.5755	0.53526	0.52141	0.50256	0.48361	0.45858
241	0.68452	0.57502	0.53464	0.52087	0.50099	0.48287	0.45787
242	0.68387	0.5739	0.53371	0.52017	0.49975	0.4818	0.45674
243	0.68312	0.57325	0.53288	0.51945	0.49831	0.48126	0.45611
244	0.68252	0.57199	0.53177	0.51821	0.49691	0.47982	0.45481
245	0.68194	0.57113	0.53091	0.51681	0.49567	0.47869	0.45394
246	0.68141	0.57092	0.52993	0.51596	0.49513	0.47795	0.4533
247	0.68077	0.57015	0.52875	0.51489	0.49389	0.47673	0.4519
248	0.67979	0.56967	0.52751	0.51418	0.49337	0.47591	0.45104
249	0.67927	0.56867	0.52523	0.51281	0.49162	0.47527	0.4495
250	0.67792	0.56786	0.52364	0.51185	0.49129	0.47441	0.44837
251	0.67741	0.56683	0.52306	0.51096	0.49041	0.47354	0.44759
252	0.67665	0.56508	0.52173	0.5102	0.48971	0.47247	0.44598
253	0.67586	0.56455	0.5208	0.50949	0.48949	0.47185	0.44528
254	0.67468	0.56308	0.51911	0.50852	0.48925	0.47073	0.44402
255	0.67356	0.56199	0.51816	0.50718	0.48825	0.46993	0.44299
256	0.67324	0.56132	0.51768	0.50626	0.48767	0.46928	0.44216
257	0.6719	0.56055	0.51653	0.50533	0.48717	0.46809	0.44085
258	0.67152	0.55996	0.51522	0.50471	0.48583	0.46723	0.44005
259	0.67087	0.55881	0.51412	0.50358	0.48462	0.46613	0.43901
260	0.67027	0.55825	0.51321	0.50218	0.48324	0.46564	0.43839
261	0.66966	0.55806	0.51232	0.50167	0.48204	0.46473	0.43768
262	0.66884	0.55701	0.51151	0.50069	0.48071	0.4636	0.43668
263	0.6676	0.55612	0.51081	0.49985	0.47923	0.46293	0.43624
264	0.66642	0.55465	0.50938	0.49877	0.47842	0.46187	0.43537
265	0.66551	0.55425	0.50829	0.4979	0.47763	0.46076	0.43483
266	0.66409	0.55383	0.5074	0.49751	0.47695	0.46021	0.43431
267	0.66315	0.55312	0.50626	0.49676	0.47514	0.4593	0.43339
268	0.66266	0.55259	0.50502	0.49652	0.4749	0.4587	0.4328
269	0.66167	0.55153	0.50392	0.49552	0.4736	0.45732	0.43153
270	0.66119	0.55092	0.50291	0.49485	0.47354	0.45635	0.43068
271	0.66013	0.55057	0.50201	0.49438	0.47292	0.45552	0.42994
272	0.659	0.5498	0.50116	0.49367	0.47207	0.45463	0.4288
273	0.65823	0.54916	0.5001	0.49317	0.47116	0.45378	0.42838
274	0.65792	0.54849	0.49918	0.49223	0.46999	0.45282	0.42733
275	0.65671	0.54778	0.49856	0.49149	0.46927	0.45232	0.42669
276	0.65536	0.54737	0.49811	0.49069	0.46857	0.45184	0.42638
277	0.65443	0.54674	0.49702	0.4897	0.46757	0.45108	0.42542
278	0.65347	0.54603	0.49609	0.48929	0.4653	0.45013	0.42459
279	0.65301	0.5452	0.49508	0.48836	0.46368	0.44918	0.42354
280	0.65195	0.54454	0.49433	0.48764	0.46205	0.44834	0.42231
281	0.65162	0.5443	0.49347	0.48718	0.46064	0.44772	0.42173
282	0.65091	0.5437	0.49235	0.48595	0.45932	0.44695	0.42065
283	0.65018	0.54322	0.49112	0.48548	0.45843	0.44621	0.41997
284	0.64957	0.5425	0.48954	0.48431	0.45757	0.4449	0.41897
285	0.64857	0.542	0.48834	0.48361	0.45619	0.44426	0.41821
286	0.64769	0.54166	0.48764	0.48306	0.45596	0.44377	0.41776
287	0.64687	0.54126	0.4866	0.48207	0.45465	0.44302	0.41648
288	0.64606	0.54088	0.48544	0.48113	0.45417	0.44248	0.41566
289	0.64513	0.53985	0.48441	0.48026	0.45356	0.44101	0.41436
290	0.64382	0.53941	0.48351	0.47963	0.45328	0.44016	0.41295
291	0.64284	0.5392	0.48295	0.47938	0.45269	0.43964	0.41229
292	0.64241	0.53862	0.48177	0.47859	0.45218	0.43874	0.41125
293	0.64159	0.53771	0.48065	0.47803	0.45164	0.43822	0.41054
294	0.64087	0.53684	0.4791	0.47688	0.45054	0.43696	0.4091
295	0.64012	0.53636	0.47793	0.47551	0.4501	0.43615	0.40858
296	0.63934	0.53624	0.47719	0.47497	0.44927	0.43564	0.4083
297	0.6381	0.53546	0.47611	0.47414	0.44853	0.43496	0.40732
298	0.63723	0.53501	0.47452	0.47319	0.44731	0.43428	0.40645
299	0.63673	0.53402	0.47317	0.47248	0.44599	0.43301	0.40532
300	0.636	0.53356	0.47224	0.47155	0.44472	0.43217	0.40452
301	0.63538	0.53361	0.47222	0.47118	0.44391	0.43185	0.40399
302	0.63469	0.5329	0.47084	0.47039	0.44299	0.43074	0.40307
303	0.63377	0.53218	0.47031	0.4698	0.44194	0.43011	0.40271
304	0.63272	0.53136	0.46933	0.46891	0.44142	0.42889	0.40184
305	0.63193	0.53064	0.46832	0.46843	0.44025	0.4282	0.4007
306	0.63123	0.5304	0.4678	0.46802	0.43978	0.42772	0.4005
307	0.6303	0.52971	0.46706	0.46717	0.43836	0.42699	0.39941
308	0.62967	0.52907	0.46631	0.4667	0.43766	0.4266	0.39912
309	0.62822	0.52836	0.46537	0.4659	0.43654	0.4258	0.39818
310	0.62709	0.52778	0.46468	0.46533	0.4364	0.42452	0.39718
311	0.62677	0.5278	0.46423	0.46514	0.43607	0.42398	0.39681
312	0.62581	0.52711	0.46355	0.46442	0.43475	0.42291	0.39621
313	0.62534	0.52676	0.46297	0.46423	0.43401	0.4222	0.39588
314	0.62482	0.5261	0.46208	0.46307	0.43298	0.42089	0.39481
315	0.62401	0.52556	0.46132	0.46218	0.43188	0.41987	0.394
316	0.62377	0.52519	0.46062	0.4616	0.43049	0.41944	0.39367
317	0.62316	0.52467	0.45964	0.46071	0.42957	0.41861	0.39274
318	0.62238	0.52432	0.45926	0.46006	0.42808	0.41812	0.39189
319	0.6211	0.52363	0.45842	0.45913	0.42691	0.41711	0.39078
320	0.62012	0.52334	0.45741	0.45849	0.42542	0.41616	0.38987
321	0.61977	0.52325	0.45709	0.4579	0.42424	0.41572	0.38936
322	0.61921	0.5218	0.45632	0.45693	0.42287	0.4146	0.38808
323	0.61854	0.5215	0.45565	0.45621	0.42191	0.41393	0.38752
324	0.61753	0.5211	0.45463	0.4555	0.42128	0.41285	0.38611
325	0.61712	0.5204	0.45403	0.4544	0.42037	0.41201	0.38527
326	0.61685	0.52028	0.45345	0.45362	0.42007	0.4116	0.38498
327	0.61623	0.51944	0.45229	0.45231	0.4193	0.41049	0.38394
328	0.61566	0.51906	0.45169	0.45161	0.4185	0.40987	0.38351
329	0.61469	0.51799	0.45105	0.45047	0.41742	0.4087	0.38235
330	0.61431	0.51729	0.44989	0.44946	0.41732	0.40795	0.38191
331	0.61385	0.51688	0.44927	0.44923	0.41706	0.40756	0.38158
332	0.6135	0.51548	0.44839	0.44831	0.41645	0.40659	0.38085
333	0.61307	0.51491	0.44769	0.44785	0.41562	0.40614	0.38049
334	0.61219	0.51408	0.44713	0.44711	0.41499	0.40519	0.37976
335	0.61137	0.51346	0.44635	0.44624	0.41331	0.40444	0.37916
336	0.61101	0.51312	0.44609	0.44602	0.41209	0.40398	0.37872
337	0.61032	0.51211	0.44479	0.4451	0.41129	0.40298	0.37781
338	0.60997	0.51176	0.44421	0.44474	0.40992	0.4025	0.37717
339	0.60911	0.51096	0.44316	0.44412	0.409	0.40158	0.37648
340	0.6083	0.51063	0.44232	0.44335	0.40765	0.40081	0.3762
341	0.60743	0.50999	0.44171	0.44335	0.40693	0.4003	0.37579
342	0.60664	0.50906	0.44045	0.44262	0.40587	0.39919	0.37456
343	0.60617	0.50828	0.43996	0.44228	0.40478	0.39914	0.37439
344	0.60532	0.50719	0.43876	0.44144	0.40386	0.39824	0.37358
345	0.60502	0.50665	0.43832	0.44072	0.40291	0.3976	0.37319
346	0.60496	0.50645	0.43809	0.4403	0.40259	0.39706	0.37277
347	0.60443	0.5056	0.43712	0.43938	0.40176	0.39594	0.37202
348	0.604	0.5042	0.43661	0.43915	0.40145	0.39567	0.37168
349	0.60335	0.50285	0.43578	0.43814	0.40065	0.39477	0.37098
350	0.60303	0.50236	0.43549	0.4377	0.40066	0.39399	0.37069
351	0.60258	0.50218	0.43489	0.43714	0.40019	0.39354	0.37029
352	0.60214	0.50144	0.43432	0.43614	0.39971	0.39277	0.36955
353	0.6019	0.50096	0.4336	0.43543	0.39918	0.39243	0.36913
354	0.60125	0.50037	0.4324	0.43415	0.39838	0.39163	0.36796
355	0.60098	0.4997	0.43159	0.43356	0.39721	0.39103	0.36743
356	0.60069	0.49942	0.43093	0.43301	0.39641	0.39033	0.36704
357	0.60018	0.49846	0.43011	0.43224	0.39562	0.38895	0.36623
358	0.59985	0.49814	0.42979	0.43171	0.39489	0.38864	0.36609
359	0.59899	0.49751	0.42853	0.43099	0.39403	0.38758	0.36518
360	0.5984	0.49701	0.42781	0.43017	0.39306	0.38715	0.36442
361	0.59784	0.49644	0.42701	0.42958	0.39217	0.38665	0.36371
362	0.59732	0.49582	0.42603	0.42887	0.39134	0.38545	0.36269
363	0.5972	0.49497	0.42521	0.428	0.39041	0.38524	0.36232
364	0.59634	0.49415	0.42417	0.42704	0.38958	0.38411	0.3611
365	0.59602	0.4934	0.42314	0.42611	0.38849	0.38363	0.36081
366	0.59569	0.49299	0.42263	0.42573	0.3881	0.38258	0.36047
367	0.59483	0.49203	0.42167	0.42482	0.38724	0.38158	0.35958
368	0.59436	0.49163	0.42073	0.42436	0.38697	0.38143	0.35939
369	0.59368	0.49092	0.4194	0.42333	0.38601	0.3803	0.35822
370	0.59329	0.49013	0.41859	0.42261	0.38613	0.37962	0.35772
371	0.59273	0.48961	0.41806	0.42178	0.38576	0.37914	0.35725
372	0.59211	0.48878	0.41722	0.42046	0.3851	0.37853	0.35626
373	0.59175	0.48836	0.41666	0.41992	0.38449	0.37815	0.3561
374	0.59104	0.4878	0.41569	0.41889	0.3836	0.37735	0.3554
375	0.59049	0.4871	0.41519	0.41831	0.38274	0.37662	0.35497
376	0.58994	0.48665	0.41514	0.41801	0.38181	0.37602	0.35457
377	0.58929	0.48586	0.41417	0.41696	0.38118	0.37543	0.3537
378	0.58895	0.48563	0.41376	0.41663	0.38065	0.37531	0.35358
379	0.588	0.48458	0.41262	0.4158	0.37976	0.37455	0.35261
380	0.5872	0.48432	0.41205	0.41535	0.37798	0.37389	0.35247
381	0.58659	0.48378	0.41118	0.41481	0.37677	0.37345	0.35213
382	0.58603	0.4831	0.41056	0.41383	0.37591	0.37288	0.35153
383	0.5857	0.48261	0.41003	0.41339	0.3752	0.37265	0.35137
384	0.58512	0.4819	0.40905	0.41254	0.37443	0.37181	0.35081
385	0.5843	0.48172	0.40832	0.41189	0.37347	0.37106	0.35012
386	0.58398	0.48123	0.40771	0.41132	0.37342	0.37035	0.34969
387	0.5832	0.48081	0.40648	0.41054	0.37242	0.36929	0.349
388	0.58294	0.4805	0.40601	0.40996	0.37204	0.36923	0.3491
389	0.5817	0.47973	0.40513	0.40931	0.37104	0.36856	0.34808
390	0.5812	0.47924	0.40459	0.40905	0.37117	0.36806	0.3475
391	0.58097	0.47884	0.4041	0.40862	0.37075	0.36783	0.34731
392	0.57985	0.47802	0.40303	0.40725	0.37022	0.36728	0.34649
393	0.57955	0.47752	0.40266	0.40667	0.3689	0.36711	0.34624
394	0.57878	0.47681	0.40149	0.40595	0.36833	0.36621	0.34553
395	0.57823	0.47617	0.4004	0.40483	0.36792	0.36574	0.345
396	0.5776	0.4759	0.40003	0.40446	0.36698	0.36539	0.34471
397	0.57712	0.47531	0.39898	0.40368	0.36588	0.36459	0.34361
398	0.57684	0.47504	0.39873	0.40306	0.3644	0.36425	0.34351
399	0.57602	0.47429	0.39746	0.40193	0.36337	0.36336	0.34285
400	0.57564	0.47373	0.39673	0.40125	0.36211	0.36282	0.34208
401	0.5752	0.47332	0.39628	0.40091	0.36114	0.36239	0.34141
402	0.57466	0.47249	0.39536	0.4	0.36005	0.36138	0.34063
403	0.57458	0.47226	0.3947	0.39972	0.35924	0.36113	0.34033
404	0.57377	0.47165	0.39365	0.39881	0.35871	0.36011	0.3395
405	0.57336	0.47096	0.39295	0.39757	0.35752	0.35944	0.33877
406	0.57269	0.47086	0.39246	0.3968	0.35742	0.35904	0.33851
407	0.57179	0.47015	0.39146	0.39571	0.35628	0.35798	0.33758
408	0.57169	0.46995	0.39103	0.39513	0.35601	0.35783	0.33729
409	0.57094	0.46917	0.38969	0.39419	0.35542	0.35667	0.3365
410	0.57045	0.46871	0.38867	0.39337	0.35549	0.35599	0.33583
411	0.57008	0.4683	0.38838	0.39283	0.35527	0.35529	0.3354
412	0.56918	0.46762	0.3874	0.39195	0.35457	0.35426	0.33474
413	0.56891	0.4671	0.38635	0.39139	0.35388	0.35423	0.33441
414	0.56816	0.46595	0.38568	0.39073	0.35364	0.35333	0.33361
415	0.56743	0.46507	0.38471	0.38977	0.35296	0.35261	0.33298
416	0.56727	0.46489	0.38445	0.38917	0.35247	0.35228	0.33268
417	0.56639	0.46433	0.38362	0.38786	0.35176	0.35142	0.33179
418	0.56629	0.46378	0.3835	0.38736	0.35038	0.35144	0.33144
419	0.56606	0.46323	0.38271	0.38665	0.34915	0.35094	0.33075
420	0.56505	0.46246	0.38157	0.38569	0.34784	0.35024	0.3301
421	0.56464	0.46221	0.38133	0.38503	0.34732	0.35008	0.32995
422	0.56374	0.46178	0.38036	0.38407	0.34637	0.34938	0.32898
423	0.56366	0.46134	0.38034	0.38337	0.34571	0.34936	0.32899
424	0.56282	0.46072	0.37942	0.38291	0.3451	0.34877	0.3283
425	0.56209	0.46001	0.37889	0.38236	0.34418	0.34822	0.32789
426	0.562	0.45951	0.37855	0.38193	0.34391	0.34809	0.32764
427	0.56114	0.45873	0.37754	0.38105	0.34308	0.34714	0.32688
428	0.56079	0.45882	0.37718	0.3807	0.34285	0.34697	0.32647
429	0.56025	0.45837	0.37624	0.38	0.34219	0.34631	0.32584
430	0.55925	0.45768	0.37536	0.37935	0.34198	0.34585	0.32525
431	0.55894	0.45748	0.37481	0.37881	0.34187	0.34583	0.32492
432	0.55838	0.45665	0.37395	0.37799	0.34169	0.34511	0.32386
433	0.55826	0.45642	0.37353	0.37736	0.34147	0.34499	0.32374
434	0.55729	0.45554	0.37286	0.37638	0.34091	0.34438	0.32297
435	0.5562	0.4547	0.37198	0.37559	0.3403	0.3438	0.32241
436	0.55561	0.45433	0.37143	0.37485	0.3396	0.34338	0.32209
437	0.55471	0.45336	0.37032	0.37402	0.3389	0.34236	0.32114
438	0.55458	0.45302	0.36995	0.37378	0.3378	0.34217	0.32089
439	0.5537	0.45227	0.36908	0.37315	0.3366	0.34154	0.32001
440	0.5533	0.45155	0.36832	0.37227	0.33584	0.34059	0.31914
441	0.55304	0.45137	0.36774	0.37159	0.33467	0.34041	0.31868
442	0.55211	0.45047	0.3666	0.37064	0.33395	0.33943	0.31779
443	0.55188	0.45032	0.36629	0.37015	0.33357	0.339	0.31749
444	0.5514	0.44972	0.36532	0.36901	0.33313	0.33827	0.31679
445	0.55059	0.44914	0.36462	0.36823	0.33234	0.33749	0.31579
446	0.55006	0.44902	0.36377	0.36758	0.33246	0.33722	0.31554
447	0.54898	0.44833	0.36269	0.36671	0.33188	0.3363	0.31462
448	0.54863	0.4482	0.3621	0.36638	0.33188	0.33607	0.31446
449	0.54818	0.44756	0.36091	0.36577	0.33129	0.33529	0.31389
450	0.54752	0.44686	0.36002	0.36496	0.33125	0.33489	0.31335
451	0.54711	0.4465	0.35956	0.36456	0.33123	0.33462	0.31313
452	0.54646	0.4456	0.35865	0.36329	0.33094	0.3336	0.31239
453	0.54625	0.44505	0.35857	0.36317	0.33045	0.33351	0.31208
454	0.54583	0.44443	0.35808	0.36248	0.32999	0.33286	0.31142
455	0.54491	0.44372	0.35753	0.36157	0.32932	0.33238	0.3107
456	0.5445	0.44328	0.35689	0.36136	0.32895	0.33229	0.31047
457	0.54403	0.44265	0.35558	0.36035	0.32844	0.3316	0.30969
458	0.54387	0.44233	0.35491	0.35978	0.32786	0.33125	0.30953
459	0.54364	0.44197	0.35412	0.35916	0.32656	0.33095	0.30899
460	0.54291	0.44141	0.35321	0.35819	0.32577	0.3304	0.30839
461	0.5426	0.44123	0.35269	0.35785	0.32507	0.33034	0.30824
462	0.54196	0.44068	0.35149	0.3571	0.32433	0.32943	0.30756
463	0.54189	0.4404	0.35118	0.35673	0.32364	0.32934	0.30756
464	0.54165	0.44006	0.35072	0.35613	0.32346	0.32904	0.30742
465	0.54082	0.43934	0.34965	0.35569	0.32265	0.32856	0.30686
466	0.5405	0.43889	0.34915	0.35513	0.32241	0.32842	0.30647
467	0.53993	0.43814	0.34843	0.35441	0.32185	0.32753	0.3057
468	0.53986	0.43789	0.34795	0.35429	0.32169	0.3272	0.30566
469	0.53946	0.43751	0.34732	0.35396	0.32112	0.3268	0.30541
470	0.53907	0.43715	0.34656	0.35328	0.32128	0.32644	0.30488
471	0.53857	0.43675	0.34607	0.35293	0.32123	0.32633	0.30458
472	0.53767	0.43579	0.34484	0.35181	0.32077	0.32565	0.30377
473	0.53722	0.43542	0.34463	0.3513	0.32033	0.3254	0.30362
474	0.53683	0.4351	0.34397	0.35075	0.31974	0.32512	0.30308
475	0.536	0.43453	0.34304	0.35009	0.31911	0.32457	0.30258
476	0.53566	0.43428	0.34274	0.34956	0.31868	0.32447	0.30239
477	0.53452	0.4335	0.34186	0.34885	0.31779	0.32364	0.30148
478	0.5343	0.43289	0.34152	0.3486	0.31665	0.32336	0.30139
479	0.53385	0.43232	0.34085	0.34818	0.31557	0.32298	0.30097
480	0.53307	0.4316	0.33992	0.34708	0.31473	0.32243	0.30042
481	0.53268	0.43151	0.33952	0.3465	0.31408	0.32214	0.30035
482	0.53182	0.43078	0.33849	0.34549	0.31325	0.32133	0.29944
483	0.53158	0.43029	0.33818	0.34512	0.3124	0.32124	0.29922
484	0.53083	0.43005	0.33769	0.34468	0.31204	0.32063	0.29881
485	0.53016	0.42923	0.33686	0.34428	0.31152	0.32005	0.29834
486	0.52971	0.42879	0.3364	0.34379	0.31134	0.31981	0.29814
487	0.52914	0.42779	0.33532	0.34299	0.31058	0.31894	0.29705
488	0.52896	0.42697	0.33493	0.34241	0.31079	0.31887	0.29686
489	0.52839	0.42665	0.33441	0.34156	0.31004	0.31851	0.29653
490	0.52758	0.42594	0.3331	0.3408	0.31016	0.31799	0.2961
491	0.52745	0.42546	0.33259	0.34041	0.30981	0.31776	0.29585
492	0.52633	0.42451	0.3316	0.33962	0.30928	0.31699	0.29531
493	0.52609	0.42396	0.33119	0.33927	0.30902	0.31703	0.29508
494	0.52574	0.42347	0.33059	0.33852	0.30838	0.31661	0.29477
495	0.52489	0.42291	0.32999	0.33764	0.30779	0.3161	0.29413
496	0.52454	0.42266	0.32956	0.33719	0.30737	0.31595	0.29387
497	0.52373	0.42179	0.32848	0.33646	0.30646	0.31503	0.29309
498	0.52358	0.42147	0.32833	0.33628	0.30474	0.31499	0.2931
499	0.52317	0.42098	0.3278	0.33584	0.30387	0.31481	0.29274
500	0.52292	0.42059	0.32714	0.33498	0.30324	0.3146	0.29232
501	0.52289	0.41999	0.32661	0.33441	0.30245	0.31454	0.29216
502	0.5223	0.41969	0.32596	0.33343	0.30179	0.31378	0.29137
503	0.52237	0.41931	0.32566	0.3331	0.30139	0.31376	0.29138
504	0.52209	0.41888	0.32531	0.33255	0.30087	0.31346	0.29123
505	0.52193	0.41855	0.32478	0.33213	0.30028	0.31301	0.29091
506	0.5217	0.41811	0.32426	0.33178	0.30003	0.31269	0.29069
507	0.52095	0.41736	0.32344	0.33084	0.29959	0.31223	0.29008
508	0.52104	0.41697	0.32302	0.33038	0.29983	0.31198	0.28988
509	0.52074	0.41673	0.32255	0.32989	0.29935	0.31171	0.28961
510	0.52017	0.41626	0.3219	0.32944	0.2992	0.31138	0.28924
511	0.51997	0.41593	0.32154	0.32912	0.29888	0.3112	0.28906
512	0.51899	0.41538	0.3205	0.32856	0.29844	0.31058	0.28823
513	0.51909	0.41519	0.32021	0.32841	0.29802	0.31052	0.28789
514	0.51848	0.41487	0.31959	0.32794	0.29744	0.31016	0.28762
515	0.51799	0.41444	0.31872	0.32727	0.29676	0.30965	0.28717
516	0.51729	0.41407	0.31817	0.32694	0.29639	0.30921	0.28695
517	0.51608	0.41358	0.3173	0.32636	0.29594	0.30826	0.28623
518	0.51622	0.41333	0.31615	0.32567	0.29455	0.30809	0.28603
519	0.5158	0.41276	0.31559	0.32505	0.29352	0.30774	0.28581
520	0.5154	0.41224	0.31495	0.32442	0.29217	0.30721	0.28533
521	0.51504	0.41164	0.31443	0.32388	0.29159	0.30702	0.28496
522	0.51405	0.41112	0.31317	0.32301	0.29091	0.30616	0.28416
523	0.51397	0.41089	0.31218	0.32257	0.2901	0.30596	0.28392
524	0.5137	0.41048	0.31167	0.32184	0.28974	0.30555	0.28351
525	0.51307	0.40978	0.31105	0.32125	0.28913	0.3049	0.28293
526	0.5127	0.40899	0.31057	0.32067	0.28883	0.30468	0.28259
527	0.51181	0.40823	0.30983	0.31981	0.28794	0.30385	0.28165
528	0.51165	0.40761	0.30942	0.31954	0.28802	0.30349	0.28139
529	0.51132	0.4072	0.30909	0.31919	0.28737	0.30312	0.28106
530	0.51084	0.40692	0.30827	0.31867	0.28719	0.30264	0.28055
531	0.51057	0.40676	0.30806	0.31833	0.28684	0.30221	0.28031
532	0.50978	0.40599	0.30715	0.31757	0.28631	0.30134	0.2794
533	0.50965	0.40557	0.3065	0.31723	0.2858	0.30127	0.27922
534	0.50945	0.40522	0.30587	0.31699	0.28516	0.30125	0.2791
535	0.50885	0.4049	0.30528	0.31632	0.28473	0.30063	0.27855
536	0.50847	0.4045	0.30506	0.31588	0.28387	0.3002	0.27844
537	0.50769	0.40375	0.30448	0.3152	0.28312	0.29942	0.2776
538	0.50733	0.40354	0.30423	0.31486	0.28246	0.29928	0.27768
539	0.5072	0.40326	0.3037	0.31455	0.28127	0.29922	0.27754
540	0.50656	0.40269	0.30338	0.31397	0.28046	0.29885	0.27704
541	0.5063	0.40256	0.30312	0.31392	0.27968	0.29851	0.27693
542	0.50521	0.40186	0.30236	0.31313	0.27879	0.29786	0.27633
543	0.50514	0.40161	0.30207	0.31302	0.27829	0.29775	0.27618
544	0.50511	0.40106	0.30177	0.31293	0.27801	0.29771	0.27591
545	0.50423	0.40049	0.30148	0.31252	0.27776	0.29735	0.27546
546	0.50423	0.40038	0.30116	0.31218	0.27785	0.29728	0.27539
547	0.50343	0.39975	0.30023	0.3113	0.27734	0.29649	0.27454
548	0.50353	0.39967	0.30019	0.31086	0.27759	0.29635	0.2743
549	0.50339	0.39941	0.29966	0.31035	0.27711	0.29619	0.2742
550	0.50245	0.39906	0.29913	0.30991	0.27703	0.29566	0.27366
551	0.50233	0.39877	0.29877	0.30952	0.27652	0.29543	0.27343
552	0.50154	0.39818	0.29815	0.30857	0.27611	0.29469	0.27259
553	0.50127	0.39789	0.29782	0.30816	0.27556	0.29443	0.27238
554	0.50093	0.39751	0.29685	0.30785	0.2748	0.29424	0.27232
555	0.49965	0.39723	0.29637	0.30704	0.27393	0.29355	0.27147
556	0.49912	0.39701	0.29584	0.30665	0.27376	0.29327	0.27123
557	0.49814	0.39647	0.29476	0.30573	0.27259	0.29236	0.27046
558	0.49758	0.39622	0.29429	0.3054	0.27163	0.29214	0.27031
559	0.49687	0.39596	0.29384	0.30482	0.2704	0.29187	0.27014
560	0.49586	0.39554	0.29318	0.3041	0.26939	0.29121	0.26955
561	0.49532	0.39531	0.29292	0.30375	0.26905	0.29087	0.26926
562	0.49425	0.39473	0.29202	0.30293	0.26841	0.28991	0.26845
563	0.49401	0.39448	0.29166	0.3027	0.26795	0.28973	0.26822
564	0.49355	0.39407	0.2913	0.30223	0.26754	0.28941	0.26807
565	0.49234	0.3936	0.2907	0.30172	0.26724	0.28888	0.2672
566	0.49203	0.39335	0.29029	0.30142	0.26702	0.28854	0.26679
567	0.49131	0.39268	0.28935	0.30061	0.26661	0.28767	0.26599
568	0.49108	0.39244	0.28895	0.30042	0.26694	0.28759	0.26573
569	0.49051	0.39198	0.28843	0.30005	0.26644	0.28722	0.26531
570	0.48979	0.39134	0.28777	0.29944	0.26641	0.28668	0.26477
571	0.4892	0.39088	0.28747	0.29902	0.26595	0.28646	0.26447
572	0.48829	0.3902	0.28706	0.29855	0.2657	0.28594	0.26396
573	0.48792	0.39001	0.28653	0.29852	0.26516	0.2856	0.2639
574	0.48731	0.38956	0.28629	0.29829	0.26453	0.28541	0.26392
575	0.48593	0.38892	0.28569	0.29768	0.26382	0.28499	0.26358
576	0.48558	0.38836	0.28526	0.29744	0.26342	0.28466	0.26326
577	0.48491	0.38815	0.28447	0.29676	0.26226	0.28411	0.26266
578	0.48437	0.38786	0.28412	0.29637	0.2611	0.28396	0.26258
579	0.48389	0.38746	0.28392	0.29611	0.25968	0.28403	0.26239
580	0.48311	0.38713	0.28337	0.29544	0.25898	0.28356	0.262
581	0.48296	0.38663	0.28301	0.29509	0.25831	0.28335	0.26175
582	0.48228	0.38612	0.28259	0.29467	0.25779	0.28284	0.26128
583	0.48196	0.38585	0.28241	0.29463	0.25746	0.28248	0.26113
584	0.48206	0.38551	0.28212	0.29453	0.25715	0.28242	0.26105
585	0.48109	0.38505	0.28149	0.2939	0.25688	0.2821	0.26064
586	0.48089	0.3849	0.28111	0.29379	0.25677	0.282	0.26022
587	0.48038	0.38439	0.28044	0.29327	0.25667	0.2815	0.25973
588	0.48034	0.38406	0.28021	0.29302	0.25683	0.28128	0.25947
589	0.48024	0.38406	0.28001	0.2928	0.25639	0.28139	0.25931
590	0.47922	0.38374	0.27939	0.29241	0.25633	0.28098	0.25889
591	0.47888	0.38338	0.27918	0.29194	0.25607	0.28063	0.25873
592	0.47819	0.38313	0.27875	0.29125	0.25574	0.28006	0.25812
593	0.4779	0.38285	0.27857	0.29099	0.25517	0.27946	0.25783
594	0.47748	0.38257	0.27824	0.29056	0.25472	0.27949	0.25782
595	0.47665	0.38205	0.2778	0.28993	0.2537	0.27901	0.25751
596	0.47627	0.38187	0.27755	0.28958	0.25349	0.27866	0.25704
597	0.47589	0.38108	0.27684	0.28876	0.25254	0.27812	0.25664
598	0.47546	0.38077	0.27642	0.28827	0.25172	0.27768	0.25634
599	0.47483	0.38067	0.27633	0.28793	0.25054	0.27781	0.25622
600	0.47371	0.38019	0.27556	0.28731	0.24981	0.27725	0.25561
601	0.47328	0.37967	0.27521	0.28675	0.24901	0.27671	0.25517
602	0.47256	0.37924	0.27437	0.28594	0.24839	0.27611	0.25457
603	0.47231	0.37897	0.27394	0.28559	0.24819	0.27561	0.25411
604	0.47203	0.37876	0.27349	0.28545	0.24811	0.27547	0.25394
605	0.47077	0.37823	0.27297	0.28508	0.2478	0.27474	0.25351
606	0.47035	0.37781	0.27274	0.28466	0.24771	0.27441	0.25326
607	0.4699	0.37739	0.27201	0.28391	0.24747	0.27378	0.25255
608	0.46973	0.37699	0.27153	0.28337	0.24772	0.27361	0.25213
609	0.4694	0.37665	0.27143	0.28348	0.24747	0.27368	0.2521
610	0.46857	0.37636	0.27107	0.28293	0.2477	0.27322	0.25158
611	0.46831	0.37585	0.27062	0.28268	0.24727	0.27294	0.25143
612	0.46784	0.3752	0.27013	0.28203	0.24688	0.27244	0.2509
613	0.46768	0.37487	0.26977	0.28142	0.24637	0.27224	0.25051
614	0.46728	0.37466	0.26977	0.28144	0.24564	0.2724	0.25056
615	0.4665	0.37428	0.26935	0.28039	0.24479	0.27192	0.25023
616	0.46623	0.374	0.26914	0.2801	0.24438	0.27183	0.24998
617	0.4655	0.3734	0.26863	0.27948	0.24333	0.27134	0.2495
618	0.46538	0.37314	0.2684	0.27919	0.24256	0.2709	0.24921
619	0.46492	0.37292	0.26844	0.279	0.24139	0.27086	0.24936
620	0.46357	0.37282	0.2676	0.27842	0.24069	0.27047	0.24909
621	0.46339	0.37262	0.26736	0.27819	0.24044	0.27037	0.24898
622	0.46301	0.372	0.26671	0.27761	0.23996	0.26993	0.24844
623	0.46293	0.37176	0.26634	0.27744	0.23978	0.26967	0.24815
624	0.46286	0.3714	0.26628	0.27747	0.23971	0.26975	0.24822
625	0.46215	0.37112	0.26606	0.277	0.23972	0.26944	0.24793
626	0.46188	0.37107	0.26582	0.27657	0.23978	0.26929	0.24783
627	0.46141	0.37073	0.26525	0.27585	0.23964	0.26879	0.24755
628	0.46125	0.3707	0.26488	0.27539	0.23943	0.26853	0.24728
629	0.46071	0.37042	0.2648	0.27546	0.23919	0.26865	0.24753
630	0.45981	0.37019	0.26426	0.2747	0.23934	0.26817	0.24725
631	0.45911	0.36957	0.26417	0.27467	0.2389	0.26807	0.24694
632	0.45863	0.36894	0.26375	0.27398	0.23815	0.26747	0.24653
633	0.45838	0.36857	0.263	0.27372	0.23792	0.26713	0.24622
634	0.45815	0.36846	0.26269	0.27342	0.23709	0.2672	0.24608
635	0.45756	0.36807	0.26214	0.27304	0.23633	0.26681	0.24563
636	0.45685	0.36778	0.26188	0.27272	0.23597	0.26646	0.24544
637	0.45625	0.3674	0.26111	0.27188	0.23499	0.26611	0.24499
638	0.45581	0.36676	0.26084	0.2714	0.23407	0.26564	0.24463
639	0.45559	0.36623	0.26044	0.27123	0.23308	0.26549	0.24461
640	0.45461	0.36584	0.25995	0.27069	0.23252	0.26501	0.24414
641	0.45427	0.36562	0.25968	0.2701	0.23218	0.26472	0.24384
642	0.45374	0.36519	0.25904	0.26942	0.2315	0.26419	0.24326
643	0.45329	0.36467	0.2587	0.26892	0.23139	0.26358	0.24294
644	0.45259	0.36423	0.25848	0.26864	0.23111	0.26358	0.24283
645	0.45149	0.36374	0.2578	0.26804	0.231	0.26304	0.24239
646	0.45114	0.36343	0.25734	0.2677	0.23106	0.26273	0.24211
647	0.45055	0.36325	0.25694	0.26716	0.23106	0.2623	0.24168
648	0.45029	0.36284	0.25664	0.2667	0.23134	0.26211	0.24135
649	0.44988	0.36257	0.25668	0.26661	0.2312	0.26211	0.24146
650	0.44905	0.36212	0.25621	0.2659	0.23127	0.26179	0.24108
651	0.44839	0.36179	0.25566	0.26551	0.23089	0.26154	0.24094
652	0.44814	0.3615	0.25512	0.26521	0.23029	0.26105	0.24061
653	0.44776	0.36101	0.2549	0.26476	0.22993	0.26057	0.24028
654	0.44753	0.36075	0.25462	0.26469	0.22953	0.26063	0.24029
655	0.44662	0.36038	0.25389	0.26429	0.22853	0.26025	0.23994
656	0.44631	0.35999	0.25364	0.26409	0.22819	0.26007	0.23957
657	0.44612	0.35939	0.25317	0.26366	0.22703	0.25966	0.23931
658	0.44589	0.35925	0.25262	0.26338	0.22634	0.25939	0.23918
659	0.44566	0.35923	0.25238	0.26334	0.22525	0.25959	0.23914
660	0.44496	0.35875	0.25193	0.26294	0.2247	0.25916	0.2387
661	0.44479	0.35846	0.25177	0.26257	0.22449	0.25897	0.23846
662	0.44432	0.35794	0.25142	0.26227	0.22375	0.25873	0.23828
663	0.44403	0.35764	0.25123	0.26191	0.2236	0.25845	0.23814
664	0.44365	0.35738	0.25129	0.26184	0.2236	0.25869	0.23833
665	0.44309	0.35713	0.25097	0.26151	0.22344	0.25851	0.23804
666	0.44255	0.35692	0.25059	0.26109	0.22368	0.25839	0.23784
667	0.44223	0.35657	0.24994	0.2607	0.22378	0.25825	0.23776
668	0.44214	0.35645	0.24969	0.26042	0.22392	0.25808	0.23755
669	0.44167	0.35632	0.24929	0.26051	0.22392	0.25818	0.23758
670	0.44088	0.35611	0.24885	0.26019	0.2235	0.25778	0.2373
671	0.44023	0.35582	0.24848	0.25988	0.22305	0.25731	0.23689
672	0.4399	0.3555	0.24806	0.25951	0.22258	0.257	0.23674
673	0.43964	0.3552	0.24768	0.25939	0.22217	0.25678	0.23644
674	0.43944	0.35492	0.24736	0.25927	0.2215	0.25676	0.23645
675	0.43863	0.35444	0.24682	0.25885	0.22038	0.2564	0.23598
676	0.43796	0.35389	0.24653	0.25848	0.22013	0.25593	0.23561
677	0.43766	0.35365	0.24617	0.25788	0.21924	0.25558	0.2354
678	0.43748	0.35333	0.24582	0.25752	0.21877	0.25513	0.2348
679	0.4373	0.35308	0.24566	0.25735	0.21775	0.25514	0.23488
680	0.43637	0.35286	0.24524	0.25673	0.21733	0.25471	0.23439
681	0.43565	0.35247	0.24455	0.25606	0.21701	0.25424	0.23396
682	0.43497	0.35203	0.24415	0.25554	0.21667	0.2539	0.23351
683	0.43462	0.3517	0.24358	0.25532	0.21663	0.2536	0.23331
684	0.43423	0.35136	0.2432	0.25507	0.2165	0.25346	0.23322
685	0.43349	0.35118	0.24283	0.25439	0.21629	0.25312	0.23283
686	0.43279	0.35076	0.2425	0.254	0.21643	0.25253	0.23244
687	0.43206	0.3504	0.24219	0.25335	0.2165	0.25223	0.23216
688	0.43162	0.35001	0.242	0.25286	0.21657	0.25193	0.23182
689	0.43131	0.34985	0.24176	0.25279	0.21658	0.25197	0.23188
690	0.4306	0.34962	0.24122	0.25228	0.21658	0.25162	0.23136
691	0.4298	0.34943	0.24105	0.25181	0.21631	0.25134	0.23111
692	0.4294	0.34905	0.24069	0.25136	0.21584	0.25109	0.2308
693	0.42932	0.34869	0.24053	0.25122	0.21531	0.25088	0.2305
694	0.42917	0.34862	0.24046	0.2512	0.21467	0.25075	0.23038
695	0.42833	0.3482	0.23992	0.25053	0.21374	0.25047	0.22989
696	0.42734	0.34775	0.23955	0.25017	0.21361	0.25024	0.22964
697	0.42718	0.34745	0.23908	0.24989	0.21284	0.24992	0.22941
698	0.42711	0.34729	0.23875	0.24973	0.21241	0.2498	0.22924
699	0.42669	0.34719	0.23864	0.24969	0.21142	0.24988	0.2292
700	0.4259	0.34685	0.23841	0.24935	0.21138	0.2495	0.22891
701	0.42521	0.34632	0.23825	0.2491	0.21102	0.2492	0.22866
702	0.42495	0.34595	0.23777	0.24877	0.21074	0.24899	0.22863
703	0.42494	0.3456	0.23757	0.24859	0.2109	0.24887	0.22857
704	0.42465	0.34548	0.23729	0.24864	0.21059	0.24909	0.22876
705	0.42419	0.34519	0.23711	0.24824	0.21048	0.24878	0.2285
706	0.42367	0.34492	0.23643	0.24797	0.2107	0.2485	0.22814
707	0.42301	0.34479	0.2362	0.24772	0.21065	0.24834	0.22802
708	0.42298	0.34458	0.23608	0.24773	0.21054	0.24819	0.22798
709	0.42277	0.34437	0.23582	0.24772	0.21065	0.24811	0.22798
710	0.42242	0.34409	0.23536	0.24721	0.21043	0.24777	0.22771
711	0.42197	0.34373	0.23503	0.24692	0.21005	0.24738	0.22737
712	0.42128	0.3435	0.23461	0.24646	0.2096	0.24716	0.22707
713	0.42093	0.34302	0.2344	0.24621	0.2091	0.24675	0.22678
714	0.42062	0.34298	0.23424	0.24602	0.20847	0.24675	0.22668
715	0.41983	0.34246	0.23372	0.2454	0.20789	0.24623	0.22618
716	0.41914	0.34205	0.23324	0.24512	0.2076	0.24584	0.22582
717	0.41887	0.34162	0.2327	0.24479	0.20675	0.24548	0.22555
718	0.41878	0.34118	0.23239	0.24445	0.20619	0.24523	0.2254
719	0.4188	0.3408	0.23216	0.24432	0.20532	0.24524	0.22532
720	0.41795	0.34026	0.23171	0.24363	0.2053	0.24478	0.2247
721	0.41715	0.33969	0.23109	0.24311	0.2053	0.24444	0.22425
722	0.41668	0.3393	0.23069	0.24282	0.20502	0.24421	0.22387
723	0.4166	0.33917	0.23033	0.24238	0.2052	0.24407	0.22353
724	0.41626	0.33869	0.23001	0.24229	0.20508	0.24406	0.22342
725	0.41523	0.33842	0.22956	0.24194	0.20504	0.24364	0.22303
726	0.41444	0.33788	0.2291	0.24166	0.20528	0.24336	0.22268
727	0.41378	0.33758	0.22877	0.24148	0.20508	0.24328	0.22261
728	0.41338	0.33732	0.22846	0.24108	0.20529	0.24321	0.22237
729	0.41313	0.33719	0.2285	0.24103	0.20537	0.24311	0.22235
730	0.41207	0.33701	0.22821	0.24089	0.20517	0.24265	0.22194
731	0.4115	0.33671	0.22783	0.2407	0.2047	0.24244	0.22161
732	0.41089	0.3364	0.22762	0.24053	0.20398	0.24239	0.2215
733	0.4108	0.33613	0.22723	0.24042	0.20336	0.24215	0.22144
734	0.41032	0.33596	0.22731	0.24013	0.20275	0.24217	0.22151
735	0.40963	0.33561	0.22693	0.23958	0.20189	0.24185	0.22125
736	0.40922	0.33557	0.2266	0.23913	0.20161	0.24184	0.2209
737	0.40893	0.3352	0.22608	0.23879	0.20057	0.24178	0.22071
738	0.40851	0.33495	0.22593	0.23849	0.19989	0.24156	0.22059
739	0.4082	0.33478	0.22589	0.23839	0.19914	0.24146	0.22055
740	0.40738	0.33422	0.22561	0.23776	0.19927	0.24105	0.2203
741	0.40686	0.33368	0.22545	0.23722	0.19908	0.24081	0.21999
742	0.40621	0.33308	0.22514	0.23668	0.19876	0.24057	0.2199
743	0.40588	0.33273	0.22488	0.23635	0.19893	0.24041	0.21962
744	0.40561	0.33257	0.22465	0.23615	0.19908	0.24015	0.21973
745	0.40499	0.33242	0.22412	0.23566	0.19905	0.23978	0.21936
746	0.40457	0.33214	0.2239	0.23543	0.19931	0.23942	0.21915
747	0.40417	0.3319	0.22362	0.23518	0.19932	0.23921	0.21902
748	0.40394	0.33147	0.22355	0.2348	0.19951	0.23903	0.21891
749	0.40371	0.33117	0.22335	0.23447	0.1993	0.23882	0.21878
750	0.40296	0.33091	0.2228	0.23408	0.1992	0.23834	0.21839
751	0.40235	0.33051	0.22256	0.23375	0.19889	0.23808	0.21812
752	0.40197	0.33029	0.22218	0.23326	0.1984	0.23782	0.21789
753	0.40174	0.32995	0.22171	0.23293	0.19802	0.23765	0.21752
754	0.40151	0.32974	0.22136	0.23269	0.19744	0.23738	0.21753
755	0.40073	0.32945	0.22087	0.23202	0.19658	0.23689	0.21708
756	0.40022	0.32911	0.22062	0.23174	0.19617	0.23656	0.21674
757	0.39984	0.32881	0.2203	0.23145	0.19507	0.23628	0.21652
758	0.39955	0.32836	0.22001	0.23119	0.19461	0.23585	0.21625
759	0.3993	0.32815	0.21983	0.2311	0.19372	0.23574	0.21615
760	0.39836	0.32795	0.21919	0.23057	0.19368	0.23532	0.21559
761	0.39774	0.32777	0.21896	0.2301	0.1934	0.23505	0.2154
762	0.39745	0.32748	0.21865	0.22969	0.1931	0.23486	0.21524
763	0.39709	0.32737	0.21853	0.22941	0.19327	0.23461	0.21498
764	0.39656	0.32724	0.21855	0.22929	0.19319	0.23453	0.21505
765	0.3957	0.32701	0.21796	0.22876	0.19308	0.23417	0.21448
766	0.3952	0.32678	0.21787	0.22854	0.19326	0.23402	0.21424
767	0.39488	0.32657	0.21768	0.22824	0.19319	0.23384	0.21411
768	0.39475	0.32616	0.21734	0.22808	0.19327	0.23353	0.21391
769	0.39442	0.32591	0.21739	0.22807	0.19324	0.23336	0.21388
770	0.39365	0.32578	0.21687	0.22754	0.1931	0.23297	0.2135
771	0.39324	0.32556	0.21677	0.22743	0.19277	0.23282	0.21344
772	0.39288	0.32531	0.2168	0.22705	0.19226	0.23271	0.2134
773	0.39259	0.32494	0.21649	0.2269	0.19181	0.23249	0.21319
774	0.39222	0.32449	0.21632	0.22672	0.1912	0.2324	0.21322
775	0.39178	0.32422	0.21605	0.22634	0.19043	0.23211	0.21299
776	0.3915	0.32419	0.21585	0.22615	0.18995	0.23212	0.21303
777	0.39134	0.32391	0.21547	0.22594	0.1892	0.23197	0.21303
778	0.39096	0.3238	0.21515	0.2257	0.18865	0.23188	0.21286
779	0.39057	0.32367	0.21491	0.22558	0.18808	0.23184	0.21287
780	0.39001	0.32336	0.21465	0.22519	0.18827	0.23149	0.21247
781	0.38936	0.32323	0.21452	0.22501	0.18812	0.2315	0.21235
782	0.38875	0.32297	0.21424	0.22477	0.18782	0.23143	0.2122
783	0.38819	0.32249	0.21398	0.22423	0.18795	0.23117	0.21201
784	0.38775	0.32208	0.21386	0.22405	0.1878	0.23099	0.2118
785	0.38734	0.32183	0.2135	0.22364	0.18775	0.2306	0.21143
786	0.38701	0.32176	0.21328	0.22355	0.18797	0.23039	0.21135
787	0.38633	0.32134	0.21298	0.22308	0.18799	0.23015	0.2111
788	0.38583	0.32081	0.21255	0.22283	0.18802	0.22993	0.21102
789	0.38482	0.32064	0.21207	0.22261	0.18796	0.22971	0.21082
790	0.38413	0.32011	0.21185	0.22233	0.18751	0.2293	0.21055
791	0.38345	0.31979	0.21177	0.22229	0.18725	0.22919	0.21043
792	0.38272	0.31924	0.21135	0.22185	0.18671	0.22892	0.21011
793	0.38239	0.3189	0.2109	0.22148	0.18632	0.22878	0.20989
794	0.38143	0.3187	0.21029	0.22103	0.18576	0.22841	0.20961
795	0.38093	0.31839	0.20978	0.22058	0.18494	0.22796	0.20937
796	0.38017	0.31812	0.20948	0.22036	0.18464	0.22778	0.20924
797	0.37965	0.31785	0.20922	0.21995	0.18366	0.22744	0.20903
798	0.37928	0.31751	0.20876	0.21942	0.18312	0.22727	0.20888
799	0.37858	0.31695	0.20834	0.219	0.18212	0.22694	0.20853
800	0.3783	0.31669	0.2081	0.21879	0.18206	0.22664	0.20837
801	0.37748	0.31635	0.20801	0.2186	0.18212	0.22653	0.20823
802	0.37713	0.31592	0.20773	0.21833	0.18196	0.226	0.20804
803	0.37708	0.31561	0.20751	0.21834	0.18212	0.2259	0.20807
804	0.37638	0.31527	0.20731	0.21807	0.18231	0.22575	0.20781
805	0.37621	0.31497	0.20708	0.21766	0.18236	0.22559	0.20765
806	0.37592	0.31481	0.20684	0.21758	0.18252	0.2254	0.20758
807	0.37532	0.31451	0.20645	0.21726	0.18262	0.22511	0.20741
808	0.3751	0.31449	0.20649	0.21725	0.18278	0.22513	0.20746
809	0.37437	0.31413	0.20619	0.21688	0.18255	0.22499	0.20712
810	0.37409	0.31395	0.20597	0.21659	0.18229	0.22471	0.20704
811	0.37372	0.31383	0.20584	0.21644	0.1818	0.22458	0.20695
812	0.37356	0.3134	0.20577	0.21622	0.18129	0.22428	0.20688
813	0.37323	0.31314	0.20558	0.21617	0.18078	0.22416	0.20698
814	0.37285	0.31285	0.2054	0.21597	0.18019	0.22393	0.20686
815	0.37264	0.31281	0.20516	0.21571	0.17939	0.22372	0.20672
816	0.37202	0.31269	0.20509	0.21565	0.17921	0.22371	0.20666
817	0.37151	0.31236	0.20461	0.21538	0.17844	0.22356	0.2066
818	0.37138	0.31201	0.20447	0.21536	0.17765	0.22355	0.20655
819	0.37125	0.31177	0.20425	0.21515	0.17712	0.22341	0.20639
820	0.37112	0.31136	0.20389	0.21494	0.17727	0.22313	0.20616
821	0.37076	0.31119	0.20355	0.21474	0.17741	0.22298	0.20608
822	0.37028	0.3108	0.20343	0.21445	0.17723	0.22283	0.20588
823	0.37002	0.31057	0.20326	0.21421	0.17743	0.22278	0.20577
824	0.36944	0.31011	0.20295	0.21378	0.17738	0.22251	0.20556
825	0.36931	0.30989	0.20275	0.21354	0.17753	0.22231	0.20535
826	0.3688	0.30977	0.20255	0.21326	0.1778	0.22211	0.20531
827	0.36811	0.30946	0.20221	0.21286	0.1778	0.22182	0.20515
828	0.36734	0.30911	0.20208	0.21262	0.17788	0.2217	0.20512
829	0.36685	0.30895	0.2018	0.21235	0.17778	0.22118	0.20473
830	0.36656	0.3087	0.20159	0.21198	0.17748	0.22092	0.2045
831	0.36625	0.30835	0.20128	0.21181	0.17697	0.22074	0.20436
832	0.36596	0.30813	0.20095	0.21141	0.17631	0.22053	0.20415
833	0.36585	0.30779	0.20054	0.21114	0.17571	0.22047	0.20399
834	0.36495	0.30748	0.20021	0.21078	0.17501	0.22018	0.20367
835	0.36457	0.30731	0.20001	0.21046	0.17404	0.2199	0.20346
836	0.36407	0.307	0.1998	0.21027	0.17381	0.21978	0.20336
837	0.36376	0.30679	0.19945	0.20996	0.17278	0.21946	0.20311
838	0.36343	0.3065	0.19943	0.20981	0.1725	0.21941	0.20302
839	0.36278	0.30613	0.19876	0.20927	0.17177	0.21909	0.20263
840	0.36246	0.3058	0.19837	0.20899	0.17197	0.2188	0.20246
841	0.3617	0.30561	0.19814	0.20889	0.17203	0.21862	0.20224
842	0.36136	0.30526	0.19795	0.20869	0.17183	0.21833	0.20196
843	0.36117	0.30489	0.19773	0.20853	0.17208	0.21831	0.20194
844	0.3605	0.30463	0.19744	0.20832	0.17196	0.21815	0.20168
845	0.36043	0.30442	0.19724	0.20831	0.17208	0.21805	0.20165
846	0.35994	0.30416	0.19695	0.20825	0.17209	0.21791	0.2016
847	0.3596	0.30382	0.19668	0.20791	0.17213	0.21776	0.20151
848	0.35946	0.3038	0.19659	0.20798	0.17251	0.21787	0.20164
849	0.35894	0.30375	0.19638	0.20771	0.17218	0.21774	0.20136
850	0.35891	0.30365	0.19616	0.20756	0.17199	0.21765	0.20131
851	0.35832	0.30342	0.19592	0.20754	0.17155	0.21761	0.20133
852	0.35794	0.30326	0.19571	0.20744	0.17096	0.21745	0.20133
853	0.35772	0.30307	0.19558	0.20728	0.17057	0.21742	0.20123
854	0.35732	0.30291	0.19531	0.2071	0.16994	0.21732	0.20106
855	0.35726	0.30259	0.19518	0.20684	0.16911	0.21719	0.20095
856	0.35692	0.30244	0.19493	0.2067	0.1691	0.21709	0.20081
857	0.35653	0.30211	0.19461	0.20668	0.16823	0.21701	0.20081
858	0.35619	0.30166	0.19429	0.20638	0.1678	0.21698	0.20079
859	0.35585	0.3014	0.19394	0.20589	0.16742	0.21667	0.20056
860	0.35574	0.30134	0.19387	0.20557	0.16767	0.21658	0.2004
861	0.35548	0.30116	0.19374	0.2054	0.16782	0.21659	0.20036
862	0.35539	0.30072	0.19326	0.20502	0.16761	0.21645	0.20028
863	0.35498	0.30032	0.19301	0.20467	0.16797	0.21626	0.20017
864	0.35464	0.29995	0.19263	0.20438	0.16803	0.21598	0.19999
865	0.3545	0.29976	0.19252	0.20412	0.16821	0.21581	0.19982
866	0.35386	0.29937	0.19212	0.20386	0.16811	0.21565	0.19964
867	0.35358	0.29908	0.19182	0.20355	0.1682	0.21558	0.19935
868	0.35314	0.29887	0.19137	0.20348	0.1684	0.21549	0.1993
869	0.35252	0.2985	0.19095	0.20332	0.16826	0.2152	0.19901
870	0.35238	0.29812	0.19069	0.20315	0.168	0.21504	0.19889
871	0.35188	0.29788	0.19029	0.20277	0.16764	0.21482	0.19866
872	0.35128	0.29756	0.1898	0.20244	0.16694	0.21464	0.19847
873	0.35063	0.29719	0.18946	0.20198	0.16639	0.21453	0.19829
874	0.34987	0.29691	0.18906	0.20163	0.16585	0.21411	0.19806
875	0.34979	0.2968	0.18864	0.20153	0.16491	0.21391	0.19791
876	0.34924	0.29651	0.18845	0.20117	0.16482	0.21364	0.19776
877	0.34919	0.29631	0.18824	0.20092	0.1641	0.2135	0.1975
878	0.34867	0.29607	0.1882	0.20076	0.16376	0.21318	0.19739
879	0.34815	0.29572	0.18782	0.20046	0.16323	0.21292	0.19716
880	0.34796	0.29541	0.18766	0.20008	0.16345	0.21277	0.19714
881	0.34691	0.29505	0.18745	0.19968	0.16347	0.21261	0.19691
882	0.3467	0.29493	0.18728	0.19959	0.16328	0.21242	0.19687
883	0.34647	0.2946	0.18722	0.19934	0.16329	0.21236	0.19688
884	0.34605	0.29434	0.18701	0.19904	0.16339	0.21217	0.19661
885	0.3459	0.29404	0.18681	0.19894	0.16336	0.21219	0.19658
886	0.34552	0.29388	0.18671	0.19886	0.1635	0.21212	0.19654
887	0.34523	0.29372	0.18666	0.19886	0.16349	0.2121	0.19644
888	0.34488	0.2936	0.18645	0.19891	0.16369	0.21202	0.19646
889	0.34421	0.29354	0.1863	0.19866	0.16344	0.21181	0.19638
890	0.34427	0.29358	0.18638	0.19867	0.1632	0.21178	0.19637
891	0.3438	0.29346	0.18626	0.19861	0.16274	0.21169	0.19633
892	0.34369	0.29342	0.18617	0.19846	0.1622	0.21157	0.19619
893	0.34353	0.2929	0.18587	0.19826	0.16172	0.21163	0.19622
894	0.34302	0.29284	0.18575	0.19806	0.16139	0.21147	0.19611
895	0.34302	0.29255	0.18555	0.19802	0.16068	0.21152	0.19612
896	0.34261	0.29244	0.18533	0.19783	0.16064	0.21152	0.19611
897	0.34212	0.29222	0.18511	0.19759	0.15987	0.2114	0.19601
898	0.34197	0.29187	0.18486	0.19743	0.15947	0.2113	0.19598
899	0.34173	0.29146	0.18468	0.19705	0.15893	0.21104	0.19587
900	0.34166	0.29115	0.18443	0.19685	0.1592	0.211	0.19579
901	0.34134	0.29087	0.18407	0.19656	0.15925	0.21092	0.19573
902	0.34086	0.29081	0.18387	0.19642	0.15914	0.21076	0.19561
903	0.34064	0.2902	0.18353	0.19634	0.15948	0.2107	0.19559
904	0.34009	0.28989	0.18316	0.19617	0.15935	0.21052	0.19538
905	0.34003	0.28961	0.18286	0.19593	0.15947	0.2103	0.19527
906	0.33928	0.28925	0.18252	0.19563	0.15959	0.21017	0.19508
907	0.33872	0.289	0.18232	0.19542	0.15961	0.20983	0.19482
908	0.33865	0.28864	0.18215	0.19531	0.15988	0.20972	0.19471
909	0.33805	0.28819	0.18179	0.19493	0.15958	0.2094	0.19446
910	0.33788	0.28808	0.18161	0.19473	0.1593	0.20933	0.19433
911	0.33735	0.28789	0.18127	0.19455	0.15896	0.20915	0.19414
912	0.33685	0.28774	0.18105	0.19427	0.15839	0.20893	0.19385
913	0.33615	0.28741	0.18076	0.19408	0.15785	0.20881	0.19372
914	0.33559	0.2871	0.18029	0.19381	0.1575	0.20858	0.19343
915	0.33523	0.28699	0.1802	0.19372	0.15678	0.20842	0.19336
916	0.33427	0.28682	0.17993	0.19356	0.15704	0.20822	0.19323
917	0.33387	0.28669	0.17959	0.19333	0.15626	0.20798	0.19288
918	0.3334	0.28652	0.17917	0.19315	0.156	0.20789	0.1928
919	0.33258	0.28627	0.17891	0.19291	0.15554	0.20766	0.19257
920	0.33263	0.28615	0.17881	0.19277	0.15572	0.20766	0.19255
921	0.33237	0.28589	0.17875	0.19261	0.15559	0.20757	0.1925
922	0.33193	0.28573	0.17854	0.19233	0.1554	0.20738	0.19235
923	0.33179	0.28519	0.17852	0.19221	0.1557	0.20733	0.19232
924	0.33126	0.28498	0.17833	0.19184	0.15567	0.20722	0.19214
925	0.33137	0.2848	0.17824	0.19185	0.15574	0.20725	0.19217
926	0.33107	0.28468	0.17807	0.1917	0.15579	0.20718	0.19215
927	0.33082	0.28438	0.1779	0.19166	0.15574	0.20696	0.19203
928	0.3306	0.28394	0.17764	0.19164	0.15597	0.20704	0.19214
929	0.32992	0.28375	0.17746	0.19149	0.15567	0.20679	0.19196
930	0.32996	0.28366	0.17747	0.19145	0.15544	0.20684	0.19207
931	0.32962	0.28338	0.17747	0.19131	0.15513	0.20683	0.19199
932	0.32934	0.28334	0.17734	0.19112	0.15471	0.20672	0.19187
933	0.3294	0.28316	0.17728	0.19102	0.15436	0.20666	0.19195
934	0.32906	0.28279	0.17712	0.19084	0.15419	0.20624	0.19171
935	0.32903	0.28271	0.17698	0.19078	0.15359	0.20626	0.19174
936	0.32874	0.28267	0.17686	0.19065	0.15369	0.20628	0.19167
937	0.3285	0.28269	0.17665	0.19053	0.15301	0.2061	0.1916
938	0.32849	0.28236	0.17622	0.19043	0.1527	0.20612	0.19165
939	0.32799	0.282	0.1759	0.19009	0.15237	0.20588	0.19128
940	0.32797	0.28189	0.17578	0.19009	0.1526	0.20593	0.19128
941	0.32757	0.28161	0.17564	0.18995	0.15274	0.20586	0.19126
942	0.32727	0.28146	0.17539	0.18988	0.15259	0.20572	0.19115
943	0.32682	0.28124	0.1749	0.18961	0.1531	0.20562	0.19111
944	0.32633	0.281	0.17466	0.18927	0.1529	0.2053	0.19077
945	0.32629	0.2809	0.1743	0.1892	0.15291	0.20517	0.19071
946	0.32581	0.28051	0.17418	0.18892	0.15293	0.20505	0.19059
947	0.32551	0.28042	0.17406	0.18883	0.15281	0.20489	0.19042
948	0.32526	0.28003	0.17349	0.1886	0.15281	0.20486	0.19028
949	0.32482	0.27964	0.17318	0.18832	0.1523	0.20456	0.18997
950	0.32461	0.27937	0.17307	0.18817	0.15213	0.20441	0.18976
951	0.32411	0.279	0.17287	0.18799	0.15178	0.20432	0.18962
952	0.3236	0.27866	0.1726	0.18776	0.1512	0.20406	0.18944
953	0.32323	0.27841	0.17249	0.18737	0.15076	0.20409	0.18938
954	0.32274	0.27809	0.17202	0.18701	0.15039	0.20367	0.18904
955	0.32271	0.27798	0.1718	0.1868	0.14977	0.20363	0.18879
956	0.32213	0.27783	0.17163	0.1867	0.14981	0.20357	0.18865
957	0.32176	0.27744	0.1714	0.18642	0.14911	0.20328	0.18838
958	0.32164	0.27712	0.17124	0.18613	0.14891	0.20329	0.18831
959	0.32085	0.27682	0.17095	0.18591	0.14848	0.20302	0.18807
960	0.32077	0.27658	0.1709	0.18574	0.14898	0.20307	0.18799
961	0.32043	0.27656	0.17087	0.1857	0.14908	0.2031	0.18792
962	0.31999	0.2764	0.17058	0.18559	0.14886	0.20294	0.18783
963	0.32	0.27622	0.17049	0.18563	0.14911	0.20297	0.18789
964	0.31959	0.27586	0.17016	0.18535	0.14902	0.2027	0.18764
965	0.31973	0.27587	0.17015	0.18554	0.14899	0.20283	0.18775
966	0.31907	0.27566	0.16998	0.18542	0.14904	0.20278	0.18778
967	0.31894	0.27556	0.16972	0.18533	0.14864	0.20268	0.1876
968	0.31887	0.27513	0.16962	0.18519	0.14867	0.20271	0.18764
969	0.31818	0.27472	0.16928	0.18499	0.14825	0.20252	0.18751
970	0.31837	0.2748	0.1694	0.18507	0.14802	0.2026	0.1877
971	0.31817	0.27474	0.16927	0.18506	0.14776	0.20263	0.18776
972	0.31771	0.27465	0.16892	0.18488	0.14722	0.2025	0.18754
973	0.3175	0.27442	0.16881	0.18486	0.14692	0.20257	0.18756
974	0.31723	0.27427	0.16862	0.18463	0.14658	0.2024	0.18739
975	0.31724	0.27402	0.16837	0.1844	0.14584	0.20235	0.1873
976	0.31701	0.27379	0.16828	0.18424	0.14602	0.20226	0.18719
977	0.31663	0.27365	0.16801	0.18392	0.14537	0.20192	0.18695
978	0.31639	0.27295	0.16784	0.18373	0.1452	0.20196	0.18692
979	0.3155	0.27249	0.16752	0.18355	0.14465	0.20177	0.18673
980	0.31523	0.27213	0.16727	0.18348	0.14507	0.20159	0.18645
981	0.31483	0.27205	0.1671	0.18329	0.14505	0.20155	0.18641
982	0.31438	0.27164	0.16666	0.18284	0.14498	0.20129	0.18606
983	0.31435	0.27122	0.16659	0.18279	0.14536	0.20124	0.18615
984	0.31383	0.27081	0.1663	0.18233	0.14524	0.20103	0.18591
985	0.31345	0.27047	0.1661	0.18202	0.14514	0.20088	0.18564
986	0.31321	0.27012	0.16593	0.18185	0.14521	0.20081	0.18553
987	0.31284	0.26969	0.16575	0.18162	0.14505	0.20049	0.18521
988	0.31252	0.26967	0.16548	0.18141	0.14522	0.20045	0.18517
989	0.312	0.2694	0.16517	0.18113	0.14471	0.20016	0.185
990	0.31178	0.26907	0.16505	0.18092	0.14436	0.20012	0.18476
991	0.31153	0.26892	0.16492	0.18073	0.14403	0.20003	0.18463
992	0.31088	0.26863	0.16461	0.18052	0.14336	0.19975	0.18439
993	0.31078	0.26856	0.1644	0.18051	0.14295	0.19974	0.18442
994	0.31025	0.26834	0.16423	0.18031	0.14262	0.19958	0.18426
995	0.31005	0.26812	0.16424	0.18031	0.14189	0.19964	0.18425
996	0.31002	0.26805	0.16421	0.18021	0.14205	0.19951	0.18426
997	0.30967	0.2679	0.16403	0.18012	0.14143	0.19935	0.18411
998	0.3097	0.26781	0.16402	0.18025	0.14123	0.19953	0.18418
999	0.30909	0.26755	0.16377	0.18002	0.14093	0.19938	0.18409
